25 0.0 0.0 0.0
26 0.0 0.0 0.0
27 0.0 0.0 0.0
28 0.0 0.0 0.0
29 0.0 0.0 0.0
30 0.25990994680199087 1.3297255492157243e-05 0.0021304094000163185
31 0.85593094604040754 9.2434063621302362e-05 0.0070158274265607178
32 1.6918836826168342 0.00029950648531770101 0.013867899037842904
33 2.7240886948327003 0.00069162955798507668 0.022328595859284428
34 3.9206486028521912 0.0013158392312750441 0.032136463957804846
35 5.2500433445438057 0.0022003362776675892 0.043033142168391852
36 6.6676527863202475 0.0033334768765286146 0.05465289169114957
37 8.1030876317319027 0.0046396673049150187 0.066418751079769689
38 9.4633883160477197 0.0059831607627022498 0.077568756688915733
39 10.657877928701591 0.0072141057162048361 0.087359655153291735
40 11.627813169115283 0.0082255261637464785 0.095309944009141667
41 12.359390974613287 0.00897979580165322 0.10130648339846957
42 12.87596005254621 0.009497236008790811 0.10554065616841156
43 13.220327301811478 0.0098277857097427701 0.10836333853943834
44 13.438718572378994 0.010026339647716478 0.11015343092113929
45 13.571285789707623 0.010139267116702454 0.11124004745661986
46 13.648672371774301 0.01020034595927964 0.11187436370306804
47 13.692268547301724 0.010231827628587821 0.11223170940411249
48 13.716032911201864 0.010247291046813897 0.11242649927214643
49 13.728592568858231 0.010254513615542266 0.1125294472857232
50 13.735038859515427 0.010257705443437733 0.11258228573373301
51 13.738256388141957 0.010259027237388458 0.11260865891919637
52 13.739820058213443 0.010259530580451818 0.11262147588699543
53 13.740560797477452 0.010259699648297989 0.11262754752030699
54 13.740903202945999 0.010259744047277558 0.11263035412250819
55 13.741057800945402 0.010259748084429752 0.11263162131922461
56 13.741126048610147 0.010259742414691957 0.11263218072631268
57 13.741155529940217 0.010259736599563416 0.11263242237655915
58 13.741168004540821 0.010259732642575905 0.11263252462738378
59 13.741173173324947 0.010259730443708141 0.11263256699446678
60 13.741175284033668 0.010259729273694389 0.11263258429535793
61 13.741176131308393 0.01025972862857864 0.11263259124023273
62 13.741176462317084 0.010259728310108029 0.11263259395341872
63 13.741176588656678 0.010259728160502624 0.11263259498898917
64 13.74117663580169 0.010259728092385243 0.11263259537542368
65 13.741176652989781 0.01025972806283856 0.11263259551630968
66 13.741176659120315 0.010259728050696516 0.11263259556655995
67 13.741176661244959 0.010259728045603466 0.11263259558397506
68 13.741176661244959 0.010259728045603466 0.11263259558397506
69 13.741176661244959 0.010259728045603466 0.11263259558397506
70 13.741176661244959 0.010259728045603466 0.11263259558397506
71 13.741176661244959 0.010259728045603466 0.11263259558397506
72 13.741176661244959 0.010259728045603466 0.11263259558397506
73 13.741176661244959 0.010259728045603466 0.11263259558397506
74 13.741176661244959 0.010259728045603466 0.11263259558397506
75 13.741176661244959 0.010259728045603466 0.11263259558397506
76 13.741176661244959 0.010259728045603466 0.11263259558397506
77 13.741176661244959 0.010259728045603466 0.11263259558397506
78 13.741176661244959 0.010259728045603466 0.11263259558397506
79 13.741176661244959 0.010259728045603466 0.11263259558397506
80 13.741176661244959 0.010259728045603466 0.11263259558397506
81 13.741176661244959 0.010259728045603466 0.11263259558397506
82 13.741176661244959 0.010259728045603466 0.11263259558397506
83 13.741176661244959 0.010259728045603466 0.11263259558397506
84 13.741176661244959 0.010259728045603466 0.11263259558397506
85 13.741176661244959 0.010259728045603466 0.11263259558397506
86 13.741176661244959 0.010259728045603466 0.11263259558397506
87 13.741176661244959 0.010259728045603466 0.11263259558397506
88 13.741176661244959 0.010259728045603466 0.11263259558397506
89 13.741176661244959 0.010259728045603466 0.11263259558397506
90 13.741176661244205 0.010259728045602897 0.1126325955839689
91 13.741176661244959 0.010259728045603466 0.11263259558397506
92 13.741176661244959 0.010259728045603466 0.11263259558397506
93 13.741176661244959 0.010259728045603466 0.11263259558397506
94 13.741176661244959 0.010259728045603466 0.11263259558397506
95 13.741176661244959 0.010259728045603466 0.11263259558397506
96 13.741176661244959 0.010259728045603466 0.11263259558397506
97 13.741176661244959 0.010259728045603466 0.11263259558397506
98 13.741176661244959 0.010259728045603466 0.11263259558397506
99 13.741176661244959 0.010259728045603466 0.11263259558397506
100 11.747558847869728 0.0093410731047579437 0.096291465966145309
101 10.033925503379413 0.0083587815318019974 0.082245291011306662
102 8.5683287419463419 0.0073871936729728877 0.070232202802838872
103 7.3204556878497229 0.0064714487849639492 0.060003735146309203
104 6.2618689914861312 0.0056358578236411624 0.051326795012181403
105 5.3663198687962925 0.0048905024669951965 0.0439862284327565
106 4.6100202057276061 0.00423624235670827 0.037787050866619723
107 3.9718026354628693 0.0036683975596973912 0.032555759307072697
108 3.4331455425424027 0.0031793392552140151 0.02814053723395412
109 2.9780762583488678 0.0027602189958945774 0.024410461134007112
110 2.592984721354016 0.0024020503213538018 0.021253973125852591
111 2.2663837451061832 0.0020963315862495314 0.018576915943493304
112 1.9886475644891362 0.0018353606365984646 0.016300389872861771
113 1.7517519276388278 0.0016123538373087735 0.014358622357695311
114 1.5490307456059846 0.0014214490701957346 0.012696973324639219
115 1.3749572925837716 0.0012576455049169151 0.011270141742489932
116 1.2249532465902424 0.0011167139591530403 0.010040600381887232
117 1.095225371736096 0.00099509792104725703 0.0089772571453778354
118 0.98262800793076932 0.00088981673602247634 0.0080543279338587646
119 0.884548522795645 0.00079837671746172268 0.0072503977278331553
120 0.79881263091258126 0.00071869261586606447 0.0065476445156768953
121 0.72360655322127276 0.00064901993415405058 0.0059312012559120716
122 0.65741322660708557 0.00058789752426104602 0.005388633004976111
123 0.59896015053292972 0.00053409947958470757 0.0049095094305977843
124 0.54717676235670865 0.00048659507698608194 0.00448505542915335
125 0.50115961069291071 0.00044451567401386418 0.0041078656614173007
126 0.4601438694051444 0.00040712712711411526 0.0037716710606979049
127 0.42348002363385567 0.00037380748963520356 0.0034711477347037349
128 0.39061473277915593 0.00034402816431223159 0.0032017601047471798
129 0.36107510543167154 0.00031733863302977103 0.0029596320117350125
130 0.33445574780129261 0.00029335378240843692 0.0027414405557483002
131 0.31040806174454699 0.00027174343210853934 0.0025443283749553031
132 0.28863138506990199 0.0002522236601875827 0.0023658310251631312
133 0.26886563492176757 0.00023454960695450699 0.0022038166796866194
134 0.25088518163174328 0.00021850949339642854 0.0020564359150142893
135 0.23449373418981825 0.00020391963281230424 0.0019220797884411333
136 0.2195200544013747 0.00019062025472517443 0.0017993447082079895
137 0.2058143632608683 0.00017847202697785953 0.0016870029775481008
138 0.19324530973474055 0.00016735310620350489 0.0015839779486454143
139 0.18169741292996641 0.00015715667024777266 0.0014893230568030034
140 0.17106889382752097 0.0001477888320602882 0.0014022040477665652
141 0.16126983760439584 0.00013916686960462041 0.0013218839147901298
142 0.15222062627218397 0.00013121772258023896 0.0012477100514113439
143 0.14385060022147719 0.00012387671631207235 0.0011791032805039115
144 0.13609691494416701 0.00011708646891176486 0.0011155484831489098
145 0.12890355715156973 0.00011079595796971115 0.00105658653402926
146 0.12222053193545018 0.00010495973139693012 0.0010018076388151654
147 0.11600300396817519 9.9537163748704069e-05 0.00095084429482110812
148 0.1102109459981111 9.44918505371326e-05 0.00090336840982058273
149 0.10480812827706593 8.9791435530275115e-05 0.00085908301866447477
150 0.099762194545944038 8.5406571103919867e-05 0.00081772290611429536
151 0.095043936780747088 8.1310888409582194e-05 0.00077904866213727119
152 0.09062682760790837 7.748078333603369e-05 0.00074284284924515062
153 0.086487060618653314 7.3894743422273158e-05 0.00070891033293978131
154 0.082602903015068146 7.05334753259679e-05 0.00067707297553334543
155 0.078954771285310574 6.7379365870113225e-05 0.00064717025643697189
156 0.075524747703565057 6.4416543568224179e-05 0.00061905530904561524
157 0.072296624693336461 6.1630494050701653e-05 0.00059259528437161037
158 0.069255541069970894 5.9008081426949379e-05 0.0005676683694259909
159 0.066388006287555895 5.6537272314143393e-05 0.0005441639859635729
160 0.063681624268845285 5.4207132059571318e-05 0.00052198052679381377
161 0.06112509386586449 5.2007634112699312e-05 0.00050102535955626627
162 0.058708052501548168 4.9929606365577204e-05 0.0004812135450946571
163 0.056420962468360106 4.7964660280519107e-05 0.00046246690547836153
164 0.054255097341366881 4.6105078242382937e-05 0.00044471391263415478
165 0.05220239824475132 4.4343785712086375e-05 0.00042788851020287969
166 0.050255471769595821 4.2674263130287123e-05 0.00041193009647209688
167 0.04840747659060559 4.1090515629857864e-05 0.00039678259500496385
168 0.046652120437667199 3.9587009642151524e-05 0.00038239442981694428
169 0.044983569694324474 3.8158642152001715e-05 0.00036871778437970882
170 0.043396446289187533 3.6800695372330247e-05 0.00035570857614088141
171 0.041885754799798149 3.550880672275291e-05 0.00034332585901473891
172 0.04044687980075503 3.42789367873515e-05 0.00033153180164553303
173 0.039075526382044722 3.3107340676549674e-05 0.00032029119985282559
174 0.037767718248067565 3.1990545794429736e-05 0.00030957146104973417
175 0.036519748593882843 3.0925324919112028e-05 0.00029934220158920363
176 0.035328179078732549 2.9908681233333035e-05 0.0002895752383502668
177 0.03418979877187292 2.8937823264916956e-05 0.00028024425222846654
178 0.033101624015719547 2.8010155296683246e-05 0.00027132478701409466
179 0.032060863715831112 2.7123254191480789e-05 0.00026279396488386155
180 0.031064920045688629 2.6274863781399556e-05 0.00025463049217777563
181 0.030111360450685878 2.546287465924213e-05 0.00024681442992365471
182 0.029197910750194275 2.4685315827126951e-05 0.00023932713729667439
183 0.028322447685942151 2.3940347638134592e-05 0.00023215121054050945
184 0.0274829768688899 2.3226244119601796e-05 0.00022527030220401557
185 0.026677635167947331 2.2541393341818931e-05 0.00021866914072087978
186 0.025904669772705807 2.1884280175249218e-05 0.00021233335879267056
187 0.025162441090255311 2.125348800950605e-05 0.00020624951713324027
188 0.024449405467890553 2.0647684037195194e-05 0.00020040496285156191
189 0.023764112355552567 2.0065616462268994e-05 0.00019478780619305383
190 0.023105200072118911 1.9506110937340859e-05 0.00018938688583704024
191 0.022471387195756764 1.8968062995906216e-05 0.00018419169832587512
192 0.021861464985260214 1.845043123319059e-05 0.00017919233594475585
193 0.021274295692189988 1.7952235980198944e-05 0.00017437947288680318
194 0.020708805687974518 1.7472553120372544e-05 0.0001697443089178239
195 0.020163985123917209 1.701051422021163e-05 0.00016527856658948533
196 0.019638877063143052 1.6565296279079173e-05 0.00016097440215691027
197 0.019132581381584576 1.6136125991436128e-05 0.00015682443755397194
198 0.018644243968944846 1.5722269446647743e-05 0.00015282167187659709
199 0.018173059883430018 1.5323035643421502e-05 0.00014895950724122967
