25 0.0 0.0 0.0
26 0.0 0.0 0.0
27 0.0 0.0 0.0
28 0.0 0.0 0.0
29 0.0 0.0 0.0
30 0.25632964156218385 8.5790605173735411e-06 0.0021360803463515319
31 0.84660445793832351 5.8476531811530564e-05 0.0070550371494860296
32 1.6796963432696075 0.00019010209258003141 0.013997469527246729
33 2.7164963300452243 0.00044510759107923561 0.022637469417043535
34 3.9295388727501215 0.00086228209873941272 0.032746157272917679
35 5.2909104253970369 0.0014689145616092862 0.044090920211641974
36 6.7569593396281862 0.0022616155492107761 0.056307994496901555
37 8.2535534100864325 0.0031852228451821874 0.068779611750720268
38 9.6794580735056908 0.0041362728872684027 0.080662150612547417
39 10.934589043577368 0.0050014574402039739 0.091121575363144733
40 11.953669180221848 0.0057029486594616392 0.099613909835182063
41 12.720834583527896 0.0062170275642315573 0.10600695486273247
42 13.260840562742359 0.0065626930930996709 0.11050700468951966
43 13.619446116796118 0.0067787984477798565 0.11349538430663432
44 13.845895667046582 0.0069057183531470263 0.11538246389205485
45 13.98273361540001 0.0069762426175876968 0.11652278012833342
46 14.062240378834472 0.0070134750764568703 0.11718533649028727
47 14.106816999847858 0.0070321821573334177 0.11755680833206548
48 14.13099746334527 0.0070411211885949808 0.11775831219454393
49 14.14371364307072 0.0070451700649277714 0.11786428035892267
50 14.150207306354837 0.0070468963156247958 0.11791839421962363
51 14.153431793587094 0.007047579759752 0.11794526494655912
52 14.154990622142375 0.0070478241149533492 0.11795825518451979
53 14.155725116835832 0.0070478977383761736 0.11796437597363194
54 14.156062781953473 0.007047912070293161 0.11796718984961227
55 14.156214392597002 0.0070479095464325648 0.11796845327164168
56 14.156280939665306 0.0070479044029447902 0.11796900783054422
57 14.156309521305223 0.0070479004406785589 0.11796924601087685
58 14.156321544463541 0.0070478980200262345 0.11796934620386285
59 14.156326497727814 0.0070478967634207967 0.11796938748106513
60 14.156328510998357 0.0070478961266683682 0.11796940425831964
61 14.156329313909064 0.0070478957840768184 0.1179694109492422
62 14.156329624392646 0.007047895614092933 0.11796941353660538
63 14.156329740901411 0.0070478955363294541 0.11796941450751176
64 14.156329783451856 0.007047895502080302 0.1179694148620988
65 14.156329798531543 0.0070478954876383379 0.11796941498776285
66 14.156329803738263 0.0070478954820030418 0.11796941503115219
67 14.156329803738263 0.0070478954820030418 0.11796941503115219
68 14.156329803738263 0.0070478954820030418 0.11796941503115219
69 14.156329803738263 0.0070478954820030418 0.11796941503115219
70 14.156329803738263 0.0070478954820030418 0.11796941503115219
71 14.156329803738263 0.0070478954820030418 0.11796941503115219
72 14.156329803738263 0.0070478954820030418 0.11796941503115219
73 14.156329803738263 0.0070478954820030418 0.11796941503115219
74 14.156329803738263 0.0070478954820030418 0.11796941503115219
75 14.156329803738263 0.0070478954820030418 0.11796941503115219
76 14.156329803738263 0.0070478954820030418 0.11796941503115219
77 14.156329803738263 0.0070478954820030418 0.11796941503115219
78 14.156329803738263 0.0070478954820030418 0.11796941503115219
79 14.156329803738263 0.0070478954820030418 0.11796941503115219
80 14.156329803738263 0.0070478954820030418 0.11796941503115219
81 14.156329803738263 0.0070478954820030418 0.11796941503115219
82 14.156329803738263 0.0070478954820030418 0.11796941503115219
83 14.156329803738263 0.0070478954820030418 0.11796941503115219
84 14.156329803738263 0.0070478954820030418 0.11796941503115219
85 14.156329803738263 0.0070478954820030418 0.11796941503115219
86 14.156329803738263 0.0070478954820030418 0.11796941503115219
87 14.156329803738263 0.0070478954820030418 0.11796941503115219
88 14.156329803738263 0.0070478954820030418 0.11796941503115219
89 14.156329803738263 0.0070478954820030418 0.11796941503115219
90 14.156329803737483 0.0070478954820026784 0.11796941503114569
91 14.156329803738263 0.0070478954820030418 0.11796941503115219
92 14.156329803738263 0.0070478954820030418 0.11796941503115219
93 14.156329803738263 0.0070478954820030418 0.11796941503115219
94 14.156329803738263 0.0070478954820030418 0.11796941503115219
95 14.156329803738263 0.0070478954820030418 0.11796941503115219
96 14.156329803738263 0.0070478954820030418 0.11796941503115219
97 14.156329803738263 0.0070478954820030418 0.11796941503115219
98 14.156329803738263 0.0070478954820030418 0.11796941503115219
99 14.156329803738263 0.0070478954820030418 0.11796941503115219
100 12.141165258590853 0.0064375263271163807 0.10117637715492377
101 10.396109732097393 0.0057714696817819447 0.086634247767478273
102 8.8945486249584427 0.0051043446140001556 0.074121238541320356
103 7.6098238788258845 0.0044706117147207828 0.063415198990215707
104 6.5158189304387539 0.0038896964664311413 0.054298491086989614
105 5.5876049171750966 0.0033703526108233039 0.046563374309792474
106 4.8020091056654737 0.0029142217024586514 0.040016742547212283
107 4.1380169509476659 0.0025185755474523711 0.034483474591230551
108 3.5769799748942837 0.0021783011257166555 0.029808166457452365
109 3.102647937186199 0.0018872467937051877 0.025855399476551657
110 2.701067565714895 0.0016390730249881563 0.022508896380957457
111 2.3603952910509745 0.0014277456820040062 0.019669960758758119
112 2.0706655075321683 0.0012477875989028286 0.017255545896101402
113 1.8235455138894889 0.0010943766664339211 0.015196212615745741
114 1.6120978147393779 0.00096335294919287111 0.013434148456161482
115 1.4305617033413975 0.00085117651022198547 0.01192134752784498
116 1.2741598135587047 0.00075486230483448743 0.01061799844632254
117 1.1389310896242999 0.00067190788083742125 0.0094910924135358319
118 1.0215891520538114 0.00060022262178938786 0.008513242933781761
119 0.91940375806204699 0.00053806296464525166 0.0076616979838503912
120 0.83010247049479324 0.00048397537171104209 0.0069175205874566102
121 0.75178961534796396 0.00043674738546248092 0.0062649134612330331
122 0.68287975496717779 0.00039536630741523186 0.0056906646247264813
123 0.62204321535748863 0.0003589847041939137 0.0051836934613124054
124 0.56816153677684167 0.00032689182144312061 0.0047346794731403475
125 0.52029104722427 0.0002984900032545918 0.0043357587268689169
126 0.47763306204383033 0.00027327529403537446 0.0039802755170319191
127 0.43950947761629744 0.00025082150324847184 0.003662578980135812
128 0.40534274333719111 0.0002307671111769823 0.0033778561944765926
129 0.37463941121812661 0.0002128045178555074 0.0031219950934843884
130 0.34697657257561837 0.00019667118670548401 0.0028914714381301529
131 0.32199066345643479 0.00018214235074658563 0.0026832555288036231
132 0.29936819090918465 0.00016902498890788897 0.0024947349242432056
133 0.27883804355362202 0.00015715283982866088 0.0023236503629468501
134 0.26016508030603946 0.0001463822646046425 0.0021680423358836623
135 0.24314478400183645 0.00013658880485571296 0.002026206533348637
136 0.22759878024114527 0.00012766431645476548 0.001896656502009544
137 0.21337108376514036 0.00011951456390518862 0.001778092364709503
138 0.20032492909489225 0.00011205721060324464 0.0016693744091241019
139 0.188340100123112 0.00010522012386958103 0.0015695008343592667
140 0.17731066529859246 9.893994947601037e-05 0.0014775888774882706
141 0.16714305947034142 9.316090138187628e-05 0.0013928588289195119
142 0.15775444727846707 8.7833738677686832e-05 0.0013146203939872257
143 0.14907132644739537 8.2914896043161015e-05 0.0012422610537282947
144 0.14102833526640413 7.8365739300362993e-05 0.0011752361272200343
145 0.13356726162823193 7.4151938246036964e-05 0.0011130605135685995
146 0.12663601753785389 7.0242894988566083e-05 0.0010553001461487824
147 0.12018810305832471 6.6611320141497747e-05 0.0010015675254860393
148 0.11418179447208061 6.3232799744849114e-05 0.00095151495393400512
149 0.10857968152241078 6.008540297888412e-05 0.00090483067935342315
150 0.1033479012090702 5.714959037024348e-05 0.00086123251007558493
151 0.09845618165739814 5.4407605013519233e-05 0.00082046818047831782
152 0.093876971155226821 5.1843592228858983e-05 0.00078230809296022351
153 0.089585499788327597 4.9443142358658994e-05 0.00074654583156939661
154 0.085559305012836054 4.7193239280983415e-05 0.0007129942084403005
155 0.081777913278595113 4.5082145820312598e-05 0.00068148261065495929
156 0.078222834247901774 4.3099151405757359e-05 0.00065185695206584806
157 0.07487714000774337 4.1234574624671005e-05 0.00062397616673119476
158 0.071725486606100994 3.9479565170019013e-05 0.000597712388384175
159 0.068753810171470683 3.7826084031877898e-05 0.00057294841809558906
160 0.065949263741539074 3.6266790543878306e-05 0.00054957719784615893
161 0.063300116308208823 3.4794966305089614e-05 0.00052750096923507358
162 0.06079561249050823 3.3404466195504802e-05 0.00050663010408756864
163 0.05842585541402575 3.2089666779488222e-05 0.00048688212845021461
164 0.056181788667040322 3.0845399794493687e-05 0.00046818157222533604
165 0.054055051063306395 2.9666923871541685e-05 0.00045045875886088661
166 0.05203797080065993 2.8549873795925438e-05 0.00043364975667216609
167 0.050123450827712905 2.7490232679041625e-05 0.00041769542356427419
168 0.04830496289747082 2.648429603740165e-05 0.00040254135747892349
169 0.046576456050913546 2.5528645227046404e-05 0.00038813713375761288
170 0.044932351280800066 2.4620122302671826e-05 0.0003744362606733339
171 0.043367467627225292 2.3755805155924265e-05 0.00036139556356021079
172 0.041877017820454852 2.2932990214615186e-05 0.00034897514850379044
173 0.040456547901680504 2.2149169496193554e-05 0.00033713789918067089
174 0.039101934001083645 2.1402019004561284e-05 0.00032584945000903038
175 0.03780933488503925 2.068937856470194e-05 0.00031507779070866042
176 0.036575177718503847 2.0009240325405336e-05 0.00030479314765419874
177 0.035396140471546614 1.9359737685831832e-05 0.00029496783726288845
178 0.034269125030269007 1.8739132032216907e-05 0.0002855760419189084
179 0.033191243668699112 1.814580391895606e-05 0.00027659369723915926
180 0.032159797095359627 1.7578240984968885e-05 0.00026799830912799689
181 0.031172263881861628 1.7035031389459197e-05 0.00025976886568218025
182 0.030226291437888929 1.6514858647310068e-05 0.00025188576198240776
183 0.029319672206423439 1.6016488388385381e-05 0.00024433060172019533
184 0.028450343639913105 1.5538768015654026e-05 0.00023708619699927587
185 0.027616372833518775 1.5080618212879958e-05 0.00023013644027932312
186 0.026815944453283731 1.4641025793926163e-05 0.00022346620377736444
187 0.026047355072594723 1.4219040570013897e-05 0.0002170612922716227
188 0.025309008761304378 1.3813773102258736e-05 0.00021090840634420315
189 0.024599402112223966 1.3424385730802484e-05 0.00020499501760186639
190 0.023917121490027057 1.3050091240964683e-05 0.00019930934575022546
191 0.023260840096656177 1.2690151467258883e-05 0.00019384033413880148
192 0.022629305351013297 1.2343869604640125e-05 0.00018857754459177748
193 0.022021337182245047 1.2010589525893295e-05 0.00018351114318537539
194 0.021435826143784985 1.1689694948609958e-05 0.00017863188453154155
195 0.020871721830956511 1.1380602283765512e-05 0.00017393101525797094
196 0.020328035617986257 1.1082762822028644e-05 0.00016940029681655216
197 0.01980383294017006 1.0795658005688315e-05 0.00016503194116808384
198 0.019298231567568856 1.0518798625712218e-05 0.00016081859639640713
199 0.018810395627238533 1.0251721171242511e-05 0.00015675329689365445
