25 0.0 0.0 0.0
26 0.0 0.0 0.0
27 0.0 0.0 0.0
28 0.0 0.0 0.0
29 0.0 0.0 0.0
30 0.020379301434368072 1.8902783975312565e-07 0.00014984780466447111
31 0.067467782579111013 1.2970778949427668e-06 0.00049608663661111036
32 0.13426344671894469 4.2970372220253206e-06 0.00098723122587459321
33 0.21792729671259992 1.033866147994272e-05 0.0016024065934749994
34 0.31665003649796258 2.0696388249888436e-05 0.0023283090918967838
35 0.42909689794725325 3.6697166509024767e-05 0.0031551242496121561
36 0.55420097825983416 5.9655789599531711e-05 0.0040750071930870163
37 0.6910648024082624 9.0832862939563191e-05 0.0050813588412372233
38 0.83890638242180249 0.00013141381856555796 0.0061684292825132537
39 0.99702680665434218 0.00018250145605477812 0.0073310794606936923
40 1.1647894452886716 0.00024511535995907699 0.008564628274181408
41 1.3416059362528061 0.00032019414041240495 0.0098647495312706324
42 1.5269263729631666 0.00040859851895934835 0.011227399801199755
43 1.7202322223049862 0.00051111447144014442 0.012648766340477839
44 1.9210310864809557 0.00062845618216235638 0.01412522857706585
45 2.1288527503042673 0.00076126876150680396 0.015653329046354907
46 2.3432461490951888 0.00091013075065655307 0.017229751096288153
47 2.563777011096561 0.0010755564347133637 0.018851301552180594
48 2.7900260026142507 0.0012579979902217415 0.020514897078045963
49 3.0215872567322632 0.0014578474924882123 0.022217553358325464
50 3.2580671964946801 0.0016754387934773841 0.023956376444813826
51 3.4990835868713348 0.0019110492987396226 0.02572855578581864
52 3.7442647687023789 0.0021649016676645689 0.027531358593399845
53 3.9932490371361014 0.0024371654357825336 0.029362125273059567
54 4.2456841359574735 0.0027279585639515651 0.031218265705569657
55 4.5012268447487385 0.0030373489866046951 0.033097256211387781
56 4.7595426412000759 0.0033653560740889276 0.034996637067647614
57 5.0203054195252426 0.0037119521256881172 0.036914010437685607
58 5.2831972464588839 0.0040770637347005301 0.03884703857690356
59 5.5479081213361177 0.0044605730484480969 0.040793442068647927
60 5.8141356794142522 0.0048623187245638777 0.042750997642751858
61 6.0815847269278764 0.0052820962163397291 0.044717534756822622
62 6.3499664000392686 0.0057196566596098225 0.046690929412053446
63 6.6189965998171916 0.0061747030998364223 0.048669092645714646
64 6.8883931579956039 0.0066468821093946572 0.050649949691144149
65 7.1578709849053892 0.0071357677775274455 0.052631404300774919
66 7.4271342653960639 0.0076408345793802538 0.054611281363206352
67 7.6958647592014504 0.0081614150131957552 0.056587240876481253
68 7.9637054981072213 0.0086966389384567876 0.058556658074317806
69 8.2302398285931435 0.0092453536630433091 0.060516469327890759
70 8.4949668108053871 0.0098060280871862977 0.062462991255921967
71 8.7572753846048812 0.010376649833845323 0.064391730769153541
72 9.0164211590226824 0.010954630476842189 0.066297214404578544
73 9.2715107566356121 0.011536738812411632 0.06817287321055597
74 9.5214988897160584 0.012119083797659882 0.070011021247912197
75 9.7652024238674642 0.012697165294156966 0.071802958999025474
76 10.001333543377504 0.013266002181461237 0.073539217230716936
77 10.228551103398619 0.013820334400654664 0.075209934583813379
78 10.445525976047833 0.014354881689280447 0.076805338059175235
79 10.651013478440769 0.014864630116823398 0.078316275576770358
80 10.843924489971133 0.015345111570141465 0.079734738896846569
81 11.023386977918399 0.015792642355716358 0.081054316014105871
82 11.188791269702609 0.016204494609356506 0.082270524041930942
83 11.339815068917099 0.016578985949588683 0.083380993153802208
84 11.476427250959098 0.01691548566699802 0.084385494492346308
85 11.598872242302214 0.017214346932718238 0.085285825311045685
86 11.707638821333916 0.01747678214273081 0.086085579568631734
87 11.803418270586175 0.01770470200871542 0.086789840224898343
88 11.887056999337581 0.017900538742942375 0.087404830877482215
89 11.959508231247362 0.018067070762831556 0.087937560523877661
90 12.02178643292276 0.018207261984285645 0.088395488477373232
91 12.074926988387743 0.018324123917531122 0.088786227855792224
92 12.119952593047039 0.018420604755092416 0.089117298478287046
93 12.157846887178909 0.018499505955082571 0.089395932993962562
94 12.189535158806425 0.018563424582159246 0.089628934991223708
95 12.215871473171788 0.018614718080084254 0.089822584361557267
96 12.237631321293341 0.018655487619113276 0.089982583244803974
97 12.255508767557112 0.018687575841356153 0.090114035055567004
98 12.270117091025808 0.018712575274112898 0.090221449198719175
99 12.281991987890274 0.018731844047696521 0.090308764616840245
100 12.291596531862737 0.018746526152954756 0.090379386263696598
101 12.299327222469294 0.018757574052157385 0.090436229576980109
102 12.305520588957954 0.01876577198780684 0.09048176903645555
103 12.310459945463037 0.018771758793232084 0.090518087834287039
104 12.314382001225386 0.018776049395323149 0.09054692647959843
105 12.31748310302825 0.01877905457411113 0.09056972869873714
106 12.319925086650299 0.018781098447961976 0.090587684460663967
107 12.321840444505122 0.018782434097276344 0.090601767974302375
108 12.323336993759352 0.018783256915843653 0.09061277201293641
109 12.324501982503001 0.018783715958355214 0.090621338106639721
110 12.325405623067459 0.018783923469762622 0.090627982522554842
111 12.326104125638439 0.018783962781423063 0.090633118570870877
112 12.326642259930324 0.018783894773867951 0.090637075440664142
113 12.327055511673585 0.018783763086035341 0.090640114056423415
114 12.327371881339428 0.018783598298062462 0.090642440303966385
115 12.327613360884319 0.018783421227157097 0.090644215888855295
116 12.327797151906051 0.01878324550471468 0.090645567293426849
117 12.327936652393769 0.018783079562891873 0.090646593032307127
118 12.328042257717046 0.01878292815251896 0.090647369542037101
119 12.328122002780152 0.018782793481530256 0.09064795590279523
120 12.32818207566806 0.018782676059819342 0.090648397615206322
121 12.328227225596011 0.018782575314067032 0.090648729599970668
122 12.328261085540001 0.018782490028879974 0.090648978570147073
123 12.328286425790788 0.01878241865352263 0.090649164895520495
124 12.328305357848997 0.018782359561632721 0.090649304101830863
125 12.328319464389169 0.018782310947441268 0.090649407826390957
126 12.328329964753681 0.018782271365961396 0.090649485034953542
127 12.328337762646017 0.018782239302530888 0.090649542372397182
128 12.328343546846799 0.018782213533798948 0.090649584903285285
129 12.328347831203123 0.018782192956429487 0.090649616405905312
130 12.328351000283392 0.018782176620527141 0.09064963970796612
131 12.32835334183032 0.018782163717034311 0.090649656925222949
132 12.328355068263877 0.01878215355070359 0.090649669619587328
133 12.32835634007373 0.018782145586592185 0.090649678971130368
134 12.328357274931081 0.018782139366005788 0.090649685845081485
135 12.328357963056323 0.018782134544801717 0.0906496909048259
136 12.328358467434262 0.018782130806977441 0.090649694613487222
137 12.328358836847064 0.01878212792287556 0.09064969732975782
138 12.32835910718598 0.018782125706810662 0.090649699317543964
139 12.328359304821941 0.01878212401031883 0.090649700770749561
140 12.32835944906401 0.018782122715587424 0.090649701831353013
141 12.328359554148518 0.018782121730505235 0.090649702604033225
142 12.328359630580438 0.018782120983441709 0.09064970316603263
143 12.328359686102626 0.018782120418799064 0.090649703574284021
144 12.328359726393579 0.018782119993461705 0.090649703870541026
145 12.328359755590204 0.018782119674063218 0.090649704085222091
146 12.328359776783152 0.018782119435105278 0.090649704241052592
147 12.328359792090698 0.018782119256665071 0.090649704353608071
148 12.328359803137307 0.018782119123839078 0.090649704434833139
149 12.328359811091145 0.018782119025254184 0.090649704493317246
150 11.881982307234548 0.018434092318286487 0.08736751696495991
151 11.452548687008621 0.018073739267710269 0.084209916816239863
152 11.039396862133302 0.017703543540854568 0.081172035750980157
153 10.641904802535034 0.017325760193067953 0.078249300018639958
154 10.259478449112331 0.016942396666046401 0.075437341537590671
155 9.8915477288009654 0.016555234947152105 0.072731968594124743
156 9.5375647179240399 0.016165856317582852 0.070129152337676762
157 9.1970024363765877 0.015775663018818272 0.067625017914533736
158 8.8693538680314212 0.015385896845869742 0.065215837264936918
159 8.554131085201055 0.014997655374487598 0.062898022685301869
160 8.2508644411751835 0.014611906239336498 0.060668120890993993
161 7.9591018140868997 0.014229499830103904 0.058522807456521324
162 7.6784078945912224 0.013851180636969392 0.056458881577876638
163 7.4083635127453134 0.013477597424684079 0.054473261123127302
164 7.148565000432388 0.013109312384808572 0.052562977944355792
165 6.8986235864627456 0.012746809390462568 0.050725173429873129
166 6.658164821965328 0.012390501457588176 0.048957094279156822
167 6.4268280339883797 0.012040737501822871 0.047256088485208673
168 6.2042658053570747 0.011697808470115756 0.045619601509978493
169 5.9901434791486698 0.01136195291277153 0.044045172640799046
170 5.7841386860263553 0.011033362060752089 0.042530431514899672
171 5.5859408932864367 0.010712184448525593 0.041073094803576737
172 5.3952509742142789 0.010398530133822236 0.039670963045693231
173 5.2117807961733194 0.010092474558493852 0.038321917618921467
174 5.0352528265672394 0.0097940620771284036 0.037023917842406169
175 4.8653997562714393 0.009503309176687208 0.035774998207878231
176 4.7019641375974839 0.0092202074483852016 0.03457326571762856
177 4.5446980376001722 0.0089447262861019217 0.033416897335295383
178 4.3933627057417688 0.008676815371242548 0.032304137542218891
179 4.2477282540398926 0.0084164069469176237 0.031233295985587446
180 4.1075733495874438 0.0081634179013786341 0.030202745217554734
181 3.9726849189249682 0.0079177516757620043 0.029210918521507118
182 3.842857863023907 0.007679300008454867 0.028256307816352258
183 3.7178947825121957 0.0074479445371459715 0.027337461636119085
184 3.5976057127787593 0.0072235582550972382 0.026452983182196761
185 3.4818078679747164 0.0070060068454903509 0.025601528440990562
186 3.370325393887283 0.0067951498936111143 0.024781804366818257
187 3.2629891286237518 0.0065908419978999563 0.023992567122233469
188 3.1596363716449325 0.0063929337652439567 0.02323262037974215
189 3.0601106594459 0.0062012727319645747 0.022500813672396324
190 2.9642615489326456 0.0060157041809252706 0.021796040800975334
191 2.8719444071083267 0.0058360718877838039 0.021117238287561225
192 2.7830202073676547 0.0056622187896747528 0.020463383877703342
193 2.6973553319041206 0.0054939875858452808 0.019833495087530299
194 2.6148213792932991 0.0053312212810881516 0.019226627788921317
195 2.535294981423152 0.0051737636349195671 0.01864187486340553
196 2.4586576196642782 0.0050214596250887219 0.018078364850472633
197 2.3847954520468067 0.0048741557991575377 0.017535260676814754
198 2.313599142561396 0.0047317006054888814 0.017011758401186735
199 2.2449636969329747 0.0045939446750481614 0.016507086006860107
200 2.1787883026698625 0.0044607410682031435 0.016020502225513693
201 2.1149761743798643 0.0043319454880803906 0.015551295399851943
202 2.0534344040026986 0.0042074164590030381 0.015098782382372784
203 1.9940738143768866 0.0040870154709616953 0.014662307458653578
204 1.9368088190391526 0.003970607104206954 0.014241241316464356
205 1.8815572850247102 0.0038580591247637454 0.013834980036946399
206 1.8282404009332029 0.003749242559631002 0.013442944124508846
207 1.7767825488110025 0.0036440317521204751 0.013064577564786782
208 1.7271111802337247 0.0035423043984358854 0.01269934691348327
209 1.6791566908236042 0.003443941527546675 0.012346740373702971
210 1.6328523265962378 0.0033488276710181512 0.012006267107325278
211 1.5881340397235508 0.0032568506143638605 0.011677456174437873
212 1.544940401192771 0.0031679015380915907 0.011359855891123316
213 1.5032124876853459 0.00308187492326092 0.011053032997686367
214 1.4628937962381774 0.0029986686322576121 0.010756572031163069
215 1.4239301242332769 0.0029181836882882801 0.010470074442891742
216 1.3862694906774038 0.0028403243432108026 0.010193158019686793
217 1.3498620400577181 0.0027649979739618278 0.0099254561768949857
218 1.314659964463309 0.0026921150971015236 0.0096666173857596245
219 1.2806174063066784 0.002621589190174846 0.0094163044581373409
220 1.2476903866601259 0.0025533367010942103 0.0091741940195597498
221 1.2158367255221982 0.0024872769586523277 0.0089399759229573401
222 1.18501596657749 0.0024233320916055077 0.00871335269542272
223 1.155189308185562 0.0023614269899967671 0.0084940390307761907
224 1.1263195302853313 0.0023014891711253837 0.0082817612520980233
225 1.0983709316602739 0.0022434487640997421 0.0080762568504431902
226 1.0713092645231939 0.0021872383889618902 0.0078772740038470131
227 1.0451016742316144 0.0021327931056914331 0.0076845711340559879
228 1.0197166411040424 0.0020800503316442151 0.0074979164787061939
229 0.99512392196129584 0.0020289497720624538 0.0073170876614801162
230 0.9712944996898808 0.0019794333381252206 0.0071418713212491238
231 0.94820053010162697 0.0019314450809877889 0.0069720627213354924
232 0.92581528918099854 0.0018849311147982645 0.006807465361624989
233 0.9041131313950046 0.0018398395519451825 0.0066478906720220925
234 0.88306944143458277 0.0017961204331036981 0.0064931576576072259
235 0.86266058668259094 0.0017537256506366056 0.0063430925491366977
236 0.84286388295082415 0.0017126088978426462 0.0061975285511090012
237 0.82365755073806446 0.0016727255980727564 0.0060563055201328271
238 0.80502067270320987 0.0016340328310594928 0.0059192696522294844
239 0.78693316681868264 0.0015964892965632618 0.0057862732854314898
240 0.76937573980376972 0.0015600552261584896 0.0056571745573806599
241 0.7523298636555279 0.0015246923522597238 0.0055318372327612343
242 0.73577773920894107 0.0014903638414518572 0.005410130435359861
243 0.71970226083921141 0.0014570342279622932 0.005291928388523613
244 0.70408699586090506 0.001424669386053363 0.0051771102636831252
245 0.68891615208690149 0.0013932364676691625 0.0050655599418154519
246 0.67417454624426165 0.0013627038407647591 0.0049571657812078063
247 0.65984758725147208 0.0013330410677207659 0.0048518204944961183
248 0.645921246987473 0.0013042188469604042 0.0047494209337314193
249 0.63238203238929369 0.0012762089570393961 0.0046498678852153951
250 0.61921697157451661 0.0012489842389258347 0.0045530659674596812
251 0.60641358803887024 0.0012225185431395658 0.0044589234414622808
252 0.59395987566399799 0.0011967866785412701 0.0043673520269411617
253 0.58184428755109152 0.0011717643985115413 0.0042782668202286144
254 0.5700557127907635 0.0011474283522614939 0.004191586123461496
255 0.55858345443340451 0.0011237560390816191 0.0041072312825985629
256 0.54741722167499696 0.0011007258005926454 0.0040251266299632131
257 0.53654710281481555 0.0010783167595709883 0.0039451992854030553
258 0.52596355840695819 0.0010565088133872012 0.0038673791059335161
259 0.51565740238095248 0.0010352825934051226 0.0037915985469187683
260 0.50561978393870832 0.0010146194269508952 0.0037177925289610908
261 0.49584218104303202 0.00099450132904797491 0.0036458983900222943
262 0.48631638352453904 0.00097491096592420916 0.0035758557612098458
263 0.47703447706663932 0.00095583162111529838 0.0035076064490194066
264 0.46798883901345062 0.00093724719130032442 0.0034410944045106663
265 0.4591721179545033 0.00091914214027086726 0.0033762655731948772
266 0.45057723032063685 0.00090150149584192717 0.0033130678700046827
267 0.44219734632371471 0.00088431081931535571 0.0032514510759096668
268 0.43402587703623358 0.00086755617812277902 0.0031913667429134822
269 0.42605647159135768 0.00085122414268382128 0.0031327681734658651
270 0.41828300010513347 0.00083530174853650642 0.0030756102948906873
271 0.41069955154565169 0.00081977649407675459 0.003019849643718027
272 0.40330042215211093 0.00080463631557714749 0.0029654442805302273
273 0.39608010489750645 0.00078986956494362867 0.0029123537124816651
274 0.38903328769008322 0.00077546500722236174 0.0028605388800741413
275 0.38215483910746312 0.00076141178968353149 0.0028099620522607583
276 0.37543980714378122 0.00074769944008580569 0.0027605868172336854
277 0.36888340969037253 0.00073431784632633395 0.0027123780124292097
278 0.3624810258862563 0.0007212572383392948 0.0026653016609283551
279 0.35622819504113373 0.00070850818606628787 0.002619324963537748
280 0.35012060473315293 0.00069606157434677369 0.0025744162112731834
281 0.34415409076458969 0.00068390860271000083 0.0025305447850337477
282 0.33832462610899966 0.00067204076244220924 0.0024876810743308798
283 0.3326283209437505 0.0006604498360773352 0.002445796477527577
284 0.32706141239541281 0.00064912787657690849 0.002404863326436859
285 0.32162026466625393 0.00063806720655794976 0.002364854887251867
286 0.31630135962747297 0.00062726039966974222 0.0023257452913784775
287 0.31110129634486422 0.00061670027831649461 0.0022875095319475312
288 0.30601678502021185 0.00060637990132380627 0.0022501234192662638
289 0.30104464132743408 0.00059629255257768272 0.0022135635391723092
290 0.29618178621292074 0.00058643173923072849 0.0021778072515655938
291 0.29142523792248221 0.00057679117635708009 0.0021428326317829574
292 0.28677211239657635 0.0005673647860903186 0.002108618473504238
293 0.28221961584862953 0.00055814668364843835 0.0020751442341810995
294 0.27776504525813966 0.00054913117646975104 0.0020423900386627915
295 0.27340578146828676 0.00054031275145602852 0.002010336628443285
296 0.26913928961823524 0.00053168607396233763 0.0019789653648399652
297 0.26496311277327794 0.00052324597615733062 0.0019482581821564555
298 0.2608748724095753 0.00051498745605941566 0.0019181975912468772
299 0.25687226246281469 0.0005069056668786816 0.0018887666357559904
300 0.25295304980697209 0.00049899591595611826 0.0018599488956395007
301 0.24911506870630046 0.00049125365505087442 0.0018317284463698564
302 0.24535622134519591 0.00048367447929557536 0.001804089862832323
303 0.24167447296925479 0.00047625411861696202 0.0017770181835974617
304 0.23806785078287124 0.00046898843497863291 0.0017504989028152298
305 0.23453444268300686 0.00046187341821258404 0.0017245179609044622
306 0.23107239328724907 0.00045490517952800978 0.0016990617153474197
307 0.2276799029534789 0.00044807994894017177 0.0016741169334814625
308 0.224355226675645 0.00044139407119798957 0.0016496707843797426
309 0.22109667026035751 0.00043484400040355809 0.0016257108107379228
310 0.21790259079411209 0.00042842629820243403 0.0016022249323096476
311 0.21477139296968922 0.00042213762816775349 0.0015792014188947736
312 0.2117015284241891 0.00041597475367527654 0.0015566288854719787
313 0.20869149475435422 0.0004099345345001692 0.0015344962849584869
314 0.20573983252628888 0.00040401392248329347 0.0015127928862227124
315 0.20284512488336334 0.00039820995941725892 0.0014915082712012011
316 0.20000599581012912 0.00039251977365141461 0.0014706323221333024
317 0.19722110883796956 0.0003869405772630187 0.0014501552120438938
318 0.19448916569504301 0.00038146966320363475 0.0014300673948164928
319 0.19180890497458059 0.00037610440346242242 0.0014103595954013278
320 0.18917910150299294 0.00037084224476697668 0.0013910228051690658
321 0.18659856414679479 0.00036568070722641622 0.0013720482657852558
322 0.18406613541666078 0.00036061738177509958 0.0013534274662989764
323 0.18158069026121187 0.00035564992793224399 0.0013351521342736168
324 0.17914113492609149 0.00035077607140093699 0.0013172142273977314
325 0.17674640604322853 0.00034599360199444502 0.0012996059267884452
326 0.174395469582313 0.00034130037161071746 0.0012823196292817132
327 0.17208732000214802 0.00033669429241279771 0.0012653479411922647
328 0.16982097925016509 0.00033217333434205215 0.0012486836709570963
329 0.16759549595101902 0.00032773552346312675 0.0012323198231692575
330 0.16540994455771096 0.0003233789404407366 0.00121624959233611
331 0.16326342455699 0.00031910171877714253 0.0012004663570366911
332 0.16115505968753047 0.00031490204302688098 0.0011849636741730182
333 0.15908399716083185 0.00031077814712205737 0.0011697352732414107
334 0.15704940696289166 0.00030672831298019567 0.0011547750511977327
335 0.15505048114002618 0.00030275086897052012 0.0011400770672060749
336 0.15308643313180714 0.00029884418841576795 0.0011256355377338761
337 0.15115649710370982 0.00029500668824389926 0.0011114448316449251
338 0.14925992733510876 0.00029123682769812911 0.0010974994656993292
339 0.1473959975834882 0.0002875331068484193 0.0010837940998785897
340 0.14556400051769947 0.00028389406550550502 0.0010703235332183785
341 0.14376324714543817 0.00028031828198049049 0.0010570826995988101
342 0.14199306625702116 0.000276804371893619 0.0010440666636545672
343 0.1402528039007892 0.00027335098706277288 0.0010312706169175677
344 0.13854182286715946 0.00026995681440325833 0.0010186898740232313
345 0.13685950219423088 0.00026662057488117464 0.001006319869075227
346 0.13520523668919754 0.00026334102248001318 0.00099415615212645244
347 0.13357843646439457 0.00026011694323567139 0.00098219438576760713
348 0.13197852648810757 0.00025694715426805291 0.00097043034182432036
349 0.13040494615307616 0.00025383050287553838 0.00095885989818438348
