25 0.0 0.0 0.0
26 0.0 0.0 0.0
27 0.0 0.0 0.0
28 0.0 0.0 0.0
29 0.0 0.0 0.0
30 0.018000396442958644 4.306556302217914e-08 0.00015000330369132204
31 0.059660276985290452 2.9965041396353161e-07 0.00049716897487742042
32 0.11890033574321449 9.9767678109762536e-07 0.00099083613119345403
33 0.19332940483533331 2.399085778572371e-06 0.0016110783736277775
34 0.28147575746773096 4.7904784999333483e-06 0.0023456313122310912
35 0.38229484710352907 8.4774329141805088e-06 0.0031857903925294087
36 0.49498528838841177 1.3780441226222693e-05 0.004124877403236765
37 0.61890074192573952 2.1031765557031745e-05 0.0051575061827144964
38 0.75350131221369532 3.0572883648664492e-05 0.006279177601780794
39 0.89832410294098841 4.2752342245663287e-05 0.0074860341911749031
40 1.0529641651695578 5.7923951007957897e-05 0.0087747013764129817
41 1.2170614693481281 7.6445159414052018e-05 0.0101421789112344
42 1.390291704599165 9.8675690548981671e-05 0.011585764204993042
43 1.5723595218943192 0.00012497631243753402 0.013102996015785993
44 1.7629934562431597 0.00015570775714773393 0.014691612135359664
45 1.9619420224981321 0.00019122976366551056 0.016349516854151102
46 2.1689706565900391 0.0002319002300184377 0.018074755471583659
47 2.3838592799327625 0.0002780744623959179 0.019865493999439689
48 2.6064003323636702 0.00033010451086382071 0.021720002769697253
49 2.8363971640999806 0.00038833858323845613 0.023636643034166505
50 3.073662705812199 0.00045312052812665937 0.025613855881768326
51 3.3180183594699497 0.00052478938224205139 0.027650152995582915
52 3.5692930634806435 0.00060367897346919671 0.029744108862338695
53 3.8273225000801783 0.00069011757589026361 0.031894354167334819
54 4.0919484169428531 0.00078442760957610962 0.034099570141190444
55 4.3630180424901921 0.00088692538073616958 0.036358483687418265
56 4.640383575962213 0.00099792085259823031 0.038669863133018442
57 4.9239017287171531 0.001117717426787254 0.041032514405976279
58 5.2134332816633462 0.001246611692501404 0.043445277347194548
59 5.5088425907764407 0.0013848930453239194 0.04590702158980367
60 5.809996888536034 0.0015328429328784351 0.048416640737800283
61 6.1167650872915722 0.0016907332570091466 0.050973042394096432
62 6.4290155281863797 0.0018588230217107197 0.053575129401553165
63 6.746611727494674 0.0020373516718805349 0.056221764395788951
64 7.069404645508893 0.0022265267034217795 0.058911705379240772
65 7.39721944682175 0.0024265022328585351 0.061643495390181248
66 7.7298343101891884 0.0026373446177326036 0.064415285918243234
67 8.0669489254806521 0.0028589814878260595 0.067224574379005433
68 8.4081412187192726 0.0030911323228913789 0.070067843489327278
69 8.7528129176554543 0.0033332224726031531 0.072940107647128785
70 9.1001277662356017 0.0035842881400176426 0.075834398051963348
71 9.4489501118861607 0.0038428864555904592 0.078741250932384668
72 9.7977951733533324 0.0041070303395512285 0.081648293111277775
73 10.144804289504375 0.0043741700518169536 0.084540035745869796
74 10.487757527683481 0.0046412399467928838 0.087397979397362338
75 10.824131626250855 0.0049047793759173499 0.090201096885423798
76 11.151203795159681 0.0051611224291545155 0.092926698292997337
77 11.466193118205176 0.0054066355292815716 0.09555160931837646
78 11.766423318310817 0.0056379712542154641 0.09805352765259015
79 12.04948613502404 0.0058523001956226695 0.10041238445853366
80 12.313384152565071 0.0060474888998145208 0.10261153460470893
81 12.556635997972624 0.0062222018019829585 0.10463863331643854
82 12.778334319929092 0.0063759209915430206 0.10648611933274243
83 12.978154300946647 0.006508890359031334 0.10815128584122206
84 13.156318382152607 0.0066220028935829699 0.10963598651793839
85 13.313527180361234 0.006716653569862333 0.11094605983634362
86 13.4508690795903 0.006794580442198106 0.11209057566325249
87 13.569720664434151 0.0068577127643275225 0.11308100553695126
88 13.671648315584964 0.0069080390878021852 0.11393040262987469
89 13.758318497074121 0.0069475022781165362 0.11465265414228434
90 13.831421427261736 0.0069779233967243864 0.11526184522718114
91 13.892610217615202 0.0070009526632751271 0.11577175181346001
92 13.943455607004104 0.0070180435689772133 0.11619546339170087
93 13.985415045247134 0.0070304450861724431 0.11654512537705945
94 14.019814143600785 0.0070392071759720386 0.11683178453000655
95 14.047838166402606 0.0070451950467850365 0.11706531805335504
96 14.070531238429066 0.0070491085162156875 0.11725442698690888
97 14.088801166564481 0.007051503456035316 0.11740667638803734
98 14.103428051412777 0.0070528138569391999 0.11752856709510648
99 14.115075193724465 0.0070533724855769697 0.11762562661437054
100 14.124301171507698 0.0070534297659206446 0.11770250976256415
101 14.131572225126918 0.0070531703502441567 0.11776310187605765
102 14.137274309276769 0.0070527272718253408 0.11781061924397308
103 14.141724480090561 0.0070521937950764751 0.11784770400075467
104 14.145181308452422 0.0070516330836175251 0.11787651090377019
105 14.147854221800213 0.0070510859692167558 0.11789878518166844
106 14.149911736516851 0.0070505770741941028 0.11791593113764041
107 14.151488603298738 0.0070501195553254173 0.11792907169415615
108 14.152691926988725 0.0070497187075480037 0.11793909939157271
109 14.153606347904322 0.0070493746310322496 0.11794671956586936
110 14.154298370311588 0.0070490842903772185 0.11795248641926323
111 14.154819981365897 0.0070488428055665905 0.11795683317804914
112 14.155211601279401 0.0070486444540396485 0.11796009667732835
113 14.155504492393785 0.0070484833160883121 0.11796253743661488
114 14.155722719354582 0.0070483537079114944 0.11796435599462152
115 14.155884717109128 0.0070482503915790511 0.1179657059759094
116 14.156004540331116 0.0070481687097702517 0.1179667045027593
117 14.156092856755595 0.007048104622957874 0.1179674404729633
118 14.156157726581721 0.0070480546968697336 0.11796798105484768
119 14.156205214170868 0.0070480160599407128 0.11796837678475723
120 14.156239862776207 0.0070479863458035386 0.11796866552313506
121 14.156265062621268 0.0070479636285472056 0.1179688755218439
122 14.156283333027583 0.0070479463576241814 0.11796902777522986
123 14.156296538909869 0.0070479332971451524 0.11796913782424891
124 14.156306055745677 0.0070479234706577569 0.11796921713121397
125 14.156312894149503 0.0070479161132071325 0.11796927411791253
126 14.156317794070576 0.0070479106299804126 0.11796931495058813
127 14.15632128912684 0.0070479067192219472 0.117969344076057
128 14.156323788651878 0.0070479037726595513 0.11796936490543232
129 14.156325569271637 0.0070479015662392799 0.11796937974393031
130 14.156326832898413 0.0070478999239118219 0.11796939027415344
131 14.156327726664948 0.0070478986998633569 0.11796939772220789
132 14.156328356025316 0.0070478978019389623 0.11796940296687763
133 14.15632879770404 0.0070478971468645934 0.11796940664753366
134 14.156329106711947 0.0070478966714202212 0.11796940922259956
135 14.156329322291647 0.0070478963280442885 0.11796941101909705
136 14.156329472241062 0.0070478960810968277 0.11796941226867551
137 14.156329576264467 0.0070478959042804571 0.11796941313553723
138 14.156329648246887 0.0070478957782625033 0.11796941373539073
139 14.156329697928225 0.0070478956887838826 0.11796941414940187
140 14.156329732137102 0.0070478956255099548 0.11796941443447585
141 14.156329755646242 0.0070478955809420447 0.11796941463038535
142 14.156329771765927 0.0070478955495532946 0.11796941476471606
143 14.15632978279152 0.0070478955277723434 0.117969414856596
144 14.156329790326897 0.0070478955124990217 0.11796941491939081
145 14.156329795464096 0.0070478955018819164 0.1179694149622008
146 14.156329798961057 0.0070478954945243366 0.11796941499134214
147 14.156329801338531 0.0070478954894396748 0.11796941501115442
148 14.156329802948104 0.0070478954859566258 0.11796941502456754
149 14.156329804035549 0.0070478954835562673 0.11796941503362958
150 13.711433823201814 0.0069428022602840605 0.11426194852668178
151 13.278833318826198 0.0068309422460311854 0.11065694432355165
152 12.858311512332497 0.0067131937852940009 0.10715259593610414
153 12.449651237708473 0.0065903762784825714 0.10374709364757061
154 12.052634919723769 0.0064632530038464748 0.1004386243310314
155 11.667044568277717 0.0063325338207498661 0.097225371402314312
156 11.292661790067626 0.0061988777630950821 0.094105514917230224
157 10.929267809551678 0.0060628954908228594 0.09107723174626399
158 10.576643528603164 0.0059251517374326827 0.088138696071693029
159 10.234569547788967 0.0057861674174770998 0.085288079564908054
160 9.9028262960347018 0.0056464220286052995 0.082523552466955849
161 9.5811940495349361 0.005506355490799795 0.079843283746124469
162 9.2694530882264026 0.0053663703485527289 0.077245442401886688
163 8.967383793354033 0.0052268336326578048 0.07472819827795027
164 8.6747667676118141 0.0050880787569911193 0.072289723063431788
165 8.39138299562455 0.0049504073125713859 0.069928191630204584
166 8.1170139785722775 0.0048140908271193097 0.067641783154768972
167 7.8514418962570574 0.004679372445168398 0.065428682468808813
168 7.5944497931797317 0.0045464686468135763 0.063287081609831097
169 7.3458217328487372 0.0044155707313691984 0.061215181107072809
170 7.1053429988482959 0.0042868464697364411 0.059211191657069132
171 6.8728002679611473 0.004160441536150636 0.057273335566342891
172 6.6479818046249797 0.0040364809859206423 0.055399848371874831
173 6.4306776497771772 0.003915070653740014 0.053588980414809813
174 6.2206798097730802 0.003796298507928723 0.051838998414775669
175 6.0177824433917566 0.0036802359565287547 0.050148187028264637
176 5.8217820462582814 0.00356693910628301 0.048514850385485676
177 5.6324776294816479 0.0034564499698934163 0.046937313579013734
178 5.4496708906703653 0.0033487976188532795 0.045413924088919713
179 5.2731663834660996 0.0032439992987150995 0.043943053195550828
180 5.1027716731599995 0.0031420614802723955 0.042523097276333327
181 4.9382974837764646 0.0030429808635178152 0.04115247903147054
182 4.7795578368608149 0.0029467453324914716 0.039829648640506789
183 4.6263701770501857 0.0028533348560123421 0.038553084808751546
184 4.4785554947417516 0.0027627223407578126 0.037321295789514597
185 4.3359384207031049 0.0026748744259123412 0.036132820172525872
186 4.1983473238189006 0.0025897522368228273 0.034986227698490836
187 4.0656143925810966 0.0025073120868458168 0.033880119938175808
188 3.9375756993419579 0.0024275061277947477 0.032813130827849653
189 3.8140712580164515 0.0023502829556558006 0.031783927150137094
190 3.694945066925504 0.0022755881713343168 0.030791208891045866
191 3.5800451415061239 0.002203364897491825 0.029833709512551033
192 3.4692235343245232 0.002133554253055875 0.028910196119371026
193 3.3623363450646786 0.0020660957864196122 0.028019469542205654
194 3.2592437194307289 0.0020009278710871633 0.027160364328589408
195 3.1598098397095256 0.0019379880623606521 0.026331748664246046
196 3.0639028666447707 0.0018772133976972737 0.025532523888706422
197 2.9713950539279494 0.0018185407966234074 0.024761625449399579
198 2.8821625036855409 0.0017619071440248622 0.024018020864046176
199 2.7960852252558035 0.0017072496392998545 0.02330071021046503
200 2.7130471716562967 0.0016545060050817187 0.022608726430469139
201 2.6329360057121098 0.0016036145993124883 0.021941133380934248
202 2.5556431292132569 0.0015545146293273495 0.02129702607677714
203 2.4810636805177353 0.0015071462553407644 0.020675530670981126
204 2.4090963225062869 0.0014614507219274605 0.02007580268755239
205 2.3396432423941915 0.0014173704634340947 0.019497027019951596
206 2.2726101189757286 0.0013748491354128778 0.018938417658131073
207 2.2079059363589879 0.001333831749132153 0.018399216136324899
208 2.145442958428124 0.0012942647003996303 0.017878691320234365
209 2.0851366741601245 0.001256095750670971 0.017376138951334372
210 2.0269056284570794 0.0012192741751232733 0.016890880237142327
211 1.97067142085191 0.001183750643891929 0.016422261840432585
212 1.916358549191914 0.0011494773582770904 0.015969654576599282
213 1.8638943540930228 0.0011164080028294629 0.01553245295077519
214 1.813208943604377 0.0010844976813839614 0.015110074530036476
215 1.7642350682572159 0.0010537030424564802 0.014701958902143465
216 1.7169080724917569 0.0010239821132269646 0.014307567270764642
217 1.6711657800125028 0.00099529441204860062 0.013926381500104191
218 1.62694842389957 0.0009676008700191561 0.013557903532496416
219 1.5841985652603898 0.00094086375232527392 0.013201654710503248
220 1.5428610017749118 0.00091504675252096165 0.012857175014790933
221 1.5028826959189536 0.00089011482544600268 0.01252402246599128
222 1.4642126926738859 0.0008660342869140612 0.012201772438949049
223 1.426802043196133 0.00084277265271938027 0.011890017026634442
224 1.3906037334900074 0.00082029872632073122 0.011588364445750062
225 1.3555726055270543 0.00079858244593251861 0.011296438379392119
226 1.3216652954425052 0.00077759496071295683 0.011013877462020876
227 1.2888401538228573 0.00075730848755247414 0.010740334615190477
228 1.2570571921664124 0.00073769637645448535 0.010475476601386769
229 1.2262780037331742 0.00071873297780248701 0.010218983364443119
230 1.1964657170990576 0.00070039369792513175 0.009970547642492146
231 1.1675849185241336 0.00068265487700872117 0.0097298743210344468
232 1.1396016117773276 0.00066549383582550101 0.0094966800981443958
233 1.1124831428827171 0.00064888876442633758 0.0092706928573559767
234 1.0861981651091259 0.00063281876063293462 0.0090516513759093826
235 1.0607165666897509 0.00061726372929152165 0.0088393047224145909
236 1.0360094405029239 0.00060220441382347013 0.008633412004191033
237 1.0120490175339523 0.00058762231156278652 0.0084337418127829362
238 0.98880862789613444 0.00057349966758698937 0.0082400718991344542
239 0.96626266316500009 0.00055981946134290445 0.0080521888597083341
240 0.94438651551070674 0.00054656533667741484 0.0078698876292558895
241 0.92315655613641612 0.00053372161953574543 0.0076929713011368011
242 0.90255007538678289 0.00052127324883452118 0.0075212506282231906
243 0.88254526407762157 0.00050920578992248516 0.0073545438673135134
244 0.86312115952972346 0.00049750537681586267 0.0071926763294143624
245 0.84425761781324182 0.00048615870334662393 0.007035480148443682
246 0.82593528639404956 0.00047515300943167243 0.0068827940532837466
247 0.80813555788091063 0.00046447603690954748 0.0067344629823409222
248 0.79084054607510568 0.00045411602043847146 0.0065903378839592139
249 0.77403306210197032 0.00044406167415353523 0.0064502755175164196
250 0.75769657303326843 0.0004343021546187622 0.0063141381086105706
251 0.74181518117231904 0.00042482705162468268 0.0061817931764359922
252 0.72637360331639789 0.00041562637568870507 0.0060531133609699828
253 0.71135713380919174 0.00040669052690193514 0.0059279761150765982
254 0.69675162840379967 0.00039801028778944166 0.0058062635700316641
255 0.6825434791373326 0.00038957680420180832 0.005687862326144438
256 0.66871959230756794 0.00038138157103686371 0.0055726632692297325
257 0.65526736719432832 0.00037341641610939212 0.0054605613932860696
258 0.64217467590886201 0.00036567348739905651 0.0053514556325738498
259 0.62942984390080059 0.00035814523842654547 0.0052452486991733382
260 0.61702163155778733 0.00035082441646752438 0.0051418469296482276
261 0.60493921619497015 0.00034370404865200616 0.0050411601349580849
262 0.59317217534947164 0.00033677743197084355 0.0049431014612455974
263 0.58171047025432587 0.00033003812038574087 0.0048475872521193822
264 0.57054443041074887 0.00032347991485560305 0.0047545369200895742
265 0.55966473863256183 0.00031709685277924642 0.0046638728219380154
266 0.54906241678388068 0.00031088319802173873 0.0045755201398656725
267 0.53872881213220858 0.00030483343154874407 0.0044894067677684049
268 0.52865558426883008 0.00029894224228458976 0.0044054632022402507
269 0.51883469260573767 0.00029320451851435334 0.0043236224383811474
270 0.50925838440489157 0.00028761533960323504 0.0042438198700407628
271 0.49991918330888152 0.000282169968064411 0.0041659931942406797
272 0.49080987837073248 0.000276863842001232 0.0040900823197561036
273 0.48192351355063712 0.00027169256787956789 0.004016029279588643
274 0.47325337765684455 0.00026665191360686184 0.0039437781471403713
275 0.46479299471594587 0.00026173780192187895 0.0038732749559662158
276 0.45653611475228439 0.00025694630407432922 0.0038044676229357032
277 0.44847670495731945 0.0002522736337787148 0.0037373058746443285
278 0.44060894123244099 0.00024771614143299833 0.0036717411769370081
279 0.43292720008892277 0.00024327030859081937 0.0036077266674076898
280 0.42542605088911145 0.00023893274267522616 0.0035452170907425955
281 0.41810024841360782 0.00023470017192223753 0.0034841687367800651
282 0.41094472574004265 0.00023056944054408265 0.0034245393811670219
283 0.40395458741976525 0.0002265375041024801 0.0033662882284980437
284 0.39712510293930997 0.00022260142508247964 0.0033093758578275831
285 0.39045170045404975 0.00021875836865772503 0.0032537641704504148
286 0.3839299607820354 0.00021500559863834177 0.0031994163398502951
287 0.37755561164654283 0.0002113404735932087 0.0031462967637211903
288 0.37132452215640671 0.00020776044313871773 0.0030943710179700558
289 0.36523269751370036 0.00020426304438649239 0.0030436058126141695
290 0.35927627393877515 0.00020084589854286021 0.0029939689494897928
291 0.35345151380313783 0.00019750670765319246 0.0029454292816928152
292 0.34775480096107148 0.00019424325148457517 0.0028979566746755955
293 0.3421826362713245 0.00019105338454054375 0.0028515219689277042
294 0.33673163330057648 0.00018793503320194352 0.0028060969441714707
295 0.33139851420077393 0.00018488619298820494 0.0027616542850064495
296 0.32618010575278122 0.00018190492593363268 0.0027181675479398437
297 0.32107333556913686 0.00017898935807353193 0.0026756111297428073
298 0.31607522844903391 0.00017613767703524301 0.0026339602370752824
299 0.311182902878953 0.00017334812972938639 0.0025931908573246084
300 0.30639356767267417 0.00017061902013683624 0.002553279730605618
301 0.30170451874467463 0.00016794870718716382 0.0025142043228722887
302 0.29711313601120287 0.00016533560272445047 0.0024759428000933571
303 0.29261688041355771 0.00016277816955662664 0.0024384740034463144
304 0.2882132910583674 0.00016027491958459897 0.0024017774254863952
305 0.28389998246988263 0.00015782441200766078 0.0023658331872490218
306 0.27967464194952657 0.00015542525160180856 0.0023306220162460549
307 0.2755350270381739 0.00015307608706776406 0.0022961252253181157
308 0.27147896307681224 0.00015077560944563216 0.0022623246923067688
309 0.26750434086144254 0.00014852255059328575 0.0022292028405120211
310 0.26360911438826229 0.00014631568172569044 0.0021967426199021858
311 0.25979129868534812 0.00014415381201252645 0.0021649274890445675
312 0.25604896772723273 0.00014203578723154955 0.0021337413977269393
313 0.25238025242891332 0.00013996048847531877 0.0021031687702409443
314 0.24878333871600636 0.00013792683090894272 0.0020731944893000532
315 0.24525646566788503 0.00013593376257668138 0.0020438038805657087
316 0.24179792373079242 0.00013398026325529385 0.0020149826977566036
317 0.23840605299805454 0.00013206534335212253 0.0019867171083171212
318 0.2350792415546312 0.00013018804284603119 0.0019589936796219265
319 0.23181592388337546 0.00012834743026934482 0.0019317993656947955
320 0.22861457933049081 0.00012654260172907661 0.0019051214944207568
321 0.2254737306277792 0.00012477267996576747 0.0018789477552314934
322 0.22239194246937419 0.00012303681344835585 0.0018532661872447849
323 0.21936782014075762 0.00012133417550357536 0.0018280651678396467
324 0.21640000819795788 0.00011966396347842128 0.0018033334016496489
325 0.21348718919491308 0.000118025397934317 0.001779059909957609
326 0.21062808245707318 0.00011641772187165678 0.0017552340204756098
327 0.20782144289939461 0.00011484019998346905 0.0017318453574949552
328 0.20506605988696699 0.00011329211793699659 0.0017088838323913917
329 0.20236075613657931 0.00011177278168204289 0.0016863396344714942
330 0.19970438665760271 0.00011028151678499157 0.0016642032221466892
331 0.19709583773065478 0.00010881766778744859 0.0016424653144221232
332 0.19453402592255858 0.00010738059758849265 0.0016211168826879882
333 0.19201789713616985 0.00010596968684959761 0.0016001491428014154
334 0.18954642569372171 0.00010458433342128377 0.001579553547447681
335 0.18711861345237843 0.00010322395179064604 0.0015593217787698203
336 0.1847334889507542 0.00010188797254890752 0.001539445741256285
337 0.18239010658520236 0.0001005758418781937 0.0015199175548766862
338 0.18008754581472969 9.9287021056772157e-05 0.0015007295484560808
339 0.17782491039343401 9.8020985982016071e-05 0.0014818742532786168
340 0.17560132762941941 9.6777226710388633e-05 0.0014633443969118284
341 0.17341594766918245 9.5555247013781909e-05 0.0014451328972431871
342 0.17126794280649812 9.4354563951559711e-05 0.0014272328567208176
343 0.16915650681487926 9.3174707457696523e-05 0.0014096375567906605
344 0.16708085430272226 9.201521994241925e-05 0.0013923404525226855
345 0.16504022009028613 9.0875655907787258e-05 0.0013753351674190512
346 0.16303385860768926 8.9755581576671909e-05 0.0013586154883974105
347 0.16106104331313742 8.8654574534616993e-05 0.0013421753609428118
348 0.15912106613062804 8.7572223384086491e-05 0.0013260088844219003
349 0.15721323690642122 8.6508127410619482e-05 0.0013101103075535102
350 0.15533688288357331 8.5461896260438953e-05 0.0012944740240297776
