25 0.0 0.0 0.0
26 0.0 0.0 0.0
27 0.0 0.0 0.0
28 0.0 0.0 0.0
29 0.0 0.0 0.0
30 0.018003357751627445 1.3635999570822149e-08 0.00015002798126356206
31 0.059680909390033919 9.4988277903735505e-08 0.00049734091158361597
32 0.11896914169016916 3.1670017443990748e-07 0.00099140951408474304
33 0.19349517018490311 7.6278817666298816e-07 0.0016124597515408594
34 0.28180745400649482 1.5258976986179012e-06 0.0023483954500541234
35 0.38288319642375784 2.7057090822464242e-06 0.0031906933035313152
36 0.49594409534112477 4.4078424301492001e-06 0.0041328674611760393
37 0.62036805736864997 6.7430382172164429e-06 0.0051697338114054161
38 0.75564046207942448 9.8265091310966728e-06 0.0062970038506618706
39 0.90132460817293025 1.3777404797071389e-05 0.0075110384014410855
40 1.0570425714617084 1.8718369433406602e-05 0.0088086880955142374
41 1.2224620971205471 2.4775139130320585e-05 0.010187184142671226
42 1.3972873316994292 3.2076206953197976e-05 0.011644061097495243
43 1.5812520056464876 4.0752515199817499e-05 0.013177100047054063
44 1.7741143013175975 5.0937179869020459e-05 0.014784285844313313
45 1.975652889584105 6.2765236543711416e-05 0.01646377407986754
46 2.1856638677647831 7.6373426229844871e-05 0.018213865564706524
47 2.403958203537075 9.1899954770216036e-05 0.020032985029475626
48 2.6303598291313284 0.00010948433715363196 0.02191966524276107
49 2.8647039235205178 0.00012926718967476021 0.023872532696004315
50 3.1068355580521141 0.00015139004349258768 0.02589029631710095
51 3.3566086319594755 0.00017599526805662705 0.027971738599662295
52 3.613884728066139 0.00020322576568959695 0.030115706067217824
53 3.8785325865546714 0.00023322509089746118 0.032321104887955594
54 4.1504270873718232 0.00026613701551133793 0.034586892394765194
55 4.4294488061527151 0.00030210560429573698 0.036912073384605962
56 4.7154835210067683 0.00034127509672207044 0.039295696008389738
57 5.0084215654948627 0.00038378963629465606 0.041736846379123858
58 5.3081575758895605 0.0004297933537769147 0.04423464646574634
59 5.6145896911259197 0.00047942986204642434 0.046788247426049333
60 5.927619035595316 0.00053284213750600111 0.049396825296627631
61 6.2471480038201586 0.0005901712777603075 0.052059566698501321
62 6.5730779747655363 0.00065155523963367863 0.054775649789712805
63 6.9053040325252297 0.00071712499396125648 0.05754420027104358
64 7.2437060223701879 0.00078699859299257802 0.0603642168530849
65 7.5881324227050468 0.00086126990007841632 0.063234436855875389
66 7.938376027527787 0.00093999198629745716 0.066153133562731559
67 8.2941362742136882 0.0010231524778016568 0.069117802285114063
68 8.6549686873606753 0.0011106392907116733 0.072124739061338955
69 9.0202213330965417 0.0012022013476706598 0.075168511109137845
70 9.388963298660796 0.0012974054312161858 0.078241360822173298
71 9.7599145537129832 0.0013955983539134737 0.081332621280941528
72 10.131390976683759 0.0014958835924388885 0.084428258139031334
73 10.501279525874763 0.0015971228202077514 0.087510662715623022
74 10.867057929199824 0.001697968583167264 0.090558816076665202
75 11.225867653254154 0.0017969321641406473 0.093548897110451279
76 11.574638780918475 0.0018924782142541298 0.096455323174320623
77 11.910256425814223 0.0019831367882942037 0.099252136881785191
78 12.229748278820109 0.0020676139646663917 0.10191456899016757
79 12.53046901328667 0.0021448835255081758 0.10442057511072225
80 12.810257217776501 0.0022142490006956464 0.10675214348147084
81 13.067546522757439 0.0022753668027437443 0.10889622102297866
82 13.30142097454242 0.002328232904823143 0.11084517478785351
83 13.511614539418863 0.0023731396662024806 0.11259678782849053
84 13.698462112901188 0.0024106132244244918 0.11415385094084324
85 13.862814840971224 0.002441342604940765 0.11552345700809354
86 14.005934269616272 0.0024661105146714622 0.11671611891346893
87 14.12937907439912 0.0024857325500256804 0.11774482561999267
88 14.234895586086713 0.0025010087237042505 0.11862412988405595
89 14.324319970300927 0.0025126885580551762 0.11936933308584105
90 14.39949663385115 0.0025214488851613109 0.11999580528209292
91 14.46221449441955 0.0025278824586269133 0.12051845412016292
92 14.514160787772655 0.0025324949536180709 0.12095133989810546
93 14.556890594398684 0.0025357078646541776 0.12130742161998903
94 14.591809645654157 0.0025378652760534668 0.12159841371378464
95 14.620167683689855 0.00253924267235686 0.12183473069741546
96 14.64305977530806 0.0025400565744407334 0.12202549812756718
97 14.661433243710945 0.0025404740795242284 0.12217861036425788
98 14.676098276939571 0.0025406217796255727 0.12230081897449643
99 14.687740648415346 0.0025405937048932075 0.12239783873679455
100 14.696935367177604 0.0025404582172161832 0.1224744613931467
101 14.704160389506914 0.0025402637840357574 0.12253466991255761
102 14.709809795960224 0.0025400437602649513 0.12258174829966853
103 14.714206060805395 0.0025398202129750082 0.12261838384004496
104 14.717611183669101 0.0025396069545676799 0.12264675986390917
105 14.720236601095694 0.0025394118922897964 0.12266863834246412
106 14.722251800752563 0.0025392389286543666 0.12268543167293802
107 14.72379188861308 0.0025390891322868451 0.12269826573844234
108 14.72496386114606 0.0025389618548376514 0.12270803217621716
109 14.725851971841168 0.0025388554531218309 0.1227154330986764
110 14.726522231768579 0.0025387677020417831 0.12272101859807148
111 14.727026056648297 0.0025386961888465395 0.12272521713873581
112 14.727403289467665 0.0025386385349554933 0.12272836074556387
113 14.72768465596593 0.0025385924977000692 0.12273070546638275
114 14.727893732659105 0.0025385560540965514 0.12273244777215921
115 14.72804852358321 0.0025385274382565158 0.12273373769652675
116 14.728162712824473 0.0025385051373489373 0.12273468927353727
117 14.728246654554406 0.0025384878747626398 0.12273538878795338
118 14.728308149954275 0.0025384745997733922 0.12273590124961896
119 14.728353050930311 0.002538464454732874 0.12273627542441926
120 14.728385728273393 0.0025384567466969253 0.12273654773561161
121 14.728409433899605 0.0025384509219104029 0.12273674528249671
122 14.728426577588964 0.0025384465432948364 0.1227368881465747
123 14.728438911212654 0.0025384433934075058 0.12273699092677212
124 14.728447812358377 0.0025384410018727088 0.12273706510298647
125 14.72845420920919 0.0025384391986526984 0.12273711841007658
126 14.72845878738322 0.0025384378475146142 0.12273715656152683
127 14.728462050624167 0.0025384368419857253 0.12273718375520139
128 14.728464368761029 0.0025384360933451262 0.12273720307300857
129 14.728466006966116 0.0025384355444700284 0.12273721672471763
130 14.728467160300086 0.0025384351475341315 0.12273722633583405
131 14.728467970979574 0.0025384348568047027 0.12273723309149645
132 14.728468538148881 0.0025384346474100748 0.12273723781790734
133 14.728468933815099 0.0025384344969756304 0.12273724111512582
134 14.728469208993989 0.0025384343895093571 0.12273724340828324
135 14.728469399831672 0.0025384343132714513 0.12273724499859727
136 14.728469531821002 0.0025384342594239394 0.12273724609850835
137 14.72846962298178 0.0025384342210354517 0.12273724685818151
138 14.728469685676297 0.0025384341943531135 0.12273724738063581
139 14.728469728771158 0.0025384341755788587 0.12273724773975965
140 14.728469758289545 0.0025384341623888372 0.12273724798574621
141 14.72846977849181 0.0025384341533265138 0.12273724815409842
142 14.728469792278577 0.0025384341469979815 0.12273724826898814
143 14.728469801673452 0.0025384341426135529 0.12273724834727877
144 14.728469808067659 0.0025384341396245233 0.12273724840056383
145 14.728469812411047 0.0025384341375543351 0.12273724843675873
146 14.728469815355302 0.0025384341361282302 0.12273724846129418
147 14.72846981735214 0.0025384341351727775 0.1227372484779345
148 14.72846981735214 0.0025384341351727775 0.1227372484779345
149 14.72846981735214 0.0025384341351727775 0.1227372484779345
150 14.275497256167389 0.00250275570607237 0.11896247713472824
151 13.834249414503843 0.0024644313236699823 0.11528541178753202
152 13.404575511307231 0.0024237727280953282 0.11170479592756026
153 12.986320919109128 0.0023810742706897518 0.10821934099257606
154 12.579327205744463 0.0023366133447213018 0.10482772671453719
155 12.183432191095916 0.0022906508144073662 0.10152860159246596
156 11.798470027519809 0.0022434314625495934 0.09832058356266507
157 11.424271283945098 0.0021951844171236999 0.095202260699542476
158 11.060663111557261 0.00214612369327367 0.092172192596310515
159 10.707469284813371 0.0020964484920038356 0.089228910706778089
160 10.364510448161756 0.0020463438467787868 0.086370920401347959
161 10.031604223419858 0.0019959809911061399 0.083596701861832157
162 9.7085654685109599 0.0019455179480021981 0.080904712237591339
163 9.3952063893915074 0.0018950998303698967 0.078293386578262555
164 9.0913368531436465 0.0018448596196809332 0.075761140442863723
165 8.7967645633747047 0.0017949184349548058 0.073306371361455874
166 8.5112953786795966 0.0017453862277403284 0.070927461488996632
167 8.2347334850982854 0.0016963621424192111 0.068622779042485718
168 7.9668817250938968 0.0016479351069118903 0.066390681042449134
169 7.7075418713414159 0.0016001843519363919 0.064229515594511802
170 7.4565149091379155 0.001553179901344926 0.062137624242815964
171 7.213601334381039 0.0015069831502798735 0.060113344453175323
172 6.9786014454578007 0.0014616473192055651 0.058155012045481673
173 6.7513156253516282 0.0014172179584451643 0.056260963544596899
174 6.5315446456622519 0.0013737334519969219 0.054429538713852102
175 6.3190899572171597 0.0013312255118959971 0.052659082976809664
176 6.1137539759240616 0.0012897196655279218 0.050947949799367183
177 5.9153403639836766 0.0012492356995889371 0.049294503033197302
178 5.7236542836617073 0.0012097881026740653 0.047697119030514226
179 5.5385026713204644 0.0011713865250295612 0.046154188927670536
180 5.3596944838790774 0.001134036182029586 0.04466412069899231
181 5.1870409315058046 0.001097738261311747 0.043225341095881706
182 5.0203556990435834 0.001062490302274536 0.041836297492029863
183 4.8594551559122152 0.0010282865627724653 0.040495459632601795
184 4.7041585519013562 0.00099511837291856031 0.039201321265844635
185 4.554288182439687 0.00096297445017002063 0.037952401520330727
186 4.4096695574638121 0.000931841213352466 0.036747246312198431
187 4.2701315440805203 0.00090170306788664488 0.035584429534004335
188 4.1355064947735887 0.00087254268141700618 0.034462554123113241
189 4.0056303577085934 0.00084434123235425766 0.033380252980904947
190 3.8803427739593155 0.00081707863859154027 0.032336189782994296
191 3.7594871550317221 0.00079073377228170132 0.031329059625264354
192 3.6429107505936487 0.00076528465781085329 0.030357589588280404
193 3.5304646952542553 0.00074070864766883954 0.029420539127118794
194 3.4220040477277416 0.00071698259120544009 0.02851670039773118
195 3.3173878127371483 0.00069408297951696824 0.027644898439476238
196 3.2164789095904882 0.00067198608705078841 0.026803990913254069
197 3.119144333868519 0.00065066806705837423 0.025992869448904325
198 3.0252549055959403 0.0006301050912757586 0.025210457546632835
199 2.9346853677452542 0.00061027343300465648 0.024455711397877118
200 2.8473144519892779 0.00059114951980222233 0.023727620433243984
201 2.7630246092634989 0.00057271007214706234 0.023025205077195823
202 2.6817022062683287 0.0005549320806594192 0.022347518385569407
203 2.6032372698573591 0.00053779294870385575 0.021693643915477994
204 2.5275235165531873 0.00052127049893855031 0.021062695971276562
205 2.4544583411269705 0.00050534296985696209 0.020453819509391419
206 2.3839426038979492 0.00048998914516989469 0.019866188365816242
207 2.315880705184783 0.00047518826932280178 0.019299005876539859
208 2.2501803849952293 0.00046092016408203114 0.018751503208293576
209 2.1867526985323416 0.00044716520303131102 0.01822293915443618
210 2.1255119594310217 0.00043390428379174806 0.01771259966192518
211 2.0663755786251086 0.00042111892553205676 0.01721979648854257
212 2.0092640559436767 0.00040879117124258205 0.016743867132863972
213 1.9541008251567413 0.00039690368728462991 0.016284173542972843
214 1.9008122236786262 0.00038543966646506321 0.015840101863988553
215 1.8493273591315211 0.000374382903183425 0.01541106132609601
216 1.7995780442678182 0.00036371775318999193 0.014996483702231818
217 1.7514987141693381 0.00035342909545307003 0.014595822618077818
218 1.7050263210273691 0.00034350239227175526 0.014208552675228076
219 1.6601002665891424 0.00033392360288492733 0.013834168888242853
220 1.616662305685719 0.00032467924258207528 0.013472185880714325
221 1.5746564706693957 0.00031575630224536029 0.013122137255578297
222 1.5340289879039795 0.00030714230060953899 0.012783574899199828
223 1.4947281968252912 0.00029882520927662257 0.012456068306877427
224 1.456704477000337 0.00029079349477649833 0.012139203975002809
225 1.4199101645615015 0.00028303605131486026 0.01183258470467918
226 1.3842994891015927 0.00027554223716546965 0.011535829075846606
227 1.3498284890761114 0.0002683018127548256 0.011248570742300928
228 1.3164549565133505 0.00026130496952032569 0.010970457970944588
229 1.2841383531558841 0.00025454227496320711 0.010701152942965701
230 1.2528397627197576 0.00024800469705667033 0.01044033135599798
231 1.2225218110620233 0.00024168355851017802 0.010187681758850193
232 1.1931486112076433 0.00023557053547180009 0.0099429050933970264
233 1.1646857128139776 0.00022965765653950877 0.0097057142734498138
234 1.1371000261011497 0.00022393726412767812 0.0094758335508429142
235 1.1103597875853246 0.00021840202687206431 0.0092529982298777055
236 1.0844344879800589 0.0002130449057711395 0.0090369540665004907
237 1.0592948297910771 0.00020785915423422079 0.0088274569149256431
238 1.0349126848495682 0.00020283830944890826 0.0086242723737464024
239 1.0112610309615024 0.0001979761681353348 0.0084271752580125196
240 0.988313917202994 0.00019326678608936113 0.0082359493100249495
241 0.96604641433025762 0.00018870446102321013 0.0080503867860854793
242 0.94443458301361682 0.00018428373179592067 0.00787028819178014
243 0.92345541759319627 0.00017999935695763326 0.0076954618132766359
244 0.90308681750542474 0.0001758463112869851 0.0075257234792118731
245 0.88330754720833271 0.00017181977648300312 0.007360896226736106
246 0.86409720082050034 0.00016791513193280312 0.007200810006837503
247 0.84543616688315648 0.00016412794527451564 0.0070453013906929705
248 0.82730559578270169 0.00016045396555807077 0.0068942132981891805
249 0.80968736866939195 0.00015688911558929677 0.0067473947389115997
250 0.79256406554756897 0.00015342948171658756 0.0066047005462297418
251 0.77591893850281213 0.00015007131180218484 0.0064659911541901007
252 0.75973588170924422 0.00014681100310630639 0.0063311323475770355
253 0.74399940612050885 0.00014364509882794588 0.0061999950510042406
254 0.72869461347224074 0.00014057028101627228 0.0060724551122686727
255 0.71380717196549837 0.00013758336463951985 0.0059483930997124863
256 0.69932329285981998 0.00013468129190337793 0.0058276941071651661
257 0.68522970791314919 0.0001318611262298092 0.0057102475659429096
258 0.67151364814752457 0.00012912004770715079 0.0055959470678960382
259 0.6581628232698612 0.0001264553478360946 0.0054846901939155099
260 0.64516540199204075 0.000123864424635886 0.0053763783499336725
261 0.63250999323610424 0.00012134477807858355 0.0052709166103008685
262 0.62018562816190026 0.00011889400577826107 0.0051682135680158354
263 0.6081817429462919 0.0001165097988094725 0.0050681811912190993
264 0.59648816229452961 0.00011418993766256604 0.004970734685787747
265 0.58509508367420715 0.00011193228843805541 0.0048757923639517258
266 0.57399306222635493 0.00010973479921714844 0.0047832755185529575
267 0.56317299632080742 0.00010759549657537934 0.0046931083026733956
268 0.55262611373269077 0.00010551248225157146 0.0046052176144390899
269 0.54234395841359306 0.00010348392997105195 0.0045195329867799422
270 0.5323183778299545 0.0001015080824119994 0.0044359864819162875
271 0.52254151084400746 9.9583248308215405e-05 0.0043545125903667291
272 0.51300577611339493 9.7707799681089107e-05 0.0042750481342782908
273 0.50370386098685493 9.5880169195691932e-05 0.0041975321748904575
274 0.49462871087399268 9.4098847635487156e-05 0.0041219059239499386
275 0.48577351906816535 9.236238149010358e-05 0.0040481126589013783
276 0.47713171700244961 9.0669370650887528e-05 0.0039760976416870798
277 0.46869696491956719 8.9018466209292112e-05 0.0039058080409963931
278 0.46046314293743779 8.7408368353382356e-05 0.0038371928578119817
279 0.4524243424928357 8.5837824357957098e-05 0.0037702028541069642
280 0.44457485814637643 8.4305626663911545e-05 0.0037047904845531371
281 0.43690917973285254 8.2810611042739331e-05 0.0036409098311071045
282 0.42942198484161831 8.1351654842183531e-05 0.0035785165403468193
283 0.42210813161238653 7.9927675309299023e-05 0.0035175677634365545
284 0.4149626518324967 7.8537627987317282e-05 0.003458022098604139
285 0.4079807443223093 7.7180505182916688e-05 0.0033998395360192442
286 0.40115776859599517 7.5855334500609596e-05 0.0033429814049666263
287 0.39448923878556269 7.4561177441146472e-05 0.0032874103232130225
288 0.387970817816508 7.3297128060973216e-05 0.0032330901484709002
289 0.38159831182400938 7.2062311689904859e-05 0.003179985931866745
290 0.37536766479907258 7.0855883704350824e-05 0.0031280638733256049
291 0.36927495345453704 6.9677028353489469e-05 0.0030772912787878086
292 0.36331638230128815 6.8524957635981605e-05 0.0030276365191774014
293 0.35748827892547391 6.7398910224884568e-05 0.0029790689910456159
294 0.3517870894579383 6.6298150438550121e-05 0.0029315590788161526
295 0.34620937422748316 6.5221967255394274e-05 0.0028850781185623597
296 0.34075180358994961 6.4169673370539356e-05 0.0028395983632495802
297 0.3354111539254801 6.3140604292405932e-05 0.0027950929493790007
298 0.3301843037966643 6.2134117477430112e-05 0.0027515358649722026
299 0.32506823026059967 6.114959150118498e-05 0.0027089019188383306
300 0.32006000532822743 6.0186425264232862e-05 0.002667166711068562
301 0.31515679256457413 5.9244037231157702e-05 0.0026263066047047842
302 0.31035584382388987 5.8321864701255781e-05 0.0025862986985324154
303 0.30565449611385687 5.741936310947331e-05 0.0025471208009488072
304 0.30105016858335754 5.65360053562233e-05 0.0025087514048613129
305 0.29654035962853043 5.5671281164789628e-05 0.002471169663571087
306 0.29212264411207745 5.4824696465086058e-05 0.0024343553676006453
307 0.2877946706910175 5.3995772802590781e-05 0.002398288922425146
308 0.2835541592482933 5.3184046771339932e-05 0.0023629513270691108
309 0.27939889842384663 5.2389069469912756e-05 0.0023283241535320552
310 0.27532674324097312 5.1610405979394263e-05 0.0022943895270081094
311 0.27133561282395885 5.0847634862337793e-05 0.0022611301068663236
312 0.26742348820317208 5.0100347681821116e-05 0.0022285290683597674
313 0.26358841020396534 4.9368148539698437e-05 0.0021965700850330445
314 0.2598284774158906 4.8650653633222827e-05 0.0021652373117990883
315 0.25614184423888564 4.794749082923497e-05 0.0021345153686573803
316 0.25252671900328216 4.7258299255153888e-05 0.0021043893250273513
317 0.24898136216056069 4.6582728906045062e-05 0.0020748446846713389
318 0.24550408454194564 4.5920440267076459e-05 0.0020458673711828803
319 0.24209324568206303 4.5271103950694556e-05 0.002017443714017192
320 0.23874725220499915 4.4634400347896876e-05 0.0019895604350416594
321 0.23546455627021809 4.4010019292994889e-05 0.0019622046355851509
322 0.23224365407590666 4.3397659741297398e-05 0.0019353637839658888
323 0.22908308441741959 4.2797029459164339e-05 0.0019090257034784966
324 0.22598142729860546 4.2207844725906158e-05 0.0018831785608217121
325 0.22293730259387923 4.1629830047040179e-05 0.0018578108549489936
326 0.21994936875899965 4.1062717878414768e-05 0.0018329114063249971
327 0.21701632158861925 4.0506248360760453e-05 0.0018084693465718271
328 0.21413689301874705 3.9960169064216664e-05 0.0017844741084895588
329 0.21130984997232097 3.9424234742440798e-05 0.0017609154164360081
330 0.20853399324619507 3.8898207095884881e-05 0.0017377832770516255
331 0.2058081564379021 3.8381854543878805e-05 0.0017150679703158507
332 0.20313120491063347 3.7874952005138713e-05 0.0016927600409219455
333 0.20050203479493059 3.7377280686382067e-05 0.0016708502899577548
334 0.1979195720256634 3.6888627878689948e-05 0.0016493297668805284
335 0.19538277141291271 3.64087867613274e-05 0.0016281897617742727
336 0.19289061574543181 3.5937556212707692e-05 0.0016074217978785984
337 0.19044211492545773 3.5474740628208535e-05 0.0015870176243788145
338 0.18803630513364136 3.5020149744578242e-05 0.0015669692094470113
339 0.18567224802294338 3.457359847065349e-05 0.0015472687335245281
340 0.18334902994038565 3.4134906724151127e-05 0.0015279085828365472
341 0.18106576117559853 3.3703899274280691e-05 0.0015088813431299876
342 0.17882157523514294 3.328040558995748e-05 0.0014901797936261911
343 0.17661562814163412 3.2864259693385363e-05 0.0014717969011802843
344 0.17444709775672104 3.2455300018808882e-05 0.001453725814639342
345 0.17231518312702429 3.2053369276225652e-05 0.0014359598593918692
346 0.17021910385219333 3.1658314319863967e-05 0.001418492532101611
347 0.1681580994742313 3.1269986021248843e-05 0.0014013174956185941
348 0.16613142888730489 3.0888239146668932e-05 0.0013844285740608742
349 0.16413836976727661 3.0512932238881998e-05 0.0013678197480606383
350 0.16217821802023094 3.014392750289463e-05 0.0013514851501685912
