25 0.0 0.0 0.0
26 0.0 0.0 0.0
27 0.0 0.0 0.0
28 0.0 0.0 0.0
29 0.0 0.0 0.0
30 0.022767046752344353 2.6220749606933937e-07 0.00014978320231805495
31 0.075336902358255436 1.7895979845735049e-06 0.00049563751551483844
32 0.14983208751449423 5.8318397787037098e-06 0.0009857374178585147
33 0.24302045360569632 1.3735223480313624e-05 0.0015988187737216864
34 0.35281557206921077 2.6924667525991946e-05 0.0023211550794027024
35 0.47765774966042568 4.6894920732613648e-05 0.0031424851951343796
36 0.61628413614355193 7.5170184324931661e-05 0.0040545008956812626
37 0.76761948556079007 0.00011324466716889057 0.0050501281944788819
38 0.93071644322481062 0.00016253023013277048 0.0061231344949000703
39 1.1047197818563999 0.00022432448972572804 0.0072678933016868414
40 1.2888435692089062 0.00029979837370038492 0.0084792340079533294
41 1.482355888826512 0.00038999614099044923 0.009752341373858631
42 1.6845682379117903 0.00049584119761532386 0.011082685775735462
43 1.8948279528694318 0.00061814356246963427 0.012465973374140999
44 2.1125126676148192 0.00075760700905891929 0.013898109655360652
45 2.3370261839868873 0.0009148352183006715 0.015375172263071626
46 2.5677953447940354 0.0010903369873185957 0.01689339042627655
47 2.8042676393519441 0.0012845306354566381 0.01844912920626279
48 3.0459093554008416 0.0014977477561834735 0.020038877338163431
49 3.2922041380715656 0.0017302367463937647 0.021659237750470826
50 3.5426518668571467 0.0019821659448732653 0.023306920176691753
51 3.7967677750907569 0.002253626633854906 0.024978735362439192
52 4.0540817596732612 0.0025446359252645307 0.026671590524166192
53 4.3141378405075601 0.0028551395712995025 0.028382485792812894
54 4.5764937389666693 0.0031850147035031163 0.030108511440570192
55 4.8407205466080283 0.0035340726762985047 0.031846845701368608
56 5.1064024760901034 0.003902061596675901 0.03359475313217173
57 5.3731366589282477 0.0042886691728417376 0.035349583282422679
58 5.6405329858379769 0.004693525344266038 0.037108769643670901
59 5.9082139579954269 0.0051162048735087203 0.038869828671022545
60 6.175814506551343 0.0055562297395846619 0.040630358595732517
61 6.4429817016930944 0.0060130710707516797 0.042388037511138781
62 6.7093742112239374 0.0064861501211641815 0.044140619810683797
63 6.9746612754142454 0.0069748373967320407 0.045885929443514772
64 7.2385208381087889 0.0074784485467679152 0.047621847619136772
65 7.5006363348315688 0.0079962349322615384 0.049346291676523477
66 7.7606915272833739 0.0085273663059801004 0.051057181100548514
67 8.0183627504417316 0.0090709026501583426 0.052752386516064023
68 8.2733081009447673 0.0096257527476131463 0.054429658558847155
69 8.5251534960052524 0.010190618472041307 0.056086536157929294
70 8.7734762211635449 0.010763926588232978 0.057720238297128586
71 9.0177874826246729 0.011343753714480919 0.059327549227793902
72 9.2575164315256639 0.011927754672907347 0.060904713365300421
73 9.4919988677605325 0.012513108141211298 0.062447360972108769
74 9.7204740762825459 0.013096495492858837 0.063950487343964121
75 9.942092760829496 0.013674127232520737 0.06540850500545721
76 10.155937776616527 0.014241826153252927 0.066815380109319256
77 10.361057464227004 0.014795167929179421 0.068164851738335558
78 10.556509251059277 0.015329669731074023 0.069450718756968927
79 10.741409280097624 0.015841008304915919 0.070667166316431732
80 10.914982620197458 0.016325242963700953 0.071809096185509597
81 11.076608381413623 0.016779017630464993 0.072872423561931729
82 11.225854831864565 0.017199719633069776 0.073854308104372143
83 11.362501166120365 0.017585580214363961 0.074753297145528724
84 11.486544527445721 0.017935710807502187 0.075569371891090267
85 11.598192824828908 0.018250077923586291 0.076303900163348079
86 11.697845439067745 0.01852942663350813 0.076959509467550952
87 11.78606493053033 0.018775166366379166 0.077539900858752175
88 11.863543264685701 0.018989234942814799 0.078049626741353295
89 11.931065923114552 0.019173954991850629 0.078493854757332573
90 11.989476791603582 0.019331895035592343 0.078878136786865671
91 12.039646003328309 0.019465743853665049 0.079208197390317828
92 12.082442163227462 0.019578203608070052 0.079489751073864884
93 12.118709690863156 0.019671904207868234 0.079728353229362864
94 12.149251445750581 0.019749339010947727 0.079929285827306448
95 12.174816373051966 0.019812820351546565 0.080097476138499782
96 12.196091650724217 0.019864452396208092 0.080237445070554053
97 12.213698646364039 0.019906118344682543 0.080353280568184471
98 12.228191962370746 0.019939478912235027 0.08044863133138648
99 12.240060851281527 0.019965979228474841 0.080526716126852152
100 12.249732360727061 0.019986861601735025 0.08059034447846751
101 12.257575640224328 0.020003182033775865 0.08064194500147584
102 12.263906950720404 0.020015828764147401 0.080683598360002662
103 12.268995005745834 0.020025541528544709 0.080717072406222598
104 12.273066335680856 0.020032930567700339 0.080743857471584579
105 12.276310636897499 0.020038494697346063 0.08076520155853617
106 12.278885497555862 0.020042638044154844 0.080782141431288562
107 12.280921184839642 0.020045685120860735 0.080795534110787118
108 12.282524594987729 0.020047894274629822 0.080806082861761372
109 12.283782982917373 0.020049469392038204 0.080814361729719564
110 12.284767171037329 0.020050569933672501 0.080820836651561367
111 12.285534348721095 0.020051319495749072 0.080825883873165097
112 12.286130456509339 0.020051812966598612 0.080829805634929863
113 12.286592223789718 0.020052122473131095 0.080832843577563929
114 12.286948878811971 0.020052302252855536 0.080835189992184017
115 12.287223578870664 0.020052392621725028 0.080836997229412261
116 12.287434593162427 0.020052423163531972 0.080838385481331751
117 12.287596276034897 0.020052415267280452 0.08083944918444011
118 12.287719863254402 0.020052384136158712 0.080840262258252651
119 12.287814116252104 0.020052340350627605 0.08084088234376384
120 12.287885843693914 0.020052291085098126 0.080841354234828383
121 12.287940318963042 0.020052241037414865 0.080841712624756853
122 12.287981613179939 0.020052193131222855 0.080841984297236436
123 12.288012870693072 0.020052149180775095 0.080842189938770209
124 12.288036469762805 0.02005210968158842 0.080842345195807921
125 12.288054270631134 0.020052075115634584 0.080842462306783783
126 12.288067681662346 0.020052045426606002 0.08084255053725227
127 12.288077765277199 0.020052020164594519 0.080842616876823675
128 12.288085341004823 0.020051998982449876 0.080842666717136996
129 12.288091026629901 0.020051981417446334 0.08084270412256514
130 12.288095287818042 0.020051966935425731 0.080842732156697641
131 12.288098480551954 0.020051955148321969 0.080842753161526004
132 12.288100870064135 0.020051945588949616 0.080842768882000884
133 12.288102654958729 0.0200519378583787 0.08084278062472848
134 12.288103987937145 0.020051931658362228 0.080842789394323322
135 12.288104982817684 0.020051926714561109 0.080842795939590026
136 12.288105725314795 0.020051922796202881 0.08084280082443944
137 12.288106278685571 0.020051919699964126 0.080842804465036652
138 12.288106690204364 0.020051917259019437 0.080842807172397127
139 12.288106996224547 0.020051915345035035 0.080842809185687814
140 12.288107223509865 0.020051913849413534 0.080842810680985949
141 12.288107392063782 0.020051912684504333 0.080842811789893304
142 12.288107516963642 0.020051911780736884 0.080842812611602907
143 12.288107609684793 0.020051911083456452 0.080842813221610479
144 12.288107678305764 0.020051910546173311 0.080842813673064229
145 12.288107729008397 0.020051910133364756 0.080842814006634192
146 12.288107766440609 0.020051909817244893 0.080842814252898743
147 12.288107794032692 0.02005190957586855 0.080842814434425606
148 12.288107814365501 0.020051909392205851 0.080842814568194088
149 12.28810782932236 0.020051909252826895 0.080842814666594473
150 11.814853771374246 0.019659678134312717 0.077729301127462139
151 11.36156126881991 0.019255175455907447 0.074747113610657306
152 10.927290294116069 0.018841171764793198 0.071890067724447823
153 10.511181790913525 0.018420243754000153 0.069152511782325829
154 10.112431026005535 0.017994665322406754 0.066529151486878518
155 9.7302759312509561 0.017566419799432405 0.064014973231914185
156 9.3639915627460866 0.017137235113904699 0.061605207649645305
157 9.0128869313702271 0.016708617108845705 0.059295308759014655
158 8.6763027889599638 0.016281877283531306 0.05708093940105239
159 8.3536098431719825 0.015858155742745114 0.054957959494552518
160 8.0442071960675499 0.015438440620846297 0.0529224157636023
161 7.7475209255852064 0.015023584814696339 0.05097053240516583
162 7.463002768744107 0.014614320657542699 0.049098702425948069
163 7.1901288899655533 0.014211272865973221 0.047303479539247059
164 6.9283987217177465 0.013814970050332571 0.045581570537616752
165 6.677333870195957 0.013425854982747893 0.043929828093394456
166 6.4364770804122111 0.013044293780783443 0.042345243950080338
167 6.2053912561943951 0.012670584136646644 0.040824942474963127
168 5.9836585310859345 0.012304962704718564 0.039366174546617991
169 5.7708793868985113 0.011947611740804588 0.03796631175591126
170 5.5666718168590599 0.011598665075944212 0.036622840900388552
171 5.3706705305441611 0.011258213497520497 0.035333358753580006
172 5.1825261982402822 0.010926309599358816 0.034095567093686066
173 5.0019047323347268 0.01060297215685582 0.032907267975886362
174 4.8284866036675895 0.010288190074158253 0.031766359234655192
175 4.6619661908097569 0.009981925956039599 0.03067083020269577
176 4.5020511607669453 0.009684119318381465 0.029618757636624641
177 4.3484618788449723 0.0093946895014566795 0.028608301834506397
178 4.200930846565428 0.0091135382977398979 0.027637702937930449
179 4.0592021657203698 0.0088405523239712645 0.026705277406055064
180 3.9230310278400591 0.0085756051622944262 0.025809414656842493
181 3.7921832269688824 0.0083185592937397614 0.024948573861637385
182 3.6664346949968678 0.008069267841528496 0.024121280888137288
183 3.5455710582425373 0.0078275761411408969 0.023326125383174589
184 3.4293872143076811 0.0075933231548354057 0.022561757988866324
185 3.3176869278507732 0.0073663427415843917 0.021826887683228772
186 3.2102824447963751 0.0071464647986865066 0.021120279242081416
187 3.1069941236028451 0.0069335162839895548 0.020440750813176613
188 3.0076500830551915 0.0067273221300043658 0.019787171599047314
189 2.9120858655965938 0.0065277060600360147 0.019158459642082855
190 2.8201441154949025 0.0063344913142578873 0.018553579707203307
191 2.7316742711110655 0.0061475012943474272 0.017971541257309643
192 2.6465322706461381 0.0059665601328605525 0.017411396517408802
193 2.5645802706140182 0.0057914931954732773 0.016872238622460647
194 2.4856863766168398 0.0056221275199947098 0.016353199846163419
195 2.4097243848085528 0.0054582922002343647 0.015853449900056268
196 2.3365735379237531 0.00529981871888677 0.015372194328445743
197 2.2661182864513219 0.0051465412386335558 0.014908672937179748
198 2.1982480639543081 0.0049982968365481408 0.014462158315488869
199 2.1328570708278103 0.0048549257141393548 0.014031954413340857
200 2.0698440673701017 0.0047162713706550867 0.013617395180066459
201 2.0091121747642227 0.0045821807345395801 0.01321784325502778
202 1.9505686869458219 0.0044525042872688497 0.012832688729906722
203 1.8941248881180546 0.0043270961420298201 0.012461347948145097
204 1.8396958790943811 0.0042058141087524805 0.012103262362463034
205 1.7872004104823538 0.0040885197364570851 0.011757897437383907
206 1.7365607239670942 0.0039750783405615693 0.011424741605046673
207 1.6877023992690736 0.0038653590098959201 0.011103305258349169
208 1.6405542084969853 0.0037592346023190659 0.010793119792743324
209 1.5950479762178018 0.0036565817262591317 0.010493736685643433
210 1.5511184457734635 0.0035572807118816881 0.010204726616930681
211 1.5087031512303883 0.0034612155721296979 0.0099256786265157129
212 1.4677422950794099 0.00336827395533882 0.0096561993097329605
213 1.4281786307300224 0.0032783470909562174 0.0093959120442764638
214 1.3899573501627354 0.0031913297052704546 0.0091444562510706266
215 1.3530259778540292 0.0031071200507922741 0.0089014866964080876
216 1.3173342672236916 0.0030256196895208712 0.0086666728106821814
217 1.2828341022619936 0.0029467335193994223 0.0084396980411973258
218 1.2494794040493251 0.002870369671085741 0.0082202592371666133
219 1.2172260410035434 0.0027964394287850339 0.0080080660592338378
220 1.1860317430157019 0.002724857149371858 0.0078028404145769866
221 1.1558560194082765 0.0026555401803309837 0.007604315917159714
222 1.1266600804934421 0.0025884087768711732 0.0074122373716673821
223 1.0984067626054603 0.0025233860186867933 0.0072263602802990811
224 1.0710604570717162 0.0024603977199388377 0.0070464503754718169
225 1.0445870391761987 0.002399372373751743 0.0068722831524749908
226 1.0189538067609683 0.0023402410279930066 0.0067036434655326858
227 0.99412941479742023 0.0022829372323389025 0.0065403250973514486
228 0.97008381745062211 0.0022273969476839374 0.0063821303779646194
229 0.94678820697135424 0.0021735584777490958 0.006228869782706278
230 0.92421496538668158 0.0021213623744744258 0.0060803616143860631
231 0.90233760930346896 0.0020707513724428912 0.0059364316401544007
232 0.88113073653236562 0.0020216703133316407 0.0057969127403445109
233 0.86056998587841771 0.001974066069155777 0.0056616446439369588
234 0.84063198809139172 0.0019278874743021161 0.0055304736058644196
235 0.82129431849827328 0.0018830852513190784 0.0054032520953833764
236 0.80253546371371465 0.0018396119489765975 0.0052798385770639125
237 0.78433477667528362 0.0017974218724086959 0.0051600972149689712
238 0.76667244168451365 0.0017564710223533799 0.0050438976426612743
239 0.74952943263399341 0.0017167170237027906 0.0049311146883815353
240 0.73288748734186615 0.0016781190792097987 0.0048216282061964875
241 0.71672907027257193 0.0016406379046840227 0.0047153228307406049
242 0.70103733676974178 0.0016042356631040713 0.0046120877419061962
243 0.68579611197113022 0.0015688759275026176 0.0045118165261258565
244 0.67098985773918218 0.0015345236197050654 0.0044144069588104087
245 0.65660364094049251 0.0015011449490177119 0.0043197607956611348
246 0.64262311621556922 0.001468707382700528 0.0042277836593129555
247 0.62903449660979871 0.0014371795886220142 0.0041383848461170967
248 0.61582452557815304 0.0014065313791211994 0.0040514771419615332
249 0.60298046263828742 0.0013767336868521188 0.0039669767278834702
250 0.59049005770932317 0.0013477585125872356 0.0038848030112455471
251 0.57834152597505351 0.0013195788732297132 0.0038048784603621939
252 0.56652353656219523 0.0012921687833232127 0.0037271285300144422
253 0.55502518932451783 0.0012655032062026449 0.0036514815087139332
254 0.5438359929886426 0.0012395580076937889 0.0035778683749252802
255 0.53294585571292707 0.0012143099409418895 0.0035062227349534677
256 0.52234506466926067 0.0011897366020917279 0.0034364806886135572
257 0.51202426652014166 0.0011658163882932678 0.0033685807007904057
258 0.50197446007316726 0.0011425284860544756 0.0033024635531129424
259 0.49218697779222692 0.0011198528305182123 0.0032380722223172825
260 0.48265346879195736 0.0010977700681738792 0.0031753517683681407
261 0.47336589281609787 0.0010762615473071026 0.0031142492948427491
262 0.46431650384724849 0.0010553092813650319 0.0030547138411003189
263 0.45549783504055857 0.0010348959154587369 0.0029966962831615694
264 0.44690269396512616 0.0010150047190326339 0.0029401493024021458
265 0.43852414795514466 0.00099561955247598108 0.0028850272891785835
266 0.43035551086663959 0.00097672483758338611 0.0028312862557015764
267 0.42239033917489827 0.00095830555138738704 0.0027788838103611729
268 0.41462241907555741 0.00094034719648018684 0.0027277790728655093
269 0.40704575467994425 0.0009228357745313221 0.0026779325965785804
270 0.39965456493129098 0.00090575778128205216 0.0026293063482321776
271 0.39244327216715602 0.00088910018015577396 0.0025818636326786579
272 0.38540649165640217 0.00087285037861590804 0.0025355690240552774
273 0.37853902907663406 0.00085699622390118715 0.0024903883491883818
274 0.37183587049952699 0.00084152597983364302 0.0024462886217074143
275 0.36529217296938421 0.00082642830548507586 0.0024032379800617383
276 0.35890326338664963 0.0008116922536084703 0.0023612056801753266
277 0.35266462573881313 0.00079730724099749824 0.00232016201143956
278 0.3465719003656777 0.00078326304753890583 0.0022800782918794586
279 0.3406208755619573 0.00076954979685364818 0.0022409268129076139
280 0.3348074799670287 0.00075615793902379723 0.0022026807892567678
281 0.32912778192939102 0.00074307824942542919 0.0021653143547986252
282 0.32357797893422297 0.00073030180454804444 0.002128802492988309
283 0.3181543972574708 0.00071781998109248424 0.0020931210345886235
284 0.31285348499608839 0.00070562444018501969 0.0020582466118163711
285 0.30767180591413473 0.00069370711337725908 0.0020241566178561495
286 0.30260603915635864 0.0006820602016013481 0.0019908292049760439
287 0.29765297042087824 0.00067067615574552231 0.0019582432264531463
288 0.29280949185599747 0.00065954767530381256 0.0019263782358947203
289 0.28807259636276572 0.00064866769595243621 0.0018952144497550376
290 0.28343937250730061 0.00063802937797956065 0.0018647327138638199
291 0.27890700449007039 0.00062762610530374679 0.0018349145032241472
292 0.27447276480146726 0.00061745147001749539 0.0018057418736938636
293 0.27013401422855715 0.00060749927063652182 0.0017771974620299812
294 0.2658881972361205 0.00059776350237949441 0.0017492644555007928
295 0.26173283770734163 0.00058823834768590008 0.0017219265638640897
296 0.25766553872511921 0.00057891817454810719 0.0016951680179284158
297 0.25368397830311679 0.00056979752725944274 0.0016689735414678736
298 0.24978590562216535 0.00056087111806273386 0.0016433283264616141
299 0.24596914126542474 0.00055213382645196796 0.0016182180346409523
300 0.24223157157849937 0.00054358068769773664 0.0015936287603848642
301 0.23857114901942841 0.00053520689196895376 0.0015695470330225553
302 0.23498588864468498 0.00052700777697731638 0.0015459597937150327
303 0.23147386494859387 0.00051897882104091767 0.0015228543746618017
304 0.22803321219157108 0.00051111564254432886 0.001500218501260336
305 0.22466211963190502 0.00050341399031391017 0.0014780402607362172
306 0.22135883224602193 0.00049586974369415131 0.0014563081068817232
307 0.21812164626180797 0.00048847890374989261 0.0014350108306697893
308 0.21494890988973309 0.00048123759321404925 0.0014141375650640335
309 0.21183901912560613 0.00047414204850638455 0.0013936777574053035
310 0.20879041847557656 0.00046718861942054903 0.0013736211741814247
311 0.20580159707273829 0.00046037376216805163 0.0013539578754785415
312 0.20287108931261572 0.0004536940384886703 0.0013346782191619455
313 0.19999747126270637 0.00044714610985218816 0.0013157728372546471
314 0.19717936126786073 0.00044072673590318925 0.0012972326399201364
315 0.1944154166751435 0.00043443277011550989 0.0012790487939154179
316 0.19170433427299904 0.00042826115695971333 0.0012612127254802569
317 0.18904484734509147 0.00042220892942892519 0.0012437161009545492
318 0.18643572587999721 0.00041627320518630782 0.0012265508281578763
319 0.18387577475763642 0.00041045118464440837 0.0012097090444581342
320 0.18136383200365994 0.00040474014721307518 0.0011931831052872364
321 0.17889876915472891 0.00039913745028615541 0.0011769655865442692
322 0.176479488541398 0.00039364052504977265 0.0011610492667197237
323 0.17410492388871085 0.00038824687561441401 0.0011454271308467818
324 0.17177403776658709 0.0003829540752843737 0.0011300923537275467
325 0.16948582216204119 0.00037775976565919167 0.0011150383036976394
326 0.16723929623850373 0.00037266165308635435 0.0011002585278848929
327 0.16503350610921508 0.0003676575079342285 0.0010857467507185202
328 0.16286752437751803 0.00036274516180954849 0.0010714968709047239
329 0.16074044833262549 0.00035792250531851402 0.0010575029495567467
330 0.15865139976420539 0.00035318748738388833 0.0010437592089750354
331 0.15659952453139045 0.00034853811225053858 0.0010302600298117792
332 0.15458399093635181 0.00034397243801890278 0.0010169999403707355
333 0.15260398968525152 0.00033948857516525986 0.0010039736163503388
334 0.15065873291074505 0.00033508468628530531 0.00099117587441279647
335 0.14874745394684927 0.00033075898098974029 0.0009786016707029558
336 0.14686940591165326 0.00032650971637737881 0.00096624609152403459
337 0.14502386177296867 0.00032233520054004441 0.0009541043537695307
338 0.14321011365318775 0.0003182337800480805 0.00094217180034991948
339 0.14142747173072251 0.00031420384915879736 0.00093044389296527972
340 0.13967526451667123 0.00031024384163914117 0.00091891621392546858
341 0.13795283752651119 0.00030635223289350995 0.00090758445741125787
342 0.13625955315726737 0.00030252753991894281 0.00089644442866623276
343 0.13459479042633607 0.00029876831533010137 0.0008854920422785268
344 0.13295794387952753 0.00029507315032845468 0.00087472331499689163
345 0.13134842355331963 0.00029144067180212371 0.00086413436548236596
346 0.12976565433239545 0.00028786954314666681 0.00085372141008154901
347 0.12820907588537239 0.00028435845996451989 0.00084348076240376574
348 0.12667814163083152 0.00028090615185526202 0.00083340882651862839
349 0.12517231878180729 0.00027751138065647431 0.00082350209724873222
