25 0.0 0.0 0.0
26 0.0 0.0 0.0
27 0.0 0.0 0.0
28 0.0 0.0 0.0
29 0.0 0.0 0.0
30 0.31801310974961128 4.5142283175950254e-05 0.0020921915115106006
31 1.0269112198632964 0.00028580520677289382 0.0067559948675216868
32 1.9799259307819199 0.00085487174919730792 0.013025828491986316
33 3.0953596569825699 0.0018314837647335251 0.02036420826962217
34 4.3088208428197126 0.0032425133627707564 0.028347505544866529
35 5.5644698305009417 0.0050656093265292555 0.036608354148032513
36 6.8093148468462692 0.0072227493187715201 0.044798123992409664
37 7.9893058882869754 0.0095717358102510326 0.052561222949256414
38 9.0516063818469359 0.011919263441661767 0.059550041985835106
39 9.9540877907028644 0.014067835548726709 0.065487419675676742
40 10.67555180837179 0.015873036618761605 0.070233893476130196
41 11.218943256904705 0.017274515723545106 0.073808837216478324
42 11.606106925779461 0.01828867495652604 0.076355966616970139
43 11.868432433449994 0.018978789304111714 0.078081792325328914
44 12.038344618270786 0.019423838434178643 0.079199635646518329
45 12.144036025174701 0.019697540480985383 0.079894973849833559
46 12.207410531686461 0.019858818581623069 0.080311911392674087
47 12.244150398481217 0.01995018164454667 0.080553621042639592
48 12.264791135341715 0.020000056197743456 0.080689415364090231
49 12.27605006471661 0.020026332506813672 0.080763487267872441
50 12.282022314177189 0.020039704875443407 0.080802778382744661
51 12.285107299432511 0.020046280823373463 0.080823074338371784
52 12.286661042233119 0.020049404674917372 0.080833296330481044
53 12.287424976765442 0.020050837024171764 0.080838322215562114
54 12.287792046999705 0.020051469698241439 0.080840737151313846
55 12.287964619608722 0.020051738075258767 0.080841872497425804
56 12.288044081734292 0.020051846789753053 0.080842395274567713
57 12.288079958001539 0.020051888433048306 0.080842631302641701
58 12.288095852054752 0.02005190323846916 0.080842735868781268
59 12.288102759841138 0.020051908136019661 0.08084278131474433
60 12.288105728030096 0.020051909302500517 0.080842800842303261
61 12.288106984727889 0.020051909373138218 0.0808428091100519
62 12.288107509470391 0.02005190920138079 0.080842812562305202
63 12.288107725128095 0.020051909043245456 0.08084281398110589
64 12.288107812525858 0.020051908943328069 0.080842814556091172
65 12.288107847555187 0.020051908887515207 0.080842814786547285
66 12.288107861445363 0.020051908859191257 0.080842814877930019
67 12.288107866909113 0.020051908846047403 0.080842814913875752
68 12.288107866909113 0.020051908846047403 0.080842814913875752
69 12.288107866909113 0.020051908846047403 0.080842814913875752
70 12.288107866909113 0.020051908846047403 0.080842814913875752
71 12.288107866909113 0.020051908846047403 0.080842814913875752
72 12.288107866909113 0.020051908846047403 0.080842814913875752
73 12.288107866909113 0.020051908846047403 0.080842814913875752
74 12.288107866909113 0.020051908846047403 0.080842814913875752
75 12.288107866909113 0.020051908846047403 0.080842814913875752
76 12.288107866909113 0.020051908846047403 0.080842814913875752
77 12.288107866909113 0.020051908846047403 0.080842814913875752
78 12.288107866909113 0.020051908846047403 0.080842814913875752
79 12.288107866909113 0.020051908846047403 0.080842814913875752
80 12.288107866909113 0.020051908846047403 0.080842814913875752
81 12.288107866909113 0.020051908846047403 0.080842814913875752
82 12.288107866909113 0.020051908846047403 0.080842814913875752
83 12.288107866909113 0.020051908846047403 0.080842814913875752
84 12.288107866909113 0.020051908846047403 0.080842814913875752
85 12.288107866909113 0.020051908846047403 0.080842814913875752
86 12.288107866909113 0.020051908846047403 0.080842814913875752
87 12.288107866909113 0.020051908846047403 0.080842814913875752
88 12.288107866909113 0.020051908846047403 0.080842814913875752
89 12.288107866909113 0.020051908846047403 0.080842814913875752
90 12.288107866908435 0.020051908846046258 0.080842814913871283
91 12.288107866909113 0.020051908846047403 0.080842814913875752
92 12.288107866909113 0.020051908846047403 0.080842814913875752
93 12.288107866909113 0.020051908846047403 0.080842814913875752
94 12.288107866909113 0.020051908846047403 0.080842814913875752
95 12.288107866909113 0.020051908846047403 0.080842814913875752
96 12.288107866909113 0.020051908846047403 0.080842814913875752
97 12.288107866909113 0.020051908846047403 0.080842814913875752
98 12.288107866909113 0.020051908846047403 0.080842814913875752
99 12.288107866909113 0.020051908846047403 0.080842814913875752
100 10.237960791941138 0.017994408922198179 0.067355005210139068
101 8.5614017126764974 0.01593056931323256 0.056325011267608534
102 7.1871310648422488 0.013981004394065112 0.047283757005541112
103 6.0579896729199163 0.012203497813092011 0.039855195216578397
104 5.127920419685073 0.010619121791159182 0.033736318550559689
105 4.3597269547512427 0.009227972110024997 0.028682414175995017
106 3.7233335582357507 0.0080187557696891482 0.024495615514708885
107 3.1944085494319738 0.0069746554059623598 0.021015845719947197
108 2.7532623158191418 0.0060768645955896058 0.018113567867231197
109 2.3839581849843947 0.005306643734647799 0.015683935427528911
110 2.0735919813804307 0.0046464377653758155 0.01364205250908178
111 1.8117075315713702 0.0040804087362021468 0.011919128497180067
112 1.5898228826108793 0.0035946144443407494 0.010459361069808416
113 1.4010470483872428 0.0031769833148567817 0.0092174147920213341
114 1.2397707593512781 0.0028171810829252012 0.0081563865746794618
115 1.1014175287344765 0.0025064282632405901 0.0072461679522005037
116 0.98224365530319691 0.0022373037124392152 0.0064621293112052426
117 0.87917777671796105 0.0020035537406244623 0.005784064320512902
118 0.78969223779538633 0.0017999170043305546 0.0051953436697064889
119 0.71169997691703157 0.001621969295986298 0.004682236690243629
120 0.64347182487228727 0.0014659890872280425 0.0042333672688966264
121 0.58357010359461359 0.0013288428431625257 0.003839276997332984
122 0.53079523290808295 0.0012078882035450255 0.0034920739007110722
123 0.48414271230221012 0.0011008928497550925 0.0031851494230408562
124 0.44276838588277395 0.0010059668348835935 0.0029129499071235128
125 0.40596032387811054 0.00092150631084071525 0.0026707916044612537
126 0.37311600049275417 0.0008461468141603743 0.0024547105295575932
127 0.3437237112667203 0.00077872450436477689 0.0022613402057021074
128 0.31734740492513119 0.00071824401094419167 0.0020878118745074419
129 0.2936142604947985 0.00066385173907728291 0.001931672766413148
130 0.27220447637195516 0.00061481367306127509 0.0017908189234997051
131 0.25284285807081935 0.00057049690493149539 0.0016634398557290747
132 0.23529186335983099 0.00053035423025823232 0.001547972785262046
133 0.21934583013004869 0.00049391127194056109 0.001443064671908215
134 0.20482617800859801 0.00046075570150323368 0.0013475406447934081
135 0.1915773969168435 0.0004305281927175521 0.0012603776112950231
136 0.17946369470678755 0.00040291480573836891 0.0011806822020183391
137 0.1683661761385698 0.00037764057183076047 0.0011076722114379592
138 0.15818047184270631 0.00035446406913617327 0.0010406609989651731
139 0.14881472926728159 0.00033317282014849292 0.00097904427149527362
140 0.14018791559520005 0.00031357938722869537 0.00092228891838947401
141 0.13222837227336542 0.00029551804667305636 0.00086992350179845672
142 0.12487258635821286 0.00027884195274728796 0.00082153017340929506
143 0.11806413704568443 0.00026342070054991956 0.00077673774372160806
144 0.11175279569662498 0.00024913824735830472 0.00073521576116200647
145 0.10589375265705539 0.00023589111821983568 0.0006966694253753644
146 0.05154300498876091 0.00011477311328432271 0.00033909871703132177
147 0.097834015454288811 0.00021768729050479686 0.00064364483851505792
148 0.092941655386862526 0.00020664989308661719 0.00061145825912409561
149 0.088378427246732519 0.00019636373955517368 0.0005814370213600824
