25 0.0 0.0 0.0
26 0.0 0.0 0.0
27 0.0 0.0 0.0
28 0.0 0.0 0.0
29 0.0 0.0 0.0
30 0.02844594019346058 3.4047660475049486e-07 0.0001497154747024241
31 0.094081749160668152 2.3300191582902616e-06 0.00049516710084562181
32 0.18699315788248452 7.5967950709964131e-06 0.00098417451517097119
33 0.30306318955231604 1.7832199869695303e-05 0.0015950694186964002
34 0.43960066253062202 3.4700920618085444e-05 0.0023136876975295897
35 0.59456844615583504 5.9825926233979472e-05 0.0031293076113465003
36 0.76629767330144782 9.4793008170416517e-05 0.0040331456489549888
37 0.95335245512107625 0.00014114102518548671 0.0050176445006372434
38 1.1544561825367023 0.00020033461957743358 0.0060760851712458016
39 1.3684474947182317 0.00027373223237779599 0.0072023552353591138
40 1.5942522489925248 0.00036256112055348285 0.0083908013104869728
41 1.8308648704665473 0.00046790362337499662 0.0096361308971923548
42 2.0773355403300355 0.00059069328623653154 0.01093334494910545
43 2.3327611742836556 0.0007317174189330689 0.012277690390966609
44 2.5962789375335307 0.00089162293665630591 0.013664625987018583
45 2.8670615009374369 0.0010709233765071418 0.015089797373354931
46 3.1443135211252398 0.0012700059627455409 0.016549018532238103
47 3.4272690010586331 0.0014891382531190905 0.018038257900308594
48 3.7151892973874348 0.0017284742584138745 0.0195536278809865
49 4.0073616114384061 0.0019880600873596111 0.021091376902307401
50 4.3030978466362546 0.0022678392221272916 0.022647883403348709
51 4.6017337471058797 0.0025676575110534102 0.024219651300557261
52 4.9026282510879495 0.0028872680001629817 0.025803306584673419
53 5.2051630121056327 0.0032263356210137828 0.027395594800555961
54 5.5087420483433531 0.0035844418147734139 0.028993379201807123
55 5.8127914908357177 0.0039610891130010947 0.030593639425451145
56 6.1167594073703135 0.0043557056791727021 0.032193470565106914
57 6.4201156794348364 0.0047676498646177781 0.033790082523341244
58 6.7223519152261435 0.0051962147290668228 0.035380799553821805
59 7.0229813739071671 0.0056406325192636889 0.036963059862669304
60 7.3215388659832827 0.0061000790463172985 0.038534415084122538
61 7.6175805733612547 0.0065736777653145244 0.040092529333480287
62 7.9106836860285279 0.0070605033142414515 0.041635177294886992
63 8.2004456967849695 0.007559583910819046 0.043160240509394578
64 8.4864831037323434 0.0080699018038756596 0.044665700545959704
65 8.768429184678121 0.0085903905366829618 0.046149627287779584
66 9.045930430458764 0.0091199273764962785 0.047610160160309285
67 9.3186412162868528 0.0096573191487233714 0.049045480085720281
68 9.5862163960348177 0.010201279861845979 0.050453770505446409
69 9.8483017751454582 0.010750399323417701 0.051833167237607676
70 10.104522869192959 0.011303103522697946 0.053181699311541888
71 10.354472948630463 0.011857609888125254 0.054497226045423487
72 10.59770199636433 0.012411883240819521 0.055777378928233319
73 10.833708710111893 0.012963600781033046 0.057019519526904698
74 11.061937858726289 0.013510135974154954 0.058220725572243621
75 11.281785035442804 0.014048570859478421 0.059377815976014756
76 11.492610055877542 0.014575743688795724 0.060487421346723906
77 11.693759049776041 0.015088334114980997 0.061546100261979167
78 11.884593883372807 0.015582981998288531 0.062550494123014777
79 12.0645262479407 0.01605642991430737 0.063497506568108944
80 12.23305284117823 0.016505674782909385 0.064384488637780152
81 12.389787765211475 0.016928112074695242 0.065209409290586703
82 12.534488617073352 0.017321656955625191 0.065970992721438693
83 12.667073652619992 0.017684830351172659 0.066668808697999959
84 12.787628650853389 0.018016803143683237 0.067303308688702046
85 12.896403422684637 0.018317397434353934 0.067875807487813883
86 12.993799095508363 0.018587048994690679 0.068388416292149284
87 13.080348068313427 0.018826738417932844 0.068843937201649621
88 13.156689053907295 0.019037900890196521 0.069245731862669968
89 13.223539696520525 0.019222324591253767 0.069597577350108034
90 13.281668911296723 0.019382046772591369 0.069903520585772233
91 13.331870806646066 0.019519254918706541 0.070167741087610869
92 13.374941485557104 0.019636198413855499 0.070394428871353179
93 13.41165949220794 0.019735113731710295 0.070587681537936528
94 13.442770268765464 0.019818164663073453 0.070751422467186659
95 13.468974590488653 0.019887397454851546 0.070889339949940275
96 13.49092070924633 0.019944709798551979 0.071004845838138583
97 13.509199756541488 0.019991831929817749 0.071101051350218353
98 13.524343894069832 0.020030317873920334 0.071180757337209646
99 13.536826653290172 0.020061544707214652 0.071246456069948269
100 13.547064947950131 0.020086717898373907 0.071300341831316477
101 13.555422285870298 0.020106880966012281 0.071344327820369993
102 13.562212768682762 0.0201229279468523 0.071380067203593481
103 13.567705546348584 0.020135617465245493 0.071408976559729387
104 13.572129453126712 0.020145587432469723 0.071432260279614274
105 13.575677623820537 0.020153369668243073 0.07145093486221335
106 13.578511938860023 0.02015940392405741 0.071465852309789593
107 13.580767196646184 0.020164050967707466 0.071477722087611495
108 13.582554948380595 0.020167604519954637 0.071487131307266291
109 13.583966963236106 0.020170301942530708 0.071494562964400557
110 13.585078310629241 0.020172333670052216 0.071500412161206534
111 13.585950069518537 0.02017385139071828 0.071505000365887042
112 13.586631679050571 0.02017497507005277 0.07150858778447669
113 13.587162965913741 0.020175798927494357 0.071511384031124947
114 13.587575851563029 0.020176396419162222 0.071513557113489626
115 13.587895812920445 0.020176824407602059 0.071515241120633927
116 13.588143096131603 0.020177126593227662 0.071516542611218967
117 13.588333717887048 0.020177336299381909 0.071517545883616043
118 13.588480305360667 0.020177478741941812 0.071518317396635084
119 13.588592771458512 0.020177572843574104 0.071518909323465857
120 13.588678872336253 0.02017763267906323 0.071519362485980273
121 13.588744655110109 0.020177668619573021 0.071519708711105828
122 13.588794819111571 0.020177688228259643 0.071519972732166162
123 13.588833004965517 0.020177696956299045 0.071520173710344831
124 13.588862025349876 0.020177698680952528 0.071520326449209873
125 13.588884046768788 0.020177696117314275 0.071520442351414679
126 13.588900733826963 0.020177691131374187 0.07152053017803664
127 13.588913355927842 0.020177685023305043 0.071520596610146536
128 13.588922903261192 0.020177678515042423 0.071520646859269427
129 13.588930113452093 0.020177672157056594 0.071520684807642593
130 13.588935552838873 0.020177666234211605 0.07152071343599406
131 13.588939652652494 0.020177660896882863 0.071520735013960487
132 13.588942740108944 0.020177656217387586 0.07152075126373128
133 13.588945063713391 0.020177652184994403 0.071520763493228376
134 13.588946811029233 0.020177648762209236 0.071520772689627546
135 13.588948124388745 0.020177645899438722 0.071520779602046031
136 13.588949111024137 0.020177643526358001 0.071520784794863873
137 13.588949851861313 0.020177641576498859 0.071520788694006909
138 13.588950407766781 0.020177639986071947 0.071520791619825164
139 13.588950824802129 0.020177638698953088 0.071520793814748046
140 13.588951137488824 0.020177637663065098 0.071520795460467496
141 13.588951450287791 0.020177636628811699 0.071520797106777848
142 13.588951606215677 0.020177636005641444 0.071520797927450933
143 13.588951762342647 0.020177635384485498 0.071520798749171832
144 13.588951866105345 0.020177634925182649 0.071520799295291287
145 13.588951917958322 0.020177634661485897 0.071520799568201704
146 13.588951969248367 0.020177634401535777 0.071520799838149296
147 13.588951995980064 0.020177634250317052 0.071520799978842448
148 13.58895202080123 0.020177634108943052 0.071520800109480157
149 13.588952034159609 0.020177634025918368 0.071520800179787417
150 13.029507296152298 0.019758724914858628 0.068576354190275246
151 12.496127740636668 0.019328223661549668 0.065769093371771933
152 11.987402750318935 0.018889093045877832 0.06309159342273124
153 11.50205271701855 0.018444133194584555 0.060537119563255526
154 11.038895468603499 0.01799581297652646 0.058099449834755262
155 10.596825464283677 0.017546258071382159 0.055772765601493038
156 10.174801881915009 0.017097286952948171 0.053551588852184258
157 9.7718414002177791 0.016650453310070715 0.05143074421167252
158 9.3870133027488052 0.016207083381517919 0.049405333172362134
159 9.0194357542389554 0.015768306780760501 0.0474707144959945
160 8.6682727110529534 0.015335081940752992 0.045622487952910282
161 8.3327312142721937 0.014908217460964998 0.043856480075116812
162 8.0120589413269805 0.01448839034000364 0.042168731270142
163 7.7055419519649497 0.014076161765248183 0.040555483957710262
164 7.4125025923186323 0.013671990919359153 0.039013171538519117
165 7.1322975347070656 0.01327624713061328 0.037538408077405612
166 6.8643159377012095 0.012889220612553745 0.036127978619480049
167 6.6079777177634069 0.012511131965875761 0.034778830093491614
168 6.3627319177561326 0.012142140640118475 0.033488062725032276
169 6.1280551716877456 0.011782352434467501 0.03225292195625129
170 5.9034502552428059 0.011431826175914723 0.031070790817067401
171 5.6884447172066208 0.01109057966746645 0.02993918272214011
172 5.482589586933587 0.010758594984912532 0.028855734668071512
173 5.2854581528112714 0.010435823194840739 0.02781820080426985
174 5.0966448075670492 0.010122188560051464 0.026824446355616049
175 4.9157639565424107 0.0098175922858440498 0.025872441876539004
176 4.7424489850890073 0.0095219158559727863 0.024960257816257932
177 4.5763512815502283 0.0092350240050093225 0.024086059376580149
178 4.4171393130066603 0.0089567673617797459 0.023248101647403475
179 4.2644977502906638 0.0086869848028014156 0.02244472500152981
180 4.1181266399622247 0.008425505541760317 0.021674350736643287
181 3.977740620119627 0.0081721509860438468 0.020935476947998036
182 3.843068178096027 0.0079267363810857621 0.020226674621558038
183 3.7138509472957955 0.0076890722681180745 0.019546583933135766
184 3.5898430412745106 0.0074589657713514885 0.018893910743550055
185 3.4708104228157408 0.007236221733693541 0.018267423277977583
186 3.3565303062264169 0.0070206437161560598 0.017665948980139037
187 3.2467905910005412 0.0068120348749287647 0.017088371531581797
188 3.1413893249853495 0.0066101987290358172 0.016533628026238683
189 3.0401341957110066 0.0064149398286911415 0.016000706293215823
190 2.9428420481235231 0.0062260643362324394 0.015488642358544859
191 2.8493384265832051 0.0060433805257387591 0.014996518034648448
192 2.7594571437210034 0.0058666992156904329 0.014523458651163175
193 2.6730398684139893 0.0056958341407982432 0.014068630886389417
194 2.589935731486821 0.0055306022477944654 0.0136312406920359
195 2.510000964196637 0.0053708239661230733 0.013210531390508616
196 2.4330985398424554 0.0052163234187159457 0.012805781788644503
197 2.3590978475519759 0.0050669285954571541 0.012416304460799873
198 2.2878743701303756 0.0049224714884899216 0.012041444053317767
199 2.2193093888930595 0.00478278819875513 0.011680575731016102
200 2.1532896976309752 0.0046477190129345205 0.011333103671741975
201 2.0897073331949634 0.0045171084544420783 0.010998459648394543
202 2.0284593185623718 0.0043908053122127567 0.010676101676644062
203 1.9694474209073565 0.0042686626525673243 0.010365512741617665
204 1.9125779197674044 0.0041505378105491401 0.010066199577723181
205 1.8577613881097257 0.0040362923682781444 0.0097776915163669768
206 1.8049124840312856 0.0039257921193588691 0.0094995393896383454
207 1.7539497531795962 0.003818907022778728 0.0092313144904189268
208 1.7047954413675275 0.0037155111473164085 0.0089726075861448814
209 1.6573753148066146 0.0036154826050941186 0.0087230279726663931
210 1.6116184924295658 0.0035187034826371496 0.0084822025917345566
211 1.5674572840061511 0.0034250597627711404 0.0082497751789797433
212 1.5248270374558306 0.0033344412424750267 0.0080254054602938458
213 1.4836659936785068 0.003246741447667195 0.0078087683877816148
214 1.4439151480440207 0.0031618575432074635 0.0075995534107580033
215 1.4055181195024586 0.0030796902421007157 0.0073974637868550455
216 1.3684210259265481 0.0030001437125655264 0.007202215925929201
217 1.3325723657496302 0.0029231254839317518 0.0070135387671033172
218 1.2979229048826886 0.0028485463512904017 0.0068311731835930976
219 1.2644255699026838 0.0027763202808236179 0.0066548714205404416
220 1.2320353462420119 0.0027063643149298341 0.006484396559168484
221 1.2007091813927953 0.0026385984778544772 0.0063195220073305009
222 1.1704058928825194 0.002572945682223379 0.006160031015171155
223 1.1410860808089538 0.0025093316366125397 0.006005716214783967
224 1.1127120445545693 0.0024476847544298956 0.0058563791818661542
225 1.0852477037637611 0.0023879360642791842 0.005711830019809269
226 1.0586585229810963 0.0023300191219674531 0.005571886963058402
227 1.0329114409846072 0.0022738699118671581 0.0054363760051821435
228 1.0079747991507062 0.0022194268125608138 0.0053051305218458225
229 0.98381828215809741 0.0021666304390562689 0.0051779909587268283
230 0.96041285256049314 0.002115423612866684 0.0050548044871604903
231 0.93773069362552153 0.0020657512617686842 0.0049354247032922186
232 0.9157451515177526 0.0020175603810256154 0.0048197113237776453
233 0.89443068528907888 0.0019707999043795106 0.0047075299225740989
234 0.87376281429206326 0.0019254206670061653 0.0045987516541687538
235 0.85371807055041438 0.0018813753287075885 0.004493253002896918
236 0.83427395336749999 0.0018386182995188769 0.0043909155440394736
237 0.81540888424323932 0.0017971056993591071 0.0042916257065433649
238 0.79710216766679476 0.0017567952568402205 0.0041952745666673412
239 0.77933395004763284 0.0017176462734839473 0.0041017576318296469
240 0.76208518248795065 0.0016796195582645696 0.0040109746446734245
241 0.74533758494856162 0.001642677370460197 0.0039228293944661135
242 0.72907361212060173 0.0016067833645188011 0.0038372295374768514
243 0.71327642091664178 0.0015719025368457732 0.0037540864258770621
244 0.69792983949845611 0.0015380011745282118 0.0036733149447287163
245 0.68301833776998866 0.0015050468058713218 0.0035948333566841509
246 0.66852699926004 0.0014730081527559182 0.0035185631540002103
247 0.65444149432727217 0.001441855084744495 0.0034444289175119586
248 0.64074805462190854 0.0014115585748724884 0.0033723581822205713
249 0.62743344874274176 0.0013820906571381717 0.0033022813091723251
250 0.61448495903028488 0.0013534243855425096 0.0032341313633172889
251 0.60189035944037295 0.0013255337947193687 0.0031678439970545943
252 0.58963789444647396 0.0012983938620612489 0.0031033573391919681
253 0.57771625891785849 0.0012719804712835482 0.0030406118890413604
254 0.56611457892906358 0.0012462703774199463 0.0029795504154161243
255 0.55482239345121886 0.0012212411731523851 0.0029201178602695729
256 0.54382963688850305 0.0011968712564736162 0.0028622612467815952
257 0.53312662283185974 0.0011731397994511105 0.0028059295938518934
258 0.5227040264553362 0.0011500267189541238 0.002751073823449138
259 0.51255287235701164 0.0011275126471666467 0.0026976466966158507
260 0.50266451654591926 0.001105578904231981 0.002645602718662733
261 0.49303063575021877 0.0010842074722438718 0.0025948980828958881
262 0.48364321281541117 0.0010633809696954943 0.0025454905937653221
263 0.47449452285466753 0.0010430826260694652 0.0024973395939719345
264 0.46557712375778681 0.0010232962600608586 0.0024504059145146672
265 0.45688384338759014 0.0010040062564126019 0.0024046518073031061
266 0.44840776735987681 0.00098519754279313828 0.0023600408808414569
267 0.44014223095925814 0.00096685557170210468 0.0023165380576803062
268 0.43208080798914705 0.0009489662993974209 0.0022741095157323529
269 0.42421729986596002 0.00093151616495735189 0.0022327226308734736
270 0.4165457288748286 0.00091449207524046689 0.0021923459414464664
271 0.4090603282103164 0.00089788138565792465 0.0021529490958437703
272 0.40175553241862311 0.00088167188135158503 0.0021145028022032794
273 0.39462597173221564 0.00086585176474099682 0.0020769787985906087
274 0.38766646315446046 0.00085040963789967936 0.0020403498060761077
275 0.38087200209099975 0.0008353344857727151 0.0020045894846894723
276 0.37423775756398547 0.00082061566576779453 0.0019696724082315024
277 0.36775906389472418 0.00080624289105759737 0.0019355740204985484
278 0.36143141512913207 0.00079220621894193538 0.0019022706059428005
279 0.35525045745353734 0.00077849603536865976 0.0018697392497554596
280 0.34921198522378627 0.00076510304649167005 0.0018379578169672962
281 0.34331193454478143 0.00075201826533558675 0.0018069049186567444
282 0.33754637673332338 0.0007392329983106628 0.0017765598775438072
283 0.33191151501547295 0.00072673883821831897 0.0017469027106077524
284 0.32640367879683346 0.00071452765219270507 0.0017179140989307025
285 0.32101931786137655 0.00070259156960113917 0.0016895753571651397
286 0.31575499959183734 0.00069092297617639087 0.001661868418904407
287 0.31060740386761265 0.00067951450318737673 0.0016347758098295402
288 0.30557331786582798 0.00066835901648062729 0.0016082806203464631
289 0.30064963412803469 0.00065744961238955709 0.001582366495410709
290 0.2958333444317377 0.00064677960464815326 0.0015570176022723036
291 0.29112153828356679 0.00063634252131372724 0.0015322186225450883
292 0.2865113972932401 0.00062613209260274443 0.0015079547225960005
293 0.28200019361052253 0.00061614224766212916 0.0014842115453185397
294 0.27758528581378555 0.00060636710569979702 0.0014609751884936081
295 0.27326411506185477 0.00059680096776011963 0.0014382321845360778
296 0.26903420367861464 0.00058743831367727526 0.0014159694930453402
297 0.26489315136768621 0.00057827379393494277 0.001394174480882559
298 0.26083863185600886 0.00056930222239129466 0.0013728349045053097
299 0.25686839166086178 0.00056051857365070623 0.00135193890347822
300 0.25298024671662356 0.000551917975768712 0.0013314749827190713
301 0.24917207935621921 0.0005434957036857405 0.00131143199661168
302 0.24544183730192842 0.00053524717707515682 0.0012917991436943602
303 0.2417875304559268 0.0005271679533249648 0.0012725659497680357
304 0.23820722918536491 0.00051925372384455017 0.0012537222588703417
305 0.23469906140851976 0.00051150030769294287 0.0012352582179395778
306 0.23126121199846797 0.00050390365031576141 0.0012171642736761472
307 0.227891919270267 0.00049645981584672903 0.0011994311540540368
308 0.22458947469725515 0.00048916498645529727 0.0011820498668276586
309 0.22135221957725837 0.00048201545518798851 0.0011650116819855703
310 0.21817854464380002 0.0004750076249157898 0.0011483081297042107
311 0.2150668878130606 0.00046813800352443795 0.0011319309884897926
312 0.21201573209591076 0.00046140319935554698 0.0011158722741890039
313 0.20902360516380236 0.00045479992013256485 0.0011001242377042229
314 0.20608907725499531 0.00044832496844539462 0.0010846793539736595
315 0.20321075933381011 0.00044197523771794661 0.0010695303122832112
316 0.20038730287311313 0.00043574771157188014 0.001054670015121648
317 0.19761739721327706 0.00042963945832752697 0.0010400915642804055
318 0.19489976945361404 0.00042364763036225272 0.0010257882602821792
319 0.19223318270515319 0.00041776946048996015 0.0010117535931850167
320 0.1896164345008253 0.00041200225849370481 0.00099798123421486994
321 0.18704835657572455 0.00040634341044911424 0.00098446503460907658
322 0.1845278132948702 0.00040079037534346962 0.00097119901734142209
323 0.18205370018025507 0.00039534068191016206 0.00095817736936976356
324 0.1796249439192372 0.00038999192840695555 0.00094539444168019579
325 0.17724050025572685 0.00038474177825551978 0.00093284473818803604
326 0.17489935400942261 0.00037958795976920836 0.00092052291583906638
327 0.17260051774930707 0.00037452826336500434 0.00090842377762793199
328 0.17034303062992678 0.00036956053895803131 0.00089654226647329889
329 0.168125957945264 0.00036468269517793737 0.00088487346286981051
330 0.16594839039828754 0.00035989269726633267 0.00087341258104361866
331 0.16380944313471257 0.00035518856524255381 0.00086215496386690823
332 0.16170825463362765 0.00035056837156897746 0.0008510960770190929
333 0.15964398677358727 0.00034603024082189969 0.0008402315093346698
334 0.15761582328069498 0.00034157234694974487 0.00082955696463523677
335 0.1556229697251022 0.0003371929124806866 0.00081906826171106422
336 0.15366465258924092 0.00033289020687410836 0.00080876132941705751
337 0.15174011831170545 0.00032866254450208558 0.00079863220164055502
338 0.14984863339578208 0.00032450828443386024 0.00078867701787253732
339 0.14798948302549667 0.00032042582796702995 0.00077889201592366668
340 0.14616197115504226 0.00031641361819808141 0.00076927353239495929
341 0.14436541967631941 0.00031247013849004649 0.00075981799829641795
342 0.14259916758942107 0.00030859391073329571 0.0007505219346811635
343 0.14086257117363737 0.0003047834953424753 0.00074138195354545987
344 0.1391550027105154 0.0003010374888747272 0.00073239475110797576
345 0.13747585075628721 0.00029735452413271959 0.00072355710924361686
346 0.13582451895270214 0.00029373326801666817 0.00071486588922474816
347 0.13420042627288764 0.00029017242156102155 0.00070631803301519816
348 0.13260300589077062 0.00028667071792112375 0.00069791055731984537
349 0.13103170545330342 0.00028322692246342067 0.00068964055501738648
