25 0.0 0.0 0.0
26 0.0 0.0 0.0
27 0.0 0.0 0.0
28 0.0 0.0 0.0
29 0.0 0.0 0.0
30 0.67352253004356721 6.8184372081221624e-05 0.0020660200308084886
31 2.1456453153527564 0.00040230152512834948 0.0065817340961740996
32 4.0669081778647111 0.0011349903003213635 0.012475178459707702
33 6.2321505123985288 0.0023119291965872741 0.01911702611165193
34 8.4824922025235452 0.0039071313184464275 0.026019914731667315
35 10.691166846286658 0.005838609558321238 0.03279499032603269
36 12.758081115375704 0.0079817506179857521 0.039135218145324245
37 14.606980367896222 0.010183948126912081 0.044806688245080432
38 16.185969535034285 0.012286517625619069 0.04965021329765118
39 17.470600094068917 0.014154257041110641 0.05359079783456723
40 18.465176845127914 0.015701662292186339 0.056641646764196057
41 19.198509888515964 0.01690257302913329 0.058891134627349587
42 19.71469200862607 0.017780662104883407 0.060474515363883652
43 20.062671058830965 0.018389306799425565 0.06154193576328517
44 20.288112520395654 0.018791549046849994 0.062233473988943723
45 20.428914327594168 0.019046261604805829 0.062665381372988244
46 20.513918361043565 0.01920142280676241 0.062926129941851427
47 20.563633045117417 0.019292632998341098 0.063078628972752807
48 20.591851012232958 0.019344499187128637 0.063165187154088823
49 20.607418391498214 0.019373083858406841 0.06321293985122152
50 20.615776618344299 0.019388375403338834 0.063238578583878213
51 20.62014905400093 0.019396325765175922 0.063251990963193033
52 20.62238011161228 0.019400347460871149 0.063258834698197181
53 20.623491650967548 0.019402328675294969 0.063262244328121317
54 20.624032904092505 0.019403279980479603 0.063263904613780689
55 20.624290747361286 0.019403725520496819 0.063264695544053021
56 20.624411023002374 0.019403929165240134 0.063265064487737346
57 20.624466035171576 0.019404020182637392 0.063265233236722632
58 20.62449072185148 0.01940405985583997 0.063265308962734607
59 20.624501559758741 0.019404076757097186 0.063265342207848893
60 20.62450626955561 0.019404083832428684 0.063265356655078556
61 20.624508301890135 0.01940408669371552 0.06326536288923354
62 20.624509159089008 0.019404087803471987 0.063265365518677938
63 20.624509513291954 0.019404088214384239 0.06326536660519004
64 20.624509656762864 0.019404088357736698 0.063265367045284862
65 20.624509713869202 0.019404088403736103 0.063265367220457669
66 20.624509736200544 0.019404088417424747 0.063265367288958721
67 20.624509744834747 0.019404088420620236 0.063265367315444007
68 20.624509744834747 0.019404088420620236 0.063265367315444007
69 20.624509744834747 0.019404088420620236 0.063265367315444007
70 20.624509744834747 0.019404088420620236 0.063265367315444007
71 20.624509744834747 0.019404088420620236 0.063265367315444007
72 20.624509744834747 0.019404088420620236 0.063265367315444007
73 20.624509744834747 0.019404088420620236 0.063265367315444007
74 20.624509744834747 0.019404088420620236 0.063265367315444007
75 20.624509744834747 0.019404088420620236 0.063265367315444007
76 20.624509744834747 0.019404088420620236 0.063265367315444007
77 20.624509744834747 0.019404088420620236 0.063265367315444007
78 20.624509744834747 0.019404088420620236 0.063265367315444007
79 20.624509744834747 0.019404088420620236 0.063265367315444007
80 20.624509744834747 0.019404088420620236 0.063265367315444007
81 20.624509744834747 0.019404088420620236 0.063265367315444007
82 20.624509744834747 0.019404088420620236 0.063265367315444007
83 20.624509744834747 0.019404088420620236 0.063265367315444007
84 20.624509744834747 0.019404088420620236 0.063265367315444007
85 20.624509744834747 0.019404088420620236 0.063265367315444007
86 20.624509744834747 0.019404088420620236 0.063265367315444007
87 20.624509744834747 0.019404088420620236 0.063265367315444007
88 20.624509744834747 0.019404088420620236 0.063265367315444007
89 20.624509744834747 0.019404088420620236 0.063265367315444007
90 20.624509744833617 0.019404088420619196 0.063265367315440538
91 20.624509744834747 0.019404088420620236 0.063265367315444007
92 20.624509744834747 0.019404088420620236 0.063265367315444007
93 20.624509744834747 0.019404088420620236 0.063265367315444007
94 20.624509744834747 0.019404088420620236 0.063265367315444007
95 20.624509744834747 0.019404088420620236 0.063265367315444007
96 20.624509744834747 0.019404088420620236 0.063265367315444007
97 20.624509744834747 0.019404088420620236 0.063265367315444007
98 20.624509744834747 0.019404088420620236 0.063265367315444007
99 20.624509744834747 0.019404088420620236 0.063265367315444007
100 16.787802779684089 0.017204235482372352 0.05149632754504322
101 13.761155377837451 0.015059302958151444 0.042212133060851073
102 11.35786825836068 0.013089124537621137 0.034840086682087976
103 9.4375383678392222 0.011336942513372224 0.028949504195825836
104 7.8936717826810012 0.0098075780285192919 0.024213717124788349
105 6.6449254184401694 0.0084875922185653208 0.020383206805031195
106 5.6288052558508834 0.0073558443843572 0.017266273790953631
107 4.7970488597779051 0.0063889996761902178 0.014714873802999708
108 4.1121999572820158 0.0055643224577975785 0.012614110298411092
109 3.54504715449018 0.0048609872178417288 0.010874377774509754
110 3.0726979948284212 0.0042605810531871355 0.0094254539718663221
111 2.6771241332698019 0.0037471758182047654 0.0082120372186190241
112 2.3440578376071457 0.0033071839599863582 0.0071903614650525938
113 2.0621516390494343 0.002929118347958629 0.0063256185246915167
114 1.8223358769042999 0.0026033224203647642 0.0055899873524671772
115 0.85654792584611572 0.0012269594562048778 0.0026274476252948335
116 1.5235708943253425 0.0021921928774281951 0.0046735303506912351
117 1.3604073825732708 0.0019648685183484877 0.0041730287808996033
118 1.2193116438541769 0.0017667789284181524 0.0037402197664238557
119 1.0967758423607679 0.001593600179582159 0.0033643430747262817
120 0.98992067171430276 0.001441708567785921 0.0030365664776512355
121 0.89637183428806155 0.0013080614962895081 0.0027496068536443604
122 0.81416263433299774 0.0011900986417197879 0.0024974313936595022
123 0.74165682442637648 0.0010856602130983029 0.0022750209338232409
124 0.67748725206548643 0.00099291953660603704 0.0020781817548021055
125 0.62050683038059773 0.00091032742095382773 0.0019033951852165574
126 0.56974921701910008 0.00083656630756185789 0.0017476969847211659
127 0.52439712567685781 0.00077051241373052868 0.0016085801401130608
128 0.48375671024639127 0.0007112044910350207 0.0014839162890993597
129 0.44723673752737469 0.0006578179332693393 0.0013718918329060574
130 0.41433161287024683 0.00060964333098598503 0.0012709558677001438
131 0.38460748013177526 0.00056606864921038768 0.0011797775464164886
132 0.35769079810357696 0.00052656438787896146 0.0010972110371275368
133 0.33325891271244723 0.00049067118992323256 0.0010222666034124148
134 0.31103225728570261 0.00045798948140922993 0.00095408667879049878
135 0.29076786353976208 0.000428170772375142 0.00089192596177841126
136 0.27225395557723669 0.00040091034181440147 0.00083513483305900824
137 0.25530542211981222 0.00037594107035869242 0.00078314546662519081
138 0.23976002027891472 0.00035302822699821235 0.00073546018490464635
139 0.22547517333654174 0.00033196504866786632 0.00069164163600166182
140 0.10933474190117407 0.00016096412666375019 0.00033538264386863208
141 0.20605191998008718 0.00030331456756601063 0.00063206110423339628
142 0.19440708392596392 0.00028613171379180427 0.00059634074823915314
143 0.18364255804872903 0.00027024477170141273 0.00056332073021082526
144 0.17367624510979968 0.00025553370628691915 0.00053274921812821992
145 0.16443505353565188 0.00024189150465175213 0.00050440200471058862
146 0.15585376964661571 0.00022922256760371732 0.00047807904799575371
147 0.075870405379832459 0.00011157518854321595 0.00023273130484611183
148 0.073887775022900296 0.0001086480511161512 0.00022664961663466349
149 0.036458480355113336 5.3607379405815152e-05 0.00011183582931016361
