25 0.0 0.0 0.0
26 0.0 0.0 0.0
27 0.0 0.0 0.0
28 0.0 0.0 0.0
29 0.0 0.0 0.0
30 0.090378784362799724 5.2725400118702415e-07 0.00014963374894503266
31 0.2987388704829757 3.5415491855176128e-06 0.00049460077894532403
32 0.59330800418316321 1.1345165107576727e-05 0.00098229802017080008
33 0.96071078241880248 2.6204711632271569e-05 0.0015905807655940437
34 1.3920835163404741 5.0234028437509801e-05 0.0023047740336762817
35 1.8806274512296033 8.5361134343448283e-05 0.003113621607996032
36 2.4207046986518455 0.00013332525420513443 0.0040077892361785519
37 3.0074119331705038 0.00019568252593884678 0.0049791588297524898
38 3.6363498276778681 0.00027381270550839185 0.0060204467345660066
39 4.3034867729301354 0.00036892487761947321 0.0071249781008777078
40 5.0050731947875216 0.00048206213451653214 0.0082865450244826513
41 5.7375852209025817 0.0006141056475084725 0.0094993132796400356
42 6.4976864001015544 0.00076577853274773454 0.010757758940565488
43 7.2822010440364098 0.00093764978463876036 0.012056624245093394
44 8.0880953269030975 0.0011301384340963599 0.013390886302819698
45 8.912463716295731 0.0013435180077382238 0.014755734629628694
46 9.7525191539332923 0.0015779213136250948 0.016146554890618035
47 10.60558592353096 0.001833345550249269 0.017558917091938676
48 11.469094472303141 0.002109657720253239 0.018988567007124407
49 12.340577667994745 0.0024066003229248614 0.020431419980123752
50 13.217668117888165 0.0027237972980851239 0.021883556486569811
51 14.098096276337063 0.0030607601935491438 0.023341219000558053
52 14.97968913454781 0.0034168945286314248 0.024800809825410282
53 15.860369340288797 0.0037915063310979633 0.026258889636239728
54 16.738154626866582 0.0041838088236045767 0.027712176534547321
55 17.611157459589368 0.0045929292392959441 0.029157545462896305
56 18.477584826148394 0.0050179157464206887 0.030592027857861581
57 19.33573811070077 0.0054577444612541161 0.032012811441557563
58 20.184012998406992 0.0059113265243738115 0.033417240063587733
59 21.020899356573956 0.0063775152042236253 0.034802813504261516
60 21.844981026221529 0.006855112967363991 0.03616718712950584
61 22.654935428518371 0.0073428784076593149 0.037508171239268827
62 23.449532837532697 0.0078395328450687335 0.038823729863464732
63 24.227635090052456 0.0083437662783428877 0.04011197862591466
64 24.988193398365276 0.0088542422034267442 0.041371181123121319
65 25.730244820161314 0.0093696006083363939 0.042599743079737275
66 26.452906858108143 0.0098884582749286052 0.043796203407463812
67 27.155369665439959 0.010409405441804876 0.044959221300397284
68 27.836885488771951 0.010930998023580076 0.046087558756244949
69 28.496755338007222 0.011451745049967824 0.047180058506634474
70 29.134313451396711 0.011970091850948984 0.048235618297014421
71 29.748910865991643 0.012484400731784735 0.049253163685416629
72 30.339900170227203 0.012992932265646441 0.050231622798389407
73 30.906624138300995 0.013493831595775342 0.051169907513743368
74 31.448411141037173 0.013985124793707501 0.052066905862644328
75 31.964579912388142 0.014464730097541565 0.052921489921172418
76 32.454455291822953 0.014930487468215511 0.053732541873879061
77 32.917395078329818 0.015380207454254934 0.054498998474055989
78 33.352826418135457 0.015811737348202039 0.055219911288303739
79 33.760288483974634 0.016223039570084054 0.055894517357573899
80 34.139476978639841 0.016612274887407519 0.056522312878542785
81 34.490285467289183 0.016977881973234212 0.057103121634584739
82 34.81283880990965 0.017318645119520169 0.057637150347532536
83 35.107514944950466 0.017633743514935966 0.058125024743295471
84 35.374952762548197 0.017922777973456636 0.058567802587000325
85 35.616045495953749 0.018185773822766305 0.058966962741645278
86 35.831920658688908 0.018423161316597807 0.059324371951471701
87 36.023908823884739 0.018635737034886267 0.05964223315212705
88 36.193504366274553 0.018824611097476223 0.059923020473964493
89 36.342321577381014 0.018991145512800321 0.060169406585067906
90 36.47204949871243 0.019136888912407345 0.060384187911775543
91 36.584408345093493 0.019263512207869669 0.060570212491876642
92 36.681109773044795 0.019372748763356786 0.060730314193782775
93 36.763822545681407 0.019466341606029048 0.060867255870333453
94 36.834144451838924 0.019545999137741861 0.060983682867282986
95 36.8935807656555 0.01961335993500319 0.061082087360356786
96 36.943529029937878 0.019669966464901972 0.061164783162148802
97 36.985269667710178 0.019717247100497173 0.061233890178328108
98 37.019961597563757 0.019756505349533111 0.061291327148284364
99 37.048642123100514 0.019788915284293551 0.061338811462086945
100 37.072230125274295 0.019815521853016507 0.061377864445818373
101 37.091531763476013 0.019837244962528026 0.061409820800456975
102 37.107247965896413 0.019854886328937681 0.061435841003139757
103 37.119983021530238 0.01986913814116564 0.061456925532334832
104 37.130253756705052 0.019880592809681765 0.061473930060769955
105 37.138498850153752 0.019889753175797883 0.061487580877738
106 37.145087969039977 0.019897042729628514 0.06149849001496685
107 37.150330503694157 0.019902815514559906 0.06150716970810291
108 37.154483670426373 0.019907365396120296 0.061514045811964194
109 37.157759965325546 0.019910934646129218 0.061519470141267463
110 37.160333895133292 0.019913721727822218 0.061523731614459093
111 37.16234789538602 0.019915888153828311 0.061527066051963612
112 37.163917580766721 0.019917564585458288 0.061529664868819077
113 37.165136288304787 0.019918856110920372 0.061531682596531106
114 37.166078964628305 0.019919846756386386 0.061533243318921037
115 37.166805470572299 0.019920603324717467 0.061534446143331624
116 37.167363399505838 0.019921178658346472 0.061535369866731519
117 37.167790390745381 0.019921614313278636 0.061536076805869838
118 37.168116080510188 0.019921942812441532 0.061536616027334748
119 37.168363699181008 0.019922189480643435 0.061537025992021537
120 37.168551370157211 0.019922373931986693 0.061537336705558297
121 37.168693175368119 0.019922511288959926 0.061537571482397552
122 37.16880001324283 0.01992261316269377 0.061537748366296073
123 37.168880270748772 0.019922688393710846 0.061537881242961542
124 37.16894041252435 0.019922743731932833 0.061537980815437668
125 37.168985357249127 0.019922784264599685 0.061538055227233657
126 37.169018863915994 0.019922813827496878 0.06153811070184767
127 37.16904378203963 0.019922835294555175 0.061538151957019255
128 37.169062270381581 0.019922850816385462 0.061538182566856919
129 37.16907595945149 0.019922861989516528 0.061538205230879953
130 37.169086075022214 0.019922869995543584 0.061538221978513601
131 37.169093535541123 0.019922875705319528 0.0615382343303661
132 37.169099028367711 0.019922879758128897 0.06153824342444985
133 37.16910306444214 0.01992288262271889 0.061538250106692283
134 37.16910602910562 0.01992288463106217 0.061538255015075531
135 37.169108198897405 0.019922886031571389 0.061538258607446036
136 37.169109791463519 0.019922887005285397 0.061538261244144903
137 37.169110955684118 0.019922887676282169 0.061538263171662451
138 37.169111808750259 0.019922888133252544 0.061538264584023609
139 37.169112424897975 0.019922888439306393 0.061538265604135722
140 37.169112875200391 0.019922888644753795 0.061538266349669524
141 37.169113205022917 0.01992288878214207 0.061538266895733308
142 37.169113445456986 0.019922888872179554 0.061538267293802955
143 37.169113620563856 0.019922888930158176 0.061538267583714994
144 37.169113748335199 0.019922888966880024 0.061538267795256951
145 37.169113841932386 0.019922888989649994 0.061538267950219182
146 37.169113910569571 0.019922889003240733 0.061538268063856906
147 37.16911396049386 0.019922889010695489 0.06153826814651301
148 37.169113996361169 0.019922889014178286 0.061538268205895974
149 37.169114031545369 0.01992288901766506 0.061538268264147961
150 35.508487061651877 0.019467600761132201 0.058788885863662051
151 33.93309418444467 0.019002398256299229 0.056180619510669987
152 32.438134465961404 0.018530820241001979 0.05370552063900895
153 31.019102506955843 0.018055868852700042 0.051356129978403713
154 29.671766946929655 0.017580088320760197 0.04912544196511532
155 28.392151344259879 0.017105630450176604 0.047006873086522981
156 27.176516925070441 0.016634309625504249 0.044994233319653049
157 26.021346870188179 0.016167649364145793 0.043081700116205594
158 24.92333190692824 0.015706921963534719 0.041263794547894438
159 23.879357032851853 0.015253182441632384 0.039535359325913663
160 22.886489239248974 0.014807297720699122 0.037891538475577774
161 21.941966125102748 0.014369971811929349 0.036327758485269451
162 21.043185314649453 0.013941767617061595 0.034839710785843463
163 20.187694603280089 0.013523125851034681 0.033423335435894187
164 19.37318276937226 0.013114381502946084 0.03207480590955672
165 18.597470996136671 0.01271577818211762 0.030790514894266013
166 17.858504855174353 0.012327480640064094 0.029567061018500585
167 17.154346808739302 0.011949585713976488 0.028401236438310103
168 16.48316919240203 0.011582131900791317 0.027290015219208659
169 15.843247642836371 0.011225107736365866 0.026230542455027105
170 15.232954940892217 0.010878459140087544 0.025220124074324862
171 14.650755238930616 0.010542095843341042 0.024256217282997709
172 14.095198648326063 0.01021589702740589 0.023336421603188846
173 13.564916162099871 0.0098997162588937374 0.022458470467052766
174 13.05861489062006 0.0095933858144552544 0.02162022332884116
175 12.575073590661139 0.0092967204645364385 0.020819658262684004
176 12.113138466993957 0.009009520782416432 0.020054865011579399
177 11.671719231815333 0.0087315760354776013 0.019324038463270417
178 11.249785402464632 0.0084626667067128018 0.018625472520636809
179 10.846362825417414 0.0082025666919740819 0.017957554346717572
180 10.460530409509499 0.0079510452090065624 0.017318758956141555
181 10.091417057126588 0.007707868453603826 0.016707644134315542
182 9.738198780607302 0.007472801032298762 0.016122845663257123
183 9.4000959916750269 0.0072456071970011934 0.015563072833899051
184 9.0763709539449522 0.0070260519057601814 0.015027104228385683
185 8.7663253878104577 0.0068139017293101355 0.014513783754653075
186 8.4692982189620096 0.0066089256224753532 0.014022016918811274
187 8.1846634607748694 0.0064108955753360616 0.01355076731916369
188 7.9118282235398789 0.0062195871599129548 0.013099053350231588
189 7.650230841207585 0.0060347799830536668 0.012665945101337062
190 7.3993391103126056 0.0058562580590712093 0.012250561440914911
191 7.1586486322075356 0.005683810109657501 0.01185206727186678
192 6.9276812538592871 0.0055172298017487553 0.011469670950098158
193 6.7059836005020621 0.0053563159303628167 0.011102621855135865
194 6.4931256945237656 0.0052008725533473918 0.010750208103516169
195 6.2886996547931151 0.0050507090836222866 0.01041175439535284
196 6.0923184761183649 0.0049056403494849724 0.010086619993573452
197 5.9036148720816 0.0047654866144413053 0.0097741968080821192
198 5.7222401935565967 0.0046300735792871211 0.0094739076052261541
199 5.5478634055224854 0.0044992323554983917 0.0091852043137789496
200 5.380170125070868 0.0043727994207458185 0.0089075664322365369
201 5.2188617141031521 0.0042506165563258964 0.008640499526660848
202 5.0636544252554181 0.0041325307712031687 0.0083835338166480429
203 4.9142785963087041 0.0040183942132958235 0.0081362228415707023
204 4.770477890816851 0.0039080640708265618 0.0078981422033391566
205 4.6320085850967718 0.0038014024685599679 0.007668888385921808
206 4.4986388897216685 0.0036982763508983186 0.0074480776319895171
207 4.3701483153773983 0.0035985573661001038 0.007235344893008938
208 4.2463270746502131 0.0035021217463087392 0.0070303428388248561
209 4.126975512197351 0.0034088501791085268 0.0068327409142340248
210 4.0119035732090165 0.0033186276836808522 0.0066422244589553255
211 3.9009302982505556 0.0032313434821667091 0.0064584938712757547
212 3.7938833498296907 0.003146890874072127 0.0062812638242213418
213 3.6905985592167672 0.0030651671047699958 0.0061102625152595486
214 3.5909195071763715 0.0029860732433284747 0.0059452309721463106
215 3.4946971187490918 0.0029095140524923544 0.00578592238203492
216 3.4017892893301451 0.0028353978688107212 0.0056321014724009027
217 3.3120605245379053 0.0027636364784803303 0.0054835439147978568
218 3.2253816031825235 0.0026941449976640125 0.0053400357668584829
219 3.1416292580799281 0.0026268417555484467 0.0052013729438409404
220 3.0606858761552358 0.0025616481811575236 0.0050673607221113177
221 2.9824392102043502 0.0024984886886823435 0.0049378132619277322
222 2.9067821111687064 0.0024372905702490567 0.0048125531641865999
223 2.833612272528621 0.0023779838892955783 0.0046914110472328161
224 2.7628319889659365 0.0023205013774482523 0.004574225147294597
225 2.6943479279752425 0.0022647783343848781 0.004460840940356362
226 2.6280709136795291 0.0022107525307280469 0.0043511107842376306
227 2.5639157225278693 0.0021583641142180637 0.0042448935803441543
228 2.5018008890466668 0.0021075555183383992 0.0041420544520640182
229 2.4416485230958318 0.0020582713748318196 0.0040424644422116423
230 2.383384135488567 0.0020104584282439469 0.0039460002243188195
231 2.3269364737129368 0.0019640654540736663 0.0038525438306505574
232 2.2722373660199975 0.0019190431796020802 0.0037619823940728435
233 2.2192215735608269 0.001875344207554014 0.0036742079032464022
234 2.1678266500339829 0.001832922942281783 0.0035891169702549387
235 2.1179928092345812 0.0017917355192070424 0.0035066106113155319
236 2.0696627987122072 0.0017517397362681033 0.0034265940376029922
237 2.0227817805533617 0.0017128949884312398 0.0033489764578698042
238 1.9772972178108212 0.0016751622043967608 0.0032736708904152669
239 1.9331587670773587 0.0016385037858399156 0.0032005939852274151
240 1.8903181762656995 0.0016028835489621267 0.0031296658547445358
241 1.8487291877671577 0.0015682666683584563 0.0030608099135217841
242 1.8083474464253344 0.0015346196230174697 0.0029939527258697591
243 1.7691304120979687 0.0015019101445162765 0.0029290238610893524
244 1.7310372766915065 0.0014701071672141755 0.002865955756111766
245 1.6940288852642107 0.0014391807804371162 0.0028046835848745209
246 1.6580676611426022 0.0014091021826660181 0.0027451451343420566
247 1.623117534610071 0.0013798436373419569 0.0026872806864405149
248 1.5891438752425633 0.0013513784306966971 0.0026310329060307341
249 1.5561134275982353 0.0013236808312502648 0.0025763467344341643
250 1.5239942497757588 0.001296726050575985 0.0025231692877082101
251 1.4927556553181578 0.0012704902062738073 0.0024714497604605263
252 1.462368158245269 0.0012449502865956926 0.0024211393348431607
253 1.4328034193103851 0.0012200841148305745 0.0023721910915734854
254 1.4040341966425525 0.0011958703173850171 0.0023245599282161467
255 1.3760342976074891 0.0011722882917484013 0.0022782024794825977
256 1.3487785335309015 0.001149318176436322 0.0022330770422697046
257 1.3222426762465396 0.001126940821764466 0.0021891435037194366
258 1.2964034168568532 0.0011051377620175081 0.0021463632729418099
259 1.2712383264045319 0.0010838911887040171 0.002104699215901543
260 1.246725818422471 0.001063183924942507 0.0020641155934146872
261 1.2228451132422089 0.0010429994008967448 0.0020245780020566374
262 1.1995762037501052 0.0010233216299817697 0.0019860533174670615
263 1.1768998235500661 0.0010041351869986574 0.0019485096416391823
264 1.1547974151571623 0.00098542518542492331 0.0019119162502602024
265 1.1332511010842399 0.00096717725736731003 0.0018762435448414568
266 1.112243655302247 0.00094937753326159455 0.0018414630054672963
267 1.091758476710931 0.00093201262304474879 0.0018075471468724023
268 1.071779563245973 0.00091506959766687228 0.001774469475572803
269 1.0522914874439959 0.00089853597145676302 0.0017422044494105893
270 1.0332793731841285 0.00088239968545802321 0.0017107274390465704
271 1.0147288729125503 0.00086664909080602908 0.0016800146902525668
272 0.99662614671839145 0.00085127293355387746 0.0016500432892688601
273 0.97895784217770854 0.00083626034008122329 0.0016207911294332923
274 0.9617110743407622 0.0008216008022120685 0.0015922368780476196
275 0.94487340740870196 0.00080728416381379241 0.0015643599460408973
276 0.9284328368766025 0.00079330060756972124 0.0015371404584049711
277 0.91237777272006448 0.00077964064257225946 0.0015105592263577226
278 0.89669702263429574 0.00076629509166626026 0.0014845977195932049
279 0.88137977704421977 0.0007532550804265828 0.00145923804146394
280 0.86641559400507706 0.0007405120257741205 0.0014344629039819156
281 0.85179438492132431 0.0007280576251843721 0.0014102556041743781
282 0.83750640082659855 0.00071588384637284209 0.0013866000013685407
283 0.82354221972051234 0.00070398291771481779 0.0013634804962260139
284 0.80989273358083991 0.00069234731830432924 0.0013408820092398013
285 0.79654913680519668 0.0006809697692540485 0.0013187899615980077
286 0.78350291464575339 0.00066984322479297996 0.0012971902560360155
287 0.77074583223390314 0.00065896086386692796 0.0012760692586654026
288 0.75826992404808491 0.00064831608206478597 0.0012554137815365643
289 0.74606748375810727 0.00063790248374277672 0.0012352110658246809
290 0.73413105499481246 0.00062771387500806125 0.0012154487665477027
291 0.72245342157135151 0.00061774425600282011 0.0011961149363764099
292 0.71102759896263812 0.00060798781439241705 0.0011771980115275465
293 0.69984682569910595 0.00059843891863321135 0.001158686797515076
294 0.68890455517813165 0.00058909211157972055 0.0011405704555929332
295 0.67819444793105421 0.00057994210446380117 0.0011228384899520764
296 0.66771036407170592 0.00057098377096165991 0.0011054807352180562
297 0.65744635608306645 0.00056221214151887537 0.0010884873445083881
298 0.64739666201765123 0.00055362239804939806 0.0010718487781749193
299 0.63755569873483342 0.00054520986855327092 0.0010555557926073401
300 0.62791805557153213 0.00053697002212487507 0.0010395994297541923
301 0.61847848836288633 0.00052889846426570778 0.0010239710072233218
302 0.60923191330898363 0.00052099093195206894 0.0010086621081274564
303 0.60017340160817445 0.00051324328942515944 0.00099366457219896421
304 0.59129817388276207 0.0005056515237374825 0.00097897048656086431
305 0.5826015950600878 0.00049821174067485536 0.00096457217725180104
306 0.57407916927167069 0.00049092016066813759 0.00095046220078091176
307 0.56572653514801008 0.0004837731150494686 0.00093663333633776501
308 0.55753946115265407 0.00047676704230511661 0.00092307857806730802
309 0.54951384113184687 0.000469898484502 0.00090979112770173327
310 0.5416456900436506 0.00046316408385535914 0.00089676438748948774
311 0.53393113989779806 0.00045656057947018538 0.00088399195347317562
312 0.52636643575707498 0.00045008480410794197 0.00087146760886932942
313 0.51894793194425437 0.00044373368112552174 0.00085918531778850064
314 0.51167208837860756 0.00043750422151885612 0.00084713921916988006
315 0.50453546707646291 0.00043139352108398658 0.0008353236209875214
316 0.49753472874029259 0.00042539875765592125 0.00082373299460313345
317 0.49066662952515966 0.00041951718848478128 0.00081236196941251602
318 0.48392801799953761 0.00041374614779414779 0.00080120532781380403
319 0.47731583148218176 0.00040808304365571094 0.00079025799914268508
320 0.47082709421284269 0.00040252535673689343 0.00077951505664377934
321 0.4644589137770902 0.00039707063721777444 0.0007689717115514738
322 0.45820847859462549 0.00039171650278200159 0.00075862330893149913
323 0.45207305535550946 0.00038646063652738184 0.00074846532343627388
324 0.44604998637776083 0.00038130078478190927 0.00073849335493006766
325 0.4401366873811226 0.00037623475531084976 0.00072870312480318312
326 0.4343306450229481 0.00037126041527450027 0.00071909047189229816
327 0.42862941466779569 0.00036637568940023563 0.00070965134878774126
328 0.42303061825394966 0.00036157855823319566 0.00070038181830124114
329 0.41753194215667816 0.00035686705637547674 0.00069127804992827509
330 0.41213113520951872 0.00035223927085708157 0.00068233631657205088
331 0.40682600673392261 0.00034769333951161863 0.00067355299128132884
332 0.40161442467286174 0.00034322744943639358 0.00066492454416036716
333 0.39649431397724894 0.00033883983570056703 0.00065644753969743203
334 0.39146365401110444 0.0003345287790372973 0.00064811863246871601
335 0.38652047815934809 0.00033029260576572143 0.00063993456648898689
336 0.38166287133132359 0.00032612968555993454 0.00063189217107835027
337 0.37688896873339511 0.00032203843049786307 0.00062398835883012438
338 0.37219695374377992 0.00031801729318636963 0.00061622012209235088
339 0.36758505741078906 0.00031406476652121561 0.00060858453213706793
340 0.36305155637206282 0.00031017938183943371 0.00060107873571533577
341 0.35859477164825121 0.00030635970794511125 0.00059369995306001854
342 0.3542130673168043 0.00030260435000661049 0.00058644547569007338
343 0.34990484925506515 0.00029891194851156114 0.00057931266432957801
344 0.34566856387457257 0.00029528117821330245 0.00057229894681220628
345 0.34150269695799096 0.00029171074715819673 0.00056540181615561422
346 0.33740577262064891 0.00028819939584489917 0.00055861882884213402
347 0.3333763516055514 0.00028474589570235472 0.00055194760199594605
348 0.3294130311320988 0.00028134904911521826 0.00054538581313261388
349 0.32551444322073309 0.00027800768792092171 0.00053893119738531966
