25 0.0 0.0 0.0
26 0.0 0.0 0.0
27 0.0 0.0 0.0
28 0.0 0.0 0.0
29 0.0 0.0 0.0
30 0.0 0.0 0.0
31 0.18415397033559333 4.1755310383599139e-06 0.00030489067936356512
32 2.4820698888749426 0.00020137394310570591 0.00410938723323666
33 5.6682504003898631 0.0007592938428801104 0.0093845205304467928
34 9.4647374400094222 0.0017656236034582387 0.015670095099353347
35 13.535657442619556 0.0032234309951478211 0.022410028878509198
36 7.826694461290308 0.0020480968938083191 0.012958103412732298
37 8.875240075322349 0.0025326713962197469 0.014694106084970777
38 9.9004772874408307 0.0030583478160109926 0.016391518687815944
39 10.891053454554044 0.0036167666281800778 0.018031545454559674
40 11.837140082256795 0.0041984931525578754 0.019597914043471516
41 12.730303802295126 0.0047931682569955347 0.021076661924329679
42 13.563395349155133 0.005389668421089901 0.022455952564826378
43 14.330510767730356 0.0059763669301532507 0.023726011204851582
44 15.027069748102651 0.006541590614955922 0.024879254549838827
45 15.650010740449382 0.0070743035649837938 0.02591061380869103
46 16.198040832934371 0.0075649379986807985 0.026817948398897964
47 16.671834685196441 0.0080061922134655444 0.027602375306616623
48 17.074079313197871 0.0083935904468062268 0.028268343233771309
49 17.409309354386089 0.0087256654179756581 0.028823359858255113
50 17.6835449427358 0.0090037423729753645 0.029277392289297682
51 17.903799328297588 0.009231412156689987 0.029642051868042363
52 18.077547126621589 0.0094138388410250403 0.029929713785797334
53 18.212236073533955 0.0095570479846427969 0.03015270873101648
54 18.31489771527378 0.0096673038162186174 0.030322678336545995
55 36.872595374775308 0.019598164733747394 0.061047343335720712
56 37.010987334229561 0.019749458143707606 0.061276469096406556
57 37.087178554303669 0.019833070062562068 0.061402613500502766
58 37.12779951021971 0.019877703250787949 0.061469866738774352
59 37.148815307290064 0.01990077537783691 0.061504661104784877
60 37.159384554320134 0.019912347879098246 0.061522159858145915
61 37.164559426347729 0.019917989365169503 0.06153072752706578
62 37.167029469737678 0.019920666072161114 0.061534817002876947
63 18.583909257693545 0.0099607584952826449 0.030768061684923086
64 37.168542070506 0.019922290411112136 0.061537321308784768
65 37.168866509853167 0.019922633530799466 0.061537858460021799
66 37.169008942940899 0.019922782270392136 0.061538094276392216
67 37.169070221064509 0.019922845315714345 0.061538195730239255
68 37.16909609731934 0.019922871479266666 0.061538238571720763
69 18.58455185009824 0.0099614395312541491 0.030769125579632847
70 37.169109943372007 0.019922885149842341 0.061538261495649019
71 37.169112460379246 0.019922887540035832 0.061538265662879545
72 18.584556588525249 0.0099614441032652105 0.030769133424710677
73 37.16911374107864 0.019922888713386478 0.061538267783242784
74 18.584556944993931 0.0099614444207131447 0.030769134014890613
75 37.169114030751963 0.019922888958842196 0.061538268262834379
76 18.584557033537774 0.0099614444945509625 0.03076913416148638
77 37.169114080402068 0.019922888998313491 0.061538268345036534
78 37.169114090986035 0.019922889006253431 0.061538268362559663
79 37.169114090312114 0.019922889004817038 0.061538268361443896
80 37.169114090555659 0.019922889005392672 0.061538268361847115
81 37.169114090563383 0.019922889005398479 0.061538268361859903
82 37.16911409034379 0.019922889004986823 0.06153826836149634
83 37.169114091032611 0.019922889006277894 0.061538268362636775
84 18.584557045056144 0.0099614445022839834 0.030769134180556528
85 18.584557045392227 0.0099614445028965628 0.030769134181112958
86 18.584557045281631 0.0099614445027079185 0.030769134180929854
87 18.584557045249372 0.0099614445026325257 0.030769134180876446
88 18.5845570452774 0.009961444502695576 0.030769134180922846
89 37.169114090575214 0.019922889005429215 0.061538268361879492
90 37.169114090432238 0.019922889005160687 0.061538268361642778
91 37.169114090314956 0.019922889004919411 0.0615382683614486
92 37.169114090986135 0.019922889006237118 0.061538268362559823
93 18.584557045075456 0.00996144450229932 0.030769134180588503
94 18.584557045534115 0.0099614445031898802 0.030769134181347874
95 37.169114090492371 0.019922889005287801 0.061538268361742338
96 37.169114090558224 0.019922889005405627 0.061538268361851368
97 37.169114090648705 0.019922889005562657 0.061538268362001165
98 37.169114090168236 0.019922889004648024 0.06153826836120569
99 18.584557045414719 0.0099614445029510001 0.030769134181150199
100 37.169114090466188 0.019922889005212711 0.061538268361698983
101 18.584557045274643 0.0099614445026877663 0.030769134180918284
102 37.16911409051044 0.019922889005292981 0.061538268361772251
103 37.169114090506113 0.019922889005291235 0.06153826836176509
104 37.169114090556597 0.0199228890053878 0.061538268361848669
105 37.169114090411753 0.019922889005112576 0.061538268361608861
106 37.169114090850329 0.019922889005938096 0.061538268362334982
107 37.169114090576805 0.019922889005397963 0.061538268361882129
108 18.584557045274916 0.0099614445026970783 0.030769134180918735
109 37.169114090708469 0.019922889005674852 0.061538268362100114
110 37.169114089963188 0.01992288900427127 0.061538268360866205
111 18.584557045462464 0.00996144450302891 0.030769134181229247
112 18.584557045245578 0.0099614445026516268 0.030769134180870163
113 18.584557045098276 0.0099614445023356035 0.030769134180626285
114 18.584557045431584 0.0099614445029958618 0.030769134181178118
115 18.58455704512286 0.0099614445023914894 0.030769134180666988
116 18.584557045384276 0.0099614445028989602 0.030769134181099795
117 37.169114090091945 0.019922889004484842 0.061538268361079382
118 18.584557045455792 0.0099614445030338766 0.0307691341812182
119 18.584557045142279 0.0099614445024340716 0.03076913418069914
120 18.584557045347964 0.0099614445028242422 0.030769134181039676
121 37.169114090707318 0.019922889005670984 0.061538268362098206
122 37.169114089973924 0.01992288900429277 0.061538268360883983
123 16.658313584262718 0.0093882932966095432 0.027579989377918408
124 14.9604274125809 0.008805583648852533 0.024768919557253147
125 13.461314362566071 0.0082294303262757523 0.022286944308884223
126 12.135503731653637 0.0076704439262077623 0.020091893595453041
127 10.961017295456182 0.0071353745596616207 0.018147379628238713
128 9.9188570713652471 0.0066282503339918641 0.016421948793651071
129 8.9925765363057604 0.0061511807109569669 0.014888371748850597
130 8.1679185948286417 0.0057049306859639137 0.013523044031173248
131 7.4325082351400784 0.0052893345902851252 0.012305477210496818
132 6.7755906591372348 0.0049035957007623468 0.011217865329697409
133 6.1878075903545726 0.0045465034914637312 0.010244714553567173
134 5.6610058381154191 0.0042165909178919631 0.0093725262220453968
135 9.5809765392671036 0.0072922260316071802 0.015862543939183946
136 4.4050394060346596 0.0033871185848734211 0.0072931115993951322
137 4.0572981811639961 0.0031487161021975922 0.0067173810946423778
138 6.9524906392324111 0.0054759534186791334 0.011510746091444389
139 3.2169671058938523 0.002551566490053123 0.0053261044799567088
140 5.5604090353057209 0.0044602928479964754 0.0092059752240160938
141 2.5842308218595962 0.0020840544524517893 0.0042785278507609208
142 4.5030205725296852 0.0036630435804767855 0.0074553320737246447
143 2.1014305957951076 0.001716474165972863 0.0034791897281375955
144 3.6894119092737214 0.0030337923585878226 0.0061082978630359625
145 3.2539066094023528 0.0026908951684424501 0.0053872625983482662
146 2.8826202948754824 0.0023953604554309282 0.0047725501570786135
147 2.5645224498958017 0.0021397833719816405 0.0042458980958539764
148 2.2907022591042772 0.0019180014049452459 0.0037925534091130418
149 2.0539246737129222 0.001724882148326878 0.0034005375392598051
