25 0.0 0.0 0.0
26 0.0 0.0 0.0
27 0.0 0.0 0.0
28 0.0 0.0 0.0
29 0.0 0.0 0.0
30 0.018004727657069078 0.0 0.00015003939714224233
31 0.059690456451527416 0.0 0.00049742047042939514
32 0.11900098993468654 0.0 0.00099167491612238792
33 0.19357192705802059 0.0 0.0016130993921501717
34 0.28196111052342082 0.0 0.0023496759210285068
35 0.38315587617576924 0.0 0.0031929656347980768
36 0.496388702295118 0.0 0.0041365725191259833
37 0.62104884996487408 0.0 0.0051754070830406177
38 0.75663357062846426 0.0 0.0063052797552372022
39 0.90271850677618926 0.0 0.0075226542231349109
40 1.058938513082615 0.0 0.008824487609021792
41 1.2249745164935983 0.0 0.010208120970779987
42 1.4005442217198909 0.0 0.011671201847665758
43 1.5853952701661895 0.0 0.013211627251384913
44 1.7793000872354376 0.0 0.014827500726961981
45 1.9820519001861574 0.0 0.016517099168217978
46 2.1934616607080653 0.0 0.018278847172567211
47 2.4133554713659486 0.0 0.020111295594716239
48 2.6415726694392423 0.0 0.022013105578660354
49 2.8779640941522016 0.0 0.023983034117935013
50 3.1223907199268179 0.0 0.026019922666056815
51 3.3747225222613149 0.0 0.028122687685510957
52 3.6348376061178413 0.0 0.030290313384315346
53 3.9026211635804082 0.0 0.032521843029836732
54 4.1779648506064495 0.0 0.034816373755053746
55 4.4607662660401788 0.0 0.037173052217001491
56 4.7509283405835578 0.0 0.039591069504862984
57 5.0483587198922946 0.0 0.042069655999102458
58 5.352969548770302 0.0 0.044608079573085851
59 5.6646766880116761 0.0 0.04720563906676397
60 5.9833988433912237 0.0 0.049861657028260196
61 6.3090564904813178 0.0 0.052575470754010985
62 6.6415682687758713 0.0 0.055346402239798927
63 6.980846212650035 0.0 0.058173718438750292
64 7.3267854079499646 0.0 0.061056545066249704
65 7.6792472899619231 0.0 0.063993727416349358
66 8.0380323120247752 0.0 0.066983602600206457
67 8.4028398043638273 0.0 0.070023665036365229
68 8.7732131209691673 0.0 0.073110109341409726
69 9.1484712701657358 0.0 0.076237260584714459
70 9.52763227270081 0.0 0.079396935605840088
71 9.9093389581124036 0.0 0.082577824650936701
72 10.29180125614203 0.0 0.085765010467850247
73 10.672772190557664 0.0 0.088939768254647195
74 11.049572359764872 0.0 0.092079769664707267
75 11.419171343537979 0.0 0.095159761196149828
76 11.778324239473287 0.0 0.098152701995610728
77 12.123751563315464 0.0 0.10103126302762887
78 12.452339334214525 0.0 0.10376949445178771
79 12.76133355894869 0.0 0.10634444632457242
80 13.048503306947843 0.0 0.1087375275578987
81 13.312253329491591 0.0 0.11093544441242993
82 13.551676860582377 0.0 0.11293064050485314
83 13.766549168849021 0.0 0.11472124307374185
84 13.95727090436483 0.0 0.11631059086970691
85 14.124775069274119 0.0 0.11770645891061765
86 14.270413347853706 0.0 0.11892011123211423
87 14.39583622123642 0.0 0.11996530184363684
88 14.502878450075018 0.0 0.12085732041729182
89 14.593457761518378 0.0 0.12161214801265315
90 14.669491187147145 0.0 0.12224575989289287
91 14.732830462235727 0.0 0.12277358718529773
92 14.785215779927384 0.0 0.12321013149939487
93 14.82824587908034 0.0 0.12356871565900283
94 14.863361751898115 0.0 0.12386134793248429
95 14.891841080123584 0.0 0.12409867566769653
96 14.914800657631208 0.0 0.12429000548026006
97 14.933204409752548 0.0 0.12444337008127124
98 14.947874953526522 0.0 0.12456562461272101
99 14.959507180115253 0.0 0.12466255983429378
100 14.968682640370915 0.0 0.12473902200309096
101 14.975883863730376 0.0 0.12479903219775314
102 14.981508000008363 0.0 0.12484590000006969
103 14.985879502758978 0.0 0.12488232918965815
104 14.98926156475568 0.0 0.12491051303963066
105 14.99186625568322 0.0 0.12493221879736018
106 14.993863322448973 0.0 0.12494886102040811
107 14.995387882564348 0.0 0.12496156568803624
108 14.996546777030179 0.0 0.12497122314191816
109 14.997424035613093 0.0 0.12497853363010911
110 14.998085416298196 0.0 0.1249840451358183
111 14.998582056075536 0.0 0.12498818380062947
112 14.998953524685714 0.0 0.12499127937238094
113 14.999230307994093 0.0 0.12499358589995077
114 14.99943578125446 0.0 0.1249952981771205
115 14.9995877550828 0.0 0.12499656462569
116 14.999699757190452 0.0 0.1249974979765871
117 14.999782012963948 0.0 0.12499818344136623
118 14.999842216218823 0.0 0.12499868513515686
119 14.999886026633746 0.0 0.12499905022194788
120 14.999918018515999 0.0 0.12499931682096665
121 14.999941276859079 0.0 0.12499951064049233
122 14.999958100276034 0.0 0.12499965083563362
123 14.999970221306409 0.0 0.12499975184422008
124 14.999978934237957 0.0 0.12499982445198297
125 14.999985116438044 0.0 0.12499987597031703
126 14.999989552199892 0.0 0.1249999129349991
127 14.999992670792267 0.0 0.1249999389232689
128 14.999994883698433 0.0 0.1249999573641536
129 14.999996436930317 0.0 0.12499997030775264
130 14.999997522968131 0.0 0.12499997935806777
131 14.999998286756682 0.0 0.12499998572297236
132 14.999998814470256 0.0 0.12499999012058546
133 14.999999183465103 0.0 0.12499999319554253
134 14.999999439027238 0.0 0.12499999532522699
135 14.999999614457963 0.0 0.12499999678714969
136 14.999999736319765 0.0 0.12499999780266471
137 14.999999819798917 0.0 0.12499999849832431
138 14.999999876821363 0.0 0.12499999897351136
139 14.999999916253062 0.0 0.12499999930210885
140 14.99999994306272 0.0 0.12499999952552267
141 14.999999961236551 0.0 0.12499999967697126
142 14.999999973733228 0.0 0.12499999978111023
143 14.999999982207729 0.0 0.12499999985173108
144 14.999999987960575 0.0 0.12499999989967145
145 14.999999991855422 0.0 0.12499999993212851
146 14.999999994512592 0.0 0.12499999995427161
147 14.999999994512592 0.0 0.12499999995427161
148 14.999999994512592 0.0 0.12499999995427161
149 14.999999994512592 0.0 0.12499999995427161
150 14.543303268441589 0.0 0.1211941939036799
151 14.098043281478827 0.0 0.11748369401232356
152 13.664101571230072 0.0 0.11386751309358394
153 13.24135416786943 0.0 0.11034461806557858
154 12.829671999788912 0.0 0.10691393333157427
155 12.428920261381663 0.0 0.10357433551151386
156 12.038959155650431 0.0 0.10032465963042027
157 11.659643866656138 0.0 0.09716369888880115
158 11.290824473456748 0.0 0.094090203945472906
159 10.932346281551938 0.0 0.091102885679599482
160 10.584050063051441 0.0 0.088200417192095343
161 10.245772129512364 0.0 0.085381434412603027
162 9.9173446059068606 0.0 0.08264453838255717
163 9.5985958069495272 0.0 0.079988298391246063
164 9.2893502049223446 0.0 0.077411251707686202
165 8.9894290430765924 0.0 0.074911908692304935
166 8.6986503832819793 0.0 0.0724887531940165
167 8.4168295291006956 0.0 0.07014024607583913
168 8.143779333489503 0.0 0.067864827779079193
169 7.8793105171362683 0.0 0.065660920976135573
170 7.6232320117919192 0.0 0.063526933431599333
171 7.3753513062999767 0.0 0.06146126088583314
172 7.135474778034741 0.0 0.059462289816956178
173 6.903408062097161 0.0 0.05752840051747634
174 6.6789563788164603 0.0 0.055657969823470502
175 6.4619248818514414 0.0 0.053849374015428678
176 6.2521190418931463 0.0 0.052100992015776219
177 6.0493448073498586 0.0 0.050411206727915485
178 5.8534091777724218 0.0 0.048778409814770184
179 5.6641203023765812 0.0 0.047201002519804844
180 5.4812878647793601 0.0 0.045677398873161336
181 5.3047233282164861 0.0 0.044206027735137383
182 5.1342402494592783 0.0 0.042785335412160654
183 4.9696545071379568 0.0 0.041413787559482974
184 4.8107844760252734 0.0 0.040089870633543946
185 4.657451301284727 0.0 0.038812094177372726
186 4.5094790941349068 0.0 0.03757899245112422
187 4.3666950906416337 0.0 0.036389125755346946
188 4.2289298097320627 0.0 0.035241081747767189
189 4.0960171795530096 0.0 0.034133476496275079
190 3.967794691198673 0.0 0.03306495575998894
191 3.8441034913059418 0.0 0.032034195760882851
192 3.7247884564827709 0.0 0.031039903804023092
193 3.6096982690764774 0.0 0.030080818908970644
194 3.4986854837789556 0.0 0.029155712364824629
195 3.3916065552030408 0.0 0.028263387960025341
196 3.2883218373649945 0.0 0.027402681978041622
197 3.188695705971214 0.0 0.026572464216426783
198 3.0925964193416702 0.0 0.025771636827847253
199 2.9998961130391941 0.0 0.024999134275326618
200 2.9104709944373055 0.0 0.024253924953644212
201 2.8242009732482205 0.0 0.023535008110401837
202 2.740969841563635 0.0 0.022841415346363626
203 2.6606652365570933 0.0 0.022172210304642444
204 2.5831784601715495 0.0 0.021526487168096246
205 2.5084044859826817 0.0 0.020903370716522349
206 2.4362419232022381 0.0 0.020302016026685316
207 2.3665928502698228 0.0 0.019721607085581856
208 2.2993628835378743 0.0 0.019161357362815618
209 2.2344608978951066 0.0 0.018620507482459223
210 2.1717991505510286 0.0 0.018098326254591904
211 2.1112930575598252 0.0 0.017594108812998544
212 2.052861087152269 0.0 0.017107175726268908
213 1.9964248153449731 0.0 0.01663687346120811
214 1.9419088728096006 0.0 0.016182573940080006
215 1.8892405314054985 0.0 0.015743671095045823
216 1.8383498337322464 0.0 0.01531958194776872
217 1.7891696433682365 0.0 0.014909747028068637
218 1.7416353335590098 0.0 0.014513627779658415
219 1.6956847532585211 0.0 0.014130706277154343
220 1.6512582782043874 0.0 0.013760485651703229
221 1.608298498689767 0.0 0.013402487489081393
222 1.5667501949705271 0.0 0.013056251624754394
223 1.526560463346111 0.0 0.012721337194550925
224 1.4876785077488575 0.0 0.012397320897907146
225 1.450055432086488 0.0 0.0120837952673874
226 1.4136442202937007 0.0 0.011780368502447507
227 1.3783998923397889 0.0 0.011486665769498241
228 1.3442791504087834 0.0 0.011202326253406529
229 1.3112404811512173 0.0 0.010927004009593478
230 1.2792439767912525 0.0 0.010660366473260437
231 1.2482512682706046 0.0 0.010402093902255039
232 1.2182256111261962 0.0 0.010151880092718302
233 1.1891317604334255 0.0 0.0099094313369452128
234 1.1609356992639543 0.0 0.0096744641605329522
235 1.1336049082887809 0.0 0.0094467075690731744
236 1.1071081171218586 0.0 0.0092259009760154893
237 1.0814153528504513 0.0 0.0090117946070870942
238 1.0564977589524069 0.0 0.0088041479912700574
239 1.0323275869751518 0.0 0.0086027298914595988
240 1.0088783573055349 0.0 0.0084073196442127907
241 0.9861244259182036 0.0 0.0082177035493183632
242 0.96404131934185489 0.0 0.0080336776611821242
243 0.94260549046630149 0.0 0.0078550457538858458
244 0.92179421646921589 0.0 0.0076816184705767992
245 0.90158583015217542 0.0 0.0075132152512681289
246 0.88195938628045845 0.0 0.0073496615523371538
247 0.86289480777062744 0.0 0.0071907900647552288
248 0.84437278405169847 0.0 0.0070364398670974869
249 0.82637476393085152 0.0 0.0068864563660904297
250 0.80888290805518126 0.0 0.0067406909004598435
251 0.79188006407714595 0.0 0.0065990005339762164
252 0.77534973731488654 0.0 0.0064612478109573879
253 0.75927607436910205 0.0 0.006327300619742517
254 0.74364381665910007 0.0 0.0061970318054925004
255 0.72843829312035613 0.0 0.0060703191093363007
256 0.71364538759258611 0.0 0.0059470448966048844
257 0.69925151662846718 0.0 0.0058270959719038933
258 0.68524360939500106 0.0 0.0057103634116250088
259 0.67160908611479753 0.0 0.0055967423842899792
260 0.65833583705900989 0.0 0.005486131975491749
261 0.6454122034387938 0.0 0.0053784350286566153
262 0.63282695931825483 0.0 0.0052735579943187904
263 0.62056929395852778 0.0 0.0051714107829877315
264 0.60862879475302567 0.0 0.0050719066229418805
265 0.59699543100292574 0.0 0.0049749619250243808
266 0.58565953845207008 0.0 0.0048804961537672505
267 0.57461180450344085 0.0 0.0047884317041953402
268 0.56384325404510294 0.0 0.0046986937837091907
269 0.55334523587001072 0.0 0.0046112102989167561
270 0.54310940968010291 0.0 0.0045259117473341907
271 0.53312773365346044 0.0 0.0044427311137788372
272 0.52339245254640965 0.0 0.0043616037712200803
273 0.51389608630565931 0.0 0.0042824673858804941
274 0.50463141916723131 0.0 0.0042052618263935942
275 0.49559148921954943 0.0 0.0041299290768295784
276 0.48676957841110408 0.0 0.0040564131534258675
277 0.47815920298327536 0.0 0.0039846600248606276
278 0.469754104309617 0.0 0.0039146175359134746
279 0.46154824012342999 0.0 0.0038462353343619166
280 0.45353577611633572 0.0 0.0037794648009694645
281 0.44571107789132164 0.0 0.0037142589824276802
282 0.43806870325465092 0.0 0.0036505725271220911
283 0.43060339483150617 0.0 0.0035883616235958845
284 0.4233100729911114 0.0 0.0035275839415925951
285 0.41618382906756946 0.0 0.003468198575563079
286 0.40921991886334641 0.0 0.0034101659905278869
287 0.40241375642287897 0.0 0.0033534479701906581
288 0.39576090806440695 0.0 0.0032980075672033914
289 0.38925708665861919 0.0 0.0032438090554884934
290 0.38289814614322892 0.0 0.0031908178845269078
291 0.37668007626312339 0.0 0.0031390006355260284
292 0.3705989975261727 0.0 0.0030883249793847724
293 0.36465115636520601 0.0 0.0030387596363767168
294 0.35883292049717891 0.0 0.002990274337476491
295 0.35314077447087955 0.0 0.0029428397872573297
296 0.34757131539495673 0.0 0.0028964276282913062
297 0.34212124883844558 0.0 0.0028510104069870467
298 0.33678738489625559 0.0 0.00280656154080213
299 0.33156663441244327 0.0 0.0027630552867703604
300 0.32645600535457148 0.0 0.0027204667112880956
301 0.32145259933251935 0.0 0.0026787716611043279
302 0.31655360825557433 0.0 0.0026379467354631192
303 0.31175631112182978 0.0 0.0025979692593485816
304 0.3070580709342734 0.0 0.0025588172577856116
305 0.30245633173809072 0.0 0.0025204694311507562
306 0.29794861577408643 0.0 0.0024829051314507202
307 0.29353252074321817 0.0 0.0024461043395268183
308 0.28920571717758464 0.0 0.0024100476431465389
309 0.28496594591334462 0.0 0.0023747162159445385
310 0.28081101566127065 0.0 0.0023400917971772555
311 0.27673880067082818 0.0 0.0023061566722569014
312 0.2727472384839052 0.0 0.0022728936540325432
313 0.26883432777432259 0.0 0.0022402860647860218
314 0.26499812626969343 0.0 0.0022083177189141118
315 0.26123674875214076 0.0 0.0021769729062678395
316 0.25754836513460905 0.0 0.002146236376121742
317 0.25393119860964974 0.0 0.0021160933217470811
318 0.25038352386769652 0.0 0.0020865293655641377
319 0.24690366538198089 0.0 0.0020575305448498407
320 0.24348999575735883 0.0 0.00202908329797799
321 0.24014093414042884 0.0 0.0020011744511702402
322 0.2368549446884807 0.0 0.001973791205737339
323 0.23363053509484424 0.0 0.0019469211257903687
324 0.23046625516843533 0.0 0.0019205521264036276
325 0.22736069546515741 0.0 0.0018946724622096451
326 0.22431248596928646 0.0 0.0018692707164107206
327 0.22132029482269591 0.0 0.0018443357901891326
328 0.21838282710004911 0.0 0.0018198568925004092
329 0.21549882362814651 0.0 0.0017958235302345542
330 0.21266705984765635 0.0 0.0017722254987304696
331 0.20988634471556397 0.0 0.0017490528726296997
332 0.20715551964674211 0.0 0.0017262959970561842
333 0.20447345749309614 0.0 0.0017039454791091346
334 0.20183906155884387 0.0 0.0016819921796570323
335 0.19925126465043047 0.0 0.0016604272054202539
336 0.1967090281598704 0.0 0.0016392419013322535
337 0.19421134118013161 0.0 0.0016184278431677634
338 0.19175721965133288 0.0 0.0015979768304277739
339 0.18934570553659746 0.0 0.0015778808794716455
340 0.18697586602640959 0.0 0.0015581322168867465
341 0.18464679277037516 0.0 0.0015387232730864596
342 0.18235760113537697 0.0 0.0015196466761281415
343 0.18010742948908923 0.0 0.0015008952457424103
344 0.17789543850788353 0.0 0.0014824619875656961
345 0.17572081050826643 0.0 0.001464340087568887
346 0.1735827488009126 0.0 0.0014465229066742717
347 0.1714804770664646 0.0 0.0014290039755538717
348 0.16941323875228201 0.0 0.0014117769896023502
349 0.16738029648937477 0.0 0.0013948358040781232
350 0.16538093152876268 0.0 0.0013781744294063558
