25 0.0 0.0 0.0
26 0.0 0.0 0.0
27 0.0 0.0 0.0
28 0.0 0.0 0.0
29 0.0 0.0 0.0
30 0.01383402727916971 3.2685181433318264e-07 0.00015036986173010554
31 0.045974981088653638 2.2964823926306288e-06 0.00049972805531145264
32 0.091944035057757056 7.7380874533638809e-06 0.00099939168541040278
33 0.15012111835778139 1.8870564036964145e-05 0.0016317512864976237
34 0.21961672481564828 3.8287621710168171e-05 0.0023871383132135684
35 0.29989186947598101 6.8974095579258803e-05 0.0032596942334345764
36 0.39061564675659288 0.00011433881765524911 0.0042458222473542705
37 0.49159705521136432 0.00017825958030634904 0.0053434462522974381
38 0.60274760979781272 0.00026513860257586908 0.0065516044543240514
39 0.72405901050490618 0.00037996808007438278 0.0078702066359228936
40 0.85558905474453839 0.00052840601047413841 0.0092998810298319384
41 0.99745246156126055 0.00071686282959769932 0.010841874582187615
42 1.1498148264637458 0.00095259959589397635 0.012497987244171149
43 1.3128886914665558 0.0012438386367591759 0.01427052925507126
44 1.4869311208637095 0.0015998876928785312 0.016162294791996844
45 1.67224240017537 0.0020312786620332013 0.018176547827993151
46 1.8691656150532325 0.002549922161351898 0.020317017554926441
47 2.0780869488705482 0.0031692791589803659 0.022587901618158133
48 2.2994365928739815 0.00390455098759972 0.024993876009499798
49 2.5336901998392269 0.0047728891109755272 0.027540110867817685
50 2.7813708354533491 0.005793626022884522 0.030232291689710315
51 3.0430513984196921 0.0069885286316467782 0.033076645634996654
52 3.3193574880948726 0.0083820751846880506 0.0360799726966834
53 3.6109706863473381 0.010001755296739974 0.039249681373340631
54 3.9186321386541398 0.011878386624188723 0.042593827594066734
55 4.2431460413897906 0.014046421836336828 0.046121152623802071
56 4.5853818479423376 0.016544163655320465 0.049841107042851496
57 4.9462721784457901 0.019413677590028711 0.053763828026584679
58 5.3268000849260879 0.022699958512082528 0.057900000923109651
59 5.727964888444486 0.026448600706538834 0.062260487917874849
60 6.1507127727283777 0.030701027425636976 0.066855573616612804
61 6.5958216705769122 0.035486625798743579 0.071693713810618606
62 7.0637443437615524 0.040812256723742127 0.076779829823495141
63 7.5544368187136106 0.046651431124651359 0.082113443681669687
64 8.0672185922020123 0.052937000961530166 0.087687158610891436
65 8.600708183191843 0.05956113231189774 0.093485958512954812
66 9.152846268210638 0.066384008032943198 0.099487459437072157
67 9.7209752855175715 0.073249230700711349 0.1056627748425823
68 10.301918810693319 0.080001377232021276 0.1119773783771013
69 10.892014659268778 0.086501014703142157 0.1183914636877041
70 11.487094636648099 0.09263438394327897 0.12485972431139238
71 12.082445963547933 0.098317404181473 0.13133093438639057
72 12.672811497707556 0.10349531765331602 0.13774795106203866
73 13.252479624404994 0.10813977905860574 0.1440486915696195
74 13.815486563782432 0.11224485329394727 0.15016833221502643
75 14.355917433141302 0.1158227778224426 0.15604258079501415
76 14.868261745005251 0.11889985931822535 0.16161154070657882
77 15.34776335386873 0.12151262461538533 0.16682351471596446
78 15.790707042683591 0.12370428124725183 0.17163812002916948
79 16.194600597433588 0.12552155836651099 0.17602826736340857
80 16.558235183504159 0.12701201577208626 0.17998081721200174
81 16.88163063023492 0.12822189381849153 0.18349598511124912
82 17.165889070590978 0.12919453552557159 0.18658575076729325
83 17.4129901164595 0.12996935692516007 0.18927163170064673
84 17.625560279455154 0.13058129997065662 0.19158217695059951
85 17.806645021975882 0.13106067389152795 0.19355048936930305
86 17.959503356711696 0.13143328173212843 0.19521199300773584
87 18.087436688692403 0.13172073681064631 0.1966025727031783
88 18.193656298845337 0.13194088770386192 0.19775713368310149
89 18.281188667186985 0.13210829080622208 0.19870857246942375
90 18.35281441607205 0.13223468547091527 0.19948711321817444
91 18.411035112087585 0.13232944361451121 0.20011994687051723
92 18.458061720603848 0.13239997785793495 0.20063110565873749
93 18.49581888024456 0.13245210035290733 0.20104150956787564
94 18.525959962910765 0.13249033087685871 0.20136913003163875
95 18.549888825722096 0.13251815646302795 0.20162922636654451
96 18.568785100701604 0.13253824664690481 0.20183462065980004
97 18.583630705963387 0.1325526295643627 0.20199598593438464
98 18.595235970176297 0.1325628343626411 0.20212213011061192
99 18.60426431261379 0.13257000504704977 0.20222026426754119
100 18.611254868639737 0.13257499122584948 0.20229624857217104
101 18.616642729076009 0.13257841847259469 0.20235481227256533
102 18.620776713870864 0.13258074370626319 0.2023997468899007
103 18.623934714473801 0.13258229792915591 0.20243407298341087
104 18.626336795865356 0.13258331864104686 0.20246018256375387
105 18.628156225109198 0.13258397489480298 0.20247995896857823
106 18.629528662555575 0.13258438551972646 0.20249487676690842
107 18.630559756440075 0.13258463335032084 0.20250608430913125
108 18.631331350373014 0.13258477535155172 0.20251447119970667
109 18.631906526560972 0.13258485018864469 0.20252072311479316
110 18.632333666512842 0.13258488369992671 0.20252536594035697
111 18.632649699618707 0.13258489285462699 0.20252880108281204
112 18.632882682600982 0.13258488856471765 0.20253133350653241
113 18.63305383421714 0.13258487764503157 0.20253319385018631
114 18.633179130503745 0.13258486421027932 0.20253455576634505
115 18.633270548425727 0.13258485056644329 0.20253554943941007
116 18.633337029929155 0.13258483804043064 0.20253627206444733
117 18.633385221168794 0.13258482710253311 0.2025367958822695
118 18.633420045412329 0.13258481792096594 0.20253717440665575
119 18.633445133508417 0.13258481041191794 0.20253744710335236
120 18.633463154363795 0.13258480442962917 0.20253764298221516
121 18.633476034624252 0.13258480015823104 0.20253778298504621
122 18.633485286597828 0.13258479637087783 0.2025378835499764
123 18.633491854688614 0.13258479367526921 0.20253795494226753
124 18.63349653116245 0.13258479155201824 0.20253800577350489
125 18.633499850659433 0.13258478994363371 0.20253804185499383
126 18.633502193307795 0.13258478861988873 0.202538067318563
127 18.633503844161986 0.13258478774401103 0.20253808526263029
128 18.633505000759037 0.13258478702574322 0.20253809783433735
129 18.633505810639249 0.1325847865315416 0.20253810663738314
130 18.633506374965023 0.13258478615704114 0.20253811277135894
131 18.633506767796167 0.13258478589249192 0.20253811704126268
132 18.633507040234807 0.13258478570528912 0.20253812000255225
133 18.633507228793285 0.13258478556543532 0.20253812205210092
134 18.633507359072759 0.1325847854738923 0.20253812346818217
135 18.633507448708116 0.13258478540403071 0.20253812444247951
136 18.633507510403884 0.13258478535699411 0.20253812511308569
137 18.633507552697733 0.13258478532139464 0.20253812557280143
138 18.633507581695191 0.13258478529893361 0.20253812588799122
139 18.633507601502625 0.13258478528252213 0.20253812610328942
140 18.633507615028872 0.13258478527089546 0.20253812625031384
141 18.633507624254158 0.13258478526308798 0.20253812635058868
142 18.633507630530232 0.13258478525770359 0.20253812641880686
143 18.633507634797041 0.13258478525411496 0.20253812646518524
144 18.633507637693011 0.13258478525152853 0.20253812649666317
145 18.63350763965731 0.13258478524967415 0.20253812651801423
146 18.63350763965731 0.13258478524967415 0.20253812651801423
147 18.63350763965731 0.13258478524967415 0.20253812651801423
148 18.63350763965731 0.13258478524967415 0.20253812651801423
149 18.63350763965731 0.13258478524967415 0.20253812651801423
150 18.203469878271608 0.13153022551936303 0.19786380302469139
151 17.770441824372192 0.13017192487087592 0.19315697635187165
152 17.335556743998438 0.1285353167421309 0.18842996460867867
153 16.899906549194139 0.12664689047337377 0.18369463640428413
154 16.464535242014104 0.12453359093310143 0.17896233958710983
155 16.03043365839379 0.12222231589810852 0.17424384411297597
156 15.598535375857212 0.11973950017428552 0.16954929756366535
157 15.169713682110595 0.11711077799693276 0.1648881921968543
158 14.744779495937888 0.11436071497528083 0.16026934234715096
159 14.324480139833783 0.11151260150704641 0.15570087108514982
160 13.909498872807196 0.10858830038483311 0.15119020513920867
161 13.500455095492489 0.10560814171957937 0.14674407712491835
162 13.097905144555657 0.10259085883386704 0.14236853417995279
163 12.702343599791243 0.099553559340455774 0.13806895217164394
164 12.314205028960224 0.096511726027678699 0.13385005466261113
165 11.933866109842164 0.093479242704519433 0.12971593597654527
166 11.561648040645245 0.09046844001263897 0.12567008739831789
167 11.197819213373156 0.08749015801802057 0.12171542623231692
168 10.842598063705401 0.084553820922650569 0.11785432677940653
169 10.496156053084126 0.081667520580194483 0.11408865275091441
170 10.158620753743218 0.078838107497282386 0.11041979080155671
171 9.8300789610352428 0.076071284082852353 0.10684868435907872
172 9.5105798173619078 0.073371699923709732 0.10337586758002074
173 9.200137918846778 0.070743047107788226 0.10000149911789977
174 8.8987363498044711 0.068188152886683645 0.096725395106570342
175 8.6063296541317076 0.065709070223105515 0.093547061457953343
176 8.3228466851631016 0.063307162869905689 0.090465724838729361
177 8.0481933734403039 0.060983187925140188 0.087480362754785906
178 7.7822553117931159 0.058737370202754852 0.084589731649925171
179 7.5249002551409028 0.056569473969764979 0.081792394077618513
180 7.2759804504876282 0.054478867617548492 0.079086744027039441
181 7.035334813210909 0.052464582716154826 0.076471030578379451
182 6.8027909639115114 0.05052536795928407 0.073943380042516424
183 6.5781671122627694 0.048659737630206937 0.071501816437638796
184 6.3612737927685954 0.046866014962803744 0.069144280356180379
185 6.1519154588340301 0.04514237077441012 0.066868646291674244
186 5.9498919257145628 0.043486857275056634 0.064672738322984383
187 5.754999709449125 0.041897438657524454 0.062554344667925268
188 5.5670331937633657 0.040372016435602828 0.060511230366993109
189 5.3857857146201624 0.03890845255054548 0.058541149071958287
190 5.2110505072165809 0.037504588825868997 0.056641853339310662
191 5.0426215601374045 0.036158263393895884 0.054811103914537009
192 4.8802943542002843 0.034867325135600175 0.053046677763046571
193 4.7238665216651823 0.033629645186414592 0.051346375235491112
194 4.5731384099085579 0.032443126907680926 0.049708026194658236
195 4.4279135723136873 0.031305713884978922 0.048129495351235729
196 4.287999180632144 0.030215396335574761 0.046608686746001562
197 4.1532063798064067 0.02917021661680046 0.04514354760659138
198 4.0233505649888173 0.028168272520547103 0.043732071358574098
199 3.8982516238196965 0.027207720645915343 0.042372300258909742
200 3.7777341214410081 0.026286778580444516 0.041062327406967476
201 3.6616274334020265 0.025403725665814121 0.039800298189152462
202 3.5497658520286781 0.024556904121531234 0.038584411435094328
203 3.4419886502699595 0.023744719037793318 0.037412920111629992
204 3.3381401147337812 0.022965637978857589 0.036284131681888925
205 3.2380695528796335 0.022218190306244903 0.035196408183474276
206 3.1416312770802093 0.021500966256468079 0.034148166055219663
207 3.0486845665826552 0.020812615652431758 0.033137875723724515
208 2.9590936120124995 0.020151846493497647 0.032164061000135864
209 2.8727274433436798 0.01951742326880767 0.031225298297213912
210 2.7894598477991637 0.018908165364915734 0.030320215736947431
211 2.7091692745451339 0.018322945226387603 0.02944749211462102
212 2.6317387307150422 0.017760686481547064 0.028605855768641764
213 2.5570556715220074 0.017220362103627741 0.027794083386108778
214 2.4850118840809241 0.016700992528625544 0.027010998740010044
215 2.4155033660348599 0.016201643728541396 0.02625547136994413
216 2.3484302019613774 0.015721425337517952 0.025526415238710624
217 2.2836964380354861 0.015259488844349628 0.024822787369950937
218 2.2212099542710351 0.014815025730418738 0.024143586459467771
219 2.1608823447038508 0.014387265863009027 0.023487851572867945
220 2.1026287608811622 0.013975475191225785 0.02285466044436046
221 2.0463678296889234 0.01357895496345112 0.022243128583575255
222 1.9920214989242502 0.013197039479910756 0.02165240759700272
223 1.9395149218552543 0.012829094708331502 0.021081683933209285
224 1.8887763363707151 0.012474516775904979 0.020530177569246903
225 1.8397369526473597 0.012132730531940092 0.019997140789645214
226 1.792330814141077 0.011803188173080034 0.019481856675446489
227 1.7464947189107913 0.011485367806447549 0.018983638249030342
228 1.7021680883942141 0.011178772327669595 0.018501827047763198
229 1.6592928721907281 0.010882928192133061 0.018035792089029654
230 1.6178134195704665 0.010597384019827146 0.017584928473592026
231 1.5776764185873977 0.010321709892560486 0.017148656723776062
232 1.5388307726901025 0.010055495969696604 0.016726421442283722
233 1.5012275198909628 0.0097983516153189194 0.016317690433597421
234 1.4648197224551283 0.0095499044036969228 0.015921953504947045
235 1.4295624112650924 0.0093097992730713734 0.015538721861577091
236 1.3954124813007738 0.0090776975696423064 0.015167526970660584
237 1.362328621668252 0.0088532762804053311 0.01480791980074187
238 1.3302712220591373 0.0086362273300104007 0.014459469804990622
239 1.2992023226447784 0.0084262566541919489 0.014121764376573679
240 1.2690855280284912 0.0082230836474707688 0.013794407913353166
241 1.2398859465378536 0.0080264404528791883 0.013477021158020148
242 1.2115701099161129 0.0078360713345486943 0.013169240325175141
243 1.1841059338865481 0.0076517320678761297 0.012870716672679871
244 1.157462642960537 0.0074731893681194983 0.012581115684353663
245 1.1316107203692714 0.0073002203580341523 0.01230011652575295
246 1.1065218404873693 0.0071326120732746199 0.01202741130964532
247 1.0821688357892414 0.0069701609410748296 0.011762704736839579
248 1.0585256364020446 0.0068126723157389902 0.011505713439152658
249 1.0355672154167819 0.0066599601647574043 0.01125616538496502
250 1.013269558109213 0.0065118464329517612 0.011013799544665359
251 0.99160960836082135 0.0063681608305809741 0.010778365308269797
252 0.9705652319362712 0.0062287404128957644 0.010549622086263817
253 0.95011516598130408 0.0060934291773212818 0.010327338760666349
254 0.93023899716281844 0.0059620778250611371 0.01011129344742194
255 0.91091711581296897 0.0058345433268654915 0.0099012729979670536
256 0.89213067734217388 0.0057106888011670999 0.009697072579806237
257 0.87386157882763871 0.005590382970733482 0.0094984954220395518
258 0.85609242345250858 0.0054735001246017092 0.0093053524288316154
259 0.83880648224577048 0.0053599196718479179 0.0091174617635409842
260 0.82198767990642618 0.0052495261262078784 0.0089346486946350664
261 0.80562055781087671 0.0051422086299178745 0.0087567451935964859
262 0.78969024644428321 0.0050378610057454712 0.0085835896352639482
263 0.77418244602338426 0.0049363812017692733 0.0084150265872106993
264 0.75908339913386169 0.0048376713767139482 0.0082509065123245844
265 0.74437987000053918 0.0047416376228062536 0.0080910855434841219
266 0.73005911608371299 0.0046481897374318348 0.007935425174822968
267 0.71610887730840045 0.0045572411577532411 0.0077837921446565267
268 0.70251734990607062 0.0044687086797439981 0.0076360581511529411
269 0.68927316578719111 0.0043825124566669958 0.0074920996281216427
270 0.67636537927422757 0.0042985756516899128 0.0073517976008068212
271 0.66378344807777423 0.0042168244746958322 0.0072150374791062413
272 0.65151721202076751 0.0041371879427054151 0.0070817088263126901
273 0.63955688515393105 0.004059597845490673 0.0069517052734122944
274 0.62789303598934354 0.0039839885446683694 0.0068249243042319951
275 0.6165165710218945 0.0039102969261462627 0.0067012670763249406
276 0.60541872686180986 0.0038384622230282382 0.0065806383354544548
277 0.59459104999480095 0.0037684259596323555 0.0064629461955956627
278 0.5840253907030919 0.0037001318538912322 0.0063481020728596944
279 0.57371388760573627 0.003633525700832961 0.0062360205174536555
280 0.56364895431470996 0.003568555310101717 0.0061266190686381514
281 0.55382327298169332 0.0035051704017236046 0.0060198181845836233
282 0.54422978100138042 0.0034433225216737333 0.0059155410978410919
283 0.53486165943256758 0.0033829649985868001 0.0058137136894844304
284 0.52571232699134485 0.0033240528221454625 0.0057142644238189653
285 0.51677542909300422 0.0032665426207847108 0.005617124229271785
286 0.5080448263378371 0.0032103925274622894 0.0055222263732373602
287 0.49951459138433935 0.0031555622250769018 0.0054295064280906451
288 0.49117899709631674 0.0031020127642279907 0.0053389021423512692
289 0.48303250904231498 0.003049706638993537 0.0052503533591555978
290 0.47506977921514815 0.0029986075652734933 0.0051638019479907406
291 0.4672856391358623 0.0029486805774629789 0.0050791917297376334
292 0.45967509009564533 0.0028998918667616775 0.0049964683706048407
293 0.45223330138076312 0.0028522088222057984 0.0049155793628343821
294 0.44495560045830451 0.0028056000121802912 0.0048364739180250492
295 0.43783746856888467 0.002760034981911073 0.0047591029192270073
296 0.43087453206769832 0.0027154842595445462 0.0046834188268228081
297 0.42406256254160485 0.002671919473928394 0.0046093756798000528
298 0.41739746697146124 0.0026293132268072083 0.0045369289888202305
299 0.4108752840014569 0.0025876389202452339 0.0044660356956680095
300 0.40449217843437096 0.0025468708952368739 0.0043966541134170759
301 0.39824443824474975 0.0025069843287276717 0.0043287438939646709
302 0.39212846926334516 0.0024679552259434367 0.0042622659702537518
303 0.38614078916149558 0.0024297603300939292 0.0041971824908858214
304 0.3802780266573238 0.0023923771664728184 0.0041334568114926497
305 0.3745369156784234 0.0023557840624664097 0.0040710534312872106
306 0.36891429163555611 0.0023199599468307253 0.0040099379525603924
307 0.36340708559473567 0.0022848843333811097 0.0039500770173340836
308 0.35801232640473918 0.0022505375397816768 0.0038914383304862955
309 0.35272713380739562 0.0022169005655876123 0.0038339905848629959
310 0.34754871417715183 0.0021839548432822835 0.0037777034149690416
311 0.34247435746582228 0.0021516823596389378 0.003722547363758938
312 0.3375014384703528 0.002120065804398641 0.0036684938964168783
313 0.33262740963094961 0.0020890883706611812 0.0036155153220755391
314 0.32784979972701056 0.0020587337075971034 0.003563584779641419
315 0.32316621119099237 0.0020289860241947265 0.003512676208597743
316 0.31857431817137888 0.0019998299934785753 0.0034627643279497703
317 0.31407186169212198 0.0019712506773070194 0.0034138245836100216
318 0.30965665126000375 0.0019432336825843436 0.0033658331658696057
319 0.30532656043635781 0.0019157650987428174 0.0033187669612647587
320 0.30107952381075798 0.0018888313141024449 0.0032726035196821517
321 0.2969135347685079 0.00186241908107559 0.0032273210300924771
322 0.29282664724542701 0.0018365157289974411 0.0031828983396242068
323 0.28881696934549689 0.0018111088052807521 0.0031393148841901836
324 0.28488266387399508 0.0017861863060204203 0.0030965506942825551
325 0.28102194602120922 0.0017617365436607289 0.0030545863697957524
326 0.27723308011344783 0.0017377481046357299 0.0030134030447113895
327 0.27351438136801715 0.0017142100041519412 0.0029729824061740994
328 0.26986421199389948 0.0016911115896899769 0.0029333066521076033
329 0.26628097936767431 0.0016684424311020512 0.0028943584713877644
330 0.26276313472632568 0.0016461923971502776 0.0028561210296339746
331 0.25930917346469129 0.0016243516989754079 0.0028185779724422965
332 0.25591763162703379 0.001602910795864046 0.0027817133872503675
333 0.25258708579967226 0.0015818604076492555 0.0027455118021703505
334 0.24931615150682812 0.0015611915455400471 0.0027099581685524794
335 0.24610348197634555 0.0015408954437885326 0.0026750378475689732
336 0.24294776603209844 0.0015209635420376918 0.0026407365873054177
337 0.23984772907301488 0.0015013875748572569 0.0026070405334023355
338 0.23680213102722389 0.0014821595476910106 0.0025739362068176509
339 0.23380976273577744 0.0014632715174102947 0.0025414104645193202
340 0.23086944945596921 0.0014447159006087734 0.0025094505375648827
341 0.22798004757699741 0.0014264853382588989 0.0024780439954021458
342 0.22514044123942065 0.0014085724864208995 0.0024471787091241374
343 0.22234954777047014 0.0013909704764948519 0.0024168429105485886
344 0.21960630833668943 0.0013736722990077656 0.0023870250906161895
345 0.2169096958568113 0.001356671431984736 0.0023577140854001226
346 0.21425870739889255 0.001339961347110193 0.0023288989934662232
347 0.21165236554164296 0.0013235356583922576 0.002300569190670032
348 0.2090897214579362 0.0013073883954984654 0.0022727143636732195
349 0.20656984520113575 0.0012915133527611066 0.0022453244043601711
