25 0.0 0.0 0.0
26 0.0 0.0 0.0
27 0.0 0.0 0.0
28 0.0 0.0 0.0
29 0.0 0.0 0.0
30 0.0039373688444816974 1.1576077256470441e-06 0.00015143726324929604
31 0.013188087775466298 8.2457322974338124e-06 0.00050723414521024223
32 0.026642535997921189 2.8255972847033806e-05 0.0010247129229969689
33 0.044033345859838272 7.0277951174760379e-05 0.001693590225378395
34 0.065333459245095843 0.00014581608564328809 0.0025128253555806094
35 0.090651105355816636 0.00026929110308242645 0.0034865809752237169
36 0.12019363698460389 0.00045869433975396866 0.0046228321917155344
37 0.15425377181037644 0.00073640013837162352 0.0059328373773221707
38 0.19320591105253093 0.0011301534015299775 0.0074309965789434978
39 0.23750816790338602 0.0016742555938504006 0.0091349295347456158
40 0.28770831912417533 0.0024109762105184039 0.011065704581699051
41 0.34445292109818304 0.0033922196899130925 0.013248189273007039
42 0.4084993000699923 0.0046814798715114963 0.01571151154115355
43 0.48073036524794893 0.0063561157255912675 0.018489629432613421
44 0.56217232750215962 0.0085099834055704388 0.02162201259623691
45 0.65401548265424914 0.011256460369439746 0.025154441640548045
46 0.75763827014897156 0.014731898161738506 0.029139933467268137
47 0.87463484157931071 0.019099540228996875 0.03363980159920426
48 1.0068463971937258 0.02455394152856271 0.038724861430527918
49 1.156396511166248 0.031325920796177749 0.04447678889100954
50 1.3257304294298302 0.039688043090163411 0.050989631901147317
51 1.5176570142802202 0.049960453936217432 0.058371423626162315
52 1.7353868645716757 0.062516190262233817 0.066745648637372146
53 1.9825446662893846 0.077783000098388094 0.076251717934207097
54 2.2631006774301734 0.096234208822655404 0.087042333747314363
55 2.5811225111256819 0.11835522581074852 0.099273942735603152
56 2.9402395583021557 0.14457105676693996 0.11308613685777522
57 3.3428150078809495 0.17513408190243243 0.12856980799542114
58 3.7890500624562145 0.21000256576717871 0.14573269470985439
59 4.2764479805702189 0.24876807690671165 0.16447876848346996
60 4.8000011455454148 0.29068149614536776 0.18461542867482364
61 5.3530884735059905 0.33477649021185807 0.20588801821176886
62 5.9286671582710451 0.38003478171179128 0.22802565993350174
63 6.5202387307857927 0.42552359802759265 0.25077841272253049
64 7.1222921368776442 0.47046598782322147 0.27393431295683246
65 7.7302404296103191 0.51424699607027902 0.2973169396003969
66 8.3400564742025285 0.55638343105058452 0.3207714028539434
67 8.9478361110540003 0.59648646450788612 0.34414754273284615
68 9.5494477655946106 0.63423494084204102 0.36728645252286962
69 10.140345660153994 0.66936455761579938 0.39001329462130746
70 10.715564759052246 0.7016697182469841 0.41213710611739407
71 11.269879575354523 0.73101150259296932 0.43345690674440474
72 11.798085994327966 0.75732539801733723 0.45377253824338332
73 12.295348886017434 0.78062439601008238 0.47289803407759362
74 12.757550648370538 0.80099557466124216 0.4906750249373284
75 13.18157961582615 0.81859046260520252 0.50698383137792891
76 13.565513592459663 0.83361093713062295 0.52175052278691014
77 13.908678232175959 0.84629301475203744 0.53494916277599835
78 14.211585457387853 0.85689078721122669 0.54659944066876354
79 14.475776878339149 0.86566220506071889 0.55676064916689039
80 14.703607533915813 0.87285769574397976 0.56552336668906977
81 14.898006204952646 0.87871194430403043 0.57300023865202487
82 15.062242618445264 0.88343867312438562 0.5793170237863563
83 15.199722518100394 0.88722797146302368 0.58460471223463051
84 15.313821932779133 0.89024560022603216 0.58899315126073593
85 15.407763928401804 0.89263371156554006 0.59260630493853095
86 15.484535431352278 0.8945124743952364 0.59555905505201068
87 15.546838485097609 0.89598222275710282 0.597955326349908
88 15.59706892182461 0.89712582176367872 0.59988726622402344
89 15.637315421611287 0.89801104880276506 0.60143520852351107
90 15.66937266962945 0.89869285851255876 0.60266817960113273
91 15.694763420201861 0.89921545532568203 0.6036447469308408
92 15.714765430522217 0.89961413593439221 0.60441405502008527
93 15.730440306574856 0.89991689149359899 0.60501693486826369
94 15.742662206864866 0.9001457766083274 0.60548700795634103
95 15.752145074055271 0.90031806188037145 0.60585173361751044
96 15.759467605509455 0.900447192422974 0.60613336944267138
97 15.765095573108795 0.90054357622838477 0.60634982973495366
98 15.76940137368301 0.90061522638269209 0.60651543744934655
99 15.77268087411802 0.90066827961591289 0.6066415720814623
100 15.775167723979747 0.90070741166357327 0.60673722015306719
101 15.77704536426004 0.90073616684981161 0.60680943708692459
102 15.778457028502098 0.90075722092423405 0.60686373186546527
103 15.779513946235793 0.90077258135831551 0.60690438254753054
104 15.78030202513626 0.90078374970422381 0.60693469327447158
105 15.780887283620865 0.90079184300910764 0.60695720321618718
106 15.781320202892479 0.90079768919952186 0.606973853957403
107 15.781639193503183 0.90080189912549868 0.60698612282704556
108 15.781873342674702 0.90080492177251614 0.60699512856441162
109 15.782044573320793 0.90080708575952617 0.60700171435849204
110 15.78216933351743 0.90080863075075335 0.60700651282759344
111 15.782259908554709 0.90080973090435756 0.60700999648287346
112 15.782325434183191 0.90081051233024911 0.60701251669935352
113 15.78237267485019 0.90081106603163896 0.60701433364808421
114 15.782406618363604 0.9008114574744247 0.60701563916783097
115 15.782430918734041 0.90081173327813835 0.6070165737974631
116 15.782448274935611 0.90081192772150498 0.60701724134367729
117 15.78246062546723 0.90081206433386962 0.60701771636412427
118 15.782469387063722 0.90081216013366205 0.6070180533486047
119 15.782475582359366 0.90081222713033204 0.6070182916292064
120 15.782479953799839 0.90081227400792985 0.60701845976153224
121 15.782483023876074 0.90081230666183854 0.60701857784138746
122 15.782485174106704 0.90081232958048252 0.60701866054256548
123 15.782486680067565 0.90081234534672672 0.60701871846413713
124 15.78248773471463 0.9008123563529189 0.60701875902748581
125 15.782488470524529 0.90081236399940734 0.60701878732786652
126 15.782488982020386 0.90081236925609065 0.60701880700078403
127 15.782489336879786 0.9008123729657912 0.60701882064922252
128 15.782489581766313 0.90081237549952675 0.60701883006793511
129 15.782489750459062 0.90081237723989926 0.60701883655611777
130 15.782489866537167 0.90081237845926754 0.60701884102066028
131 15.782489946049232 0.90081237929304769 0.60701884407881657
132 15.782490000413757 0.90081237986602036 0.60701884616975987
133 15.782490037514238 0.90081238026098231 0.60701884759670144
134 15.782490062765715 0.90081238053254542 0.60701884856791211
135 15.782490079921036 0.90081238072029013 0.60701884922773219
136 15.782490091547537 0.90081238084841686 0.60701884967490527
137 15.78249009941603 0.90081238093736715 0.60701884997753963
138 15.782490104720674 0.90081238099748184 0.60701885018156443
139 15.782490108299172 0.9008123810385581 0.60701885031919889
140 15.782490110713528 0.9008123810678591 0.60701885041205883
141 15.782490112329207 0.90081238108636441 0.60701885047420023
142 15.782490113417127 0.90081238110027995 0.60701885051604332
143 15.782490113417127 0.90081238110027995 0.60701885051604332
144 15.782490113417127 0.90081238110027995 0.60701885051604332
145 15.782490113417127 0.90081238110027995 0.60701885051604332
146 15.782490113417127 0.90081238110027995 0.60701885051604332
147 15.782490113417127 0.90081238110027995 0.60701885051604332
148 15.782490113417127 0.90081238110027995 0.60701885051604332
149 15.782490113417127 0.90081238110027995 0.60701885051604332
150 15.578350310111331 0.89525474627828094 0.59916731961966652
151 15.343776281137458 0.88684143975473273 0.59014524158220993
152 15.08226951604742 0.87581738661113262 0.58008728907874696
153 14.797374452811164 0.8624619767580356 0.5691297866465832
154 14.492563522662296 0.84706857486079989 0.55740628933316527
155 14.171161819844455 0.82993057122553815 0.54504468537863293
156 13.836299686992771 0.81133208145811064 0.53216537257664498
157 13.490884946400662 0.79154194740929562 0.51888019024617926
158 13.137588906486103 0.77081007594240325 0.50529188101869627
159 12.778842007696223 0.74936543254518295 0.49149392337293168
160 12.416836177120173 0.72741520259751113 0.47757062219692969
161 12.053531813501928 0.70514477326270031 0.46359737744238189
162 11.690667905808951 0.68271828477845031 0.44964107330034425
163 11.329774208527832 0.66027956999759396 0.43576054648183971
164 10.972184680833038 0.63795334860409825 0.422007103108963
165 10.619051605056523 0.61584657767280715 0.40842506173294318
166 10.27135994463087 0.59404988484774057 0.39505230556272575
167 9.9299416138712431 0.57263902939527167 0.38192083130274013
168 9.5954894127721566 0.55167635015943894 0.36905728510662139
169 9.2685704466814602 0.53121217052546243 0.35648347871851771
170 8.9496389004682761 0.51128613887908025 0.34421688078724139
171 8.6390480803481466 0.49192849005091915 0.33227108001339023
172 8.3370616685153518 0.4731612184599186 0.32065621801982125
173 8.043864163575817 0.45499915804458313 0.3093793909067622
174 7.7595705070429517 0.43745096827748792 0.29844501950165198
175 7.4842348911185761 0.42052002508540837 0.28785518811994526
176 7.2178587999042145 0.40420522334141207 0.27760995384246978
177 6.9603982835845155 0.38850169121143646 0.26770762629171213
178 6.7117705390697235 0.37340142555667571 0.25814502073345091
179 6.4718598106523757 0.35889385058470813 0.24891768502509137
180 6.2405226986580171 0.34496631054073323 0.24002010379453911
181 6.0175928596513666 0.33160449633283934 0.23144587921736026
182 5.8028852016152523 0.31879281748982674 0.2231878923698174
183 5.5961995856914966 0.30651472251427758 0.2152384456035191
184 5.3973241244516732 0.29475297551008772 0.20758938940198743
185 5.2060380051319228 0.28348988877953796 0.20023223096661241
186 5.0221140327916958 0.27270752296997225 0.19315823203044985
187 4.845320803313931 0.26238785540191328 0.18635849243515118
188 4.6754245988516487 0.25251291922471752 0.17982402303275571
189 4.5121910047129035 0.24306491911756234 0.17354580787357321
190 4.3553863138089435 0.23402632682755237 0.16751485822342091
191 4.2047787065981801 0.22537995797714741 0.16172225794608386
192 4.0601392470522377 0.21710903258699726 0.15615920180970144
193 3.9212427182913441 0.20919722326774612 0.15081702762659016
194 3.787868304855734 0.20162869058487268 0.14568724249445131
195 3.6598001556994126 0.19438810991630984 0.1407615444499774
196 3.536827824067061 0.18746068863620394 0.13603183938719465
197 3.4187466171090373 0.18083217730369228 0.13149025450419374
198 3.3053578559362697 0.17448887464267249 0.12712914830524114
199 3.1964690532168345 0.16841762650059494 0.12294111743141671
200 3.0918940424467962 0.16260582290252648 0.11891900163256909
201 2.9914530382519922 0.15704139019404251 0.11505588608661509
202 2.8949726554820088 0.15171278112915154 0.11134510213392342
203 2.8022858844940677 0.14660896256425432 0.10778022632669491
204 2.7132320297609085 0.14171940131948846 0.10435507806772724
205 2.6276566290329662 0.13703404910110706 0.10106371650126793
206 2.5454113440492097 0.13254332727653118 0.09790043630958499
207 2.4663538292699876 0.12823810949797043 0.094859762664230296
208 2.3903475893292185 0.12410970491862235 0.091936445743431489
209 2.3172618201521389 0.12014984085413768 0.089125454621236111
210 2.2469712457323165 0.11635064554541599 0.086421970989704486
211 2.1793559481773848 0.11270463152461349 0.083821382622207105
212 2.1143011893462149 0.1092046783946141 0.081319276513315955
213 2.0516972287480235 0.10584401614116068 0.078911431874923985
214 1.9914391463897232 0.10261620935226382 0.076593813322681656
215 1.9334266608780177 0.099515141275750937 0.074362563879923765
216 1.8775639471373138 0.096534998462840943 0.072213997966819765
217 1.8237594651310816 0.093670256498664853 0.070144594812733913
218 1.7719257835244415 0.0909156657320387 0.068150991674016975
219 1.7219794046922088 0.088266237124578636 0.066229977103546486
220 1.6738406024760515 0.085717229781964999 0.06437848471061737
221 1.6274332592121856 0.083264138284858472 0.062593586892776373
222 1.582684707722394 0.080902680710566305 0.060872488758553618
223 1.5395255781274566 0.078628787134898889 0.05921252223567141
224 1.4978896515014068 0.076438588874687782 0.057611140442361805
225 1.4577137169571981 0.074328408045418362 0.056065912190661468
226 1.4189374339464664 0.072294747647203964 0.054574516690248709
227 1.3815032020608684 0.070334282318639779 0.053134738540802633
228 1.345356033366893 0.068443849331311632 0.051744462821803575
229 1.3104434312378221 0.066620440150735746 0.050401670432223926
230 1.2767152740033438 0.064861192413486091 0.049104433615513227
231 1.2441237035907262 0.063163382318179348 0.047850911676566396
232 1.2126230190064682 0.061524417406695599 0.046639346884864159
233 1.1821695744952185 0.059941829733724881 0.045468060557508405
234 1.1527216823504716 0.058413269394740543 0.044335449321171984
235 1.1242395200187578 0.056936498388520572 0.043239981539182994
236 1.0966850416899685 0.055509384827979368 0.042180193911152637
237 1.0700218937257808 0.05412989742880308 0.041154688220222342
238 1.0442153343673453 0.052796100331448256 0.040162128244897892
239 1.0192321570466354 0.05150614817893636 0.039201236809485979
240 0.99504061739466487 0.050258281460858999 0.038270792976717878
241 0.97161036378882004 0.049050822115525292 0.037369629376493081
242 0.94891237193606937 0.047882169135248689 0.03649662968984882
243 0.92691887931062678 0.04675079561634906 0.035650726127331799
244 0.90560332901738083 0.045655243452052498 0.034830897269899262
245 0.88494031042801169 0.044594120946633918 0.034036165785692754
246 0.86490550589952364 0.043566099176350015 0.033265596380750911
247 0.84547563894702338 0.042569908814316632 0.032518293805654748
248 0.82662842556058869 0.041604337180681968 0.031793400983099566
249 0.80834252797859196 0.04066822521969643 0.031090097229945844
250 0.79059750938491669 0.039760465650988161 0.030407596514804489
251 0.77337379197098821 0.038879999015292106 0.029745145845038009
252 0.75665261884359558 0.038025812474807116 0.029102023801676754
253 0.74041601386172973 0.03719693706358175 0.028477538994681913
254 0.72464674644884175 0.036392445641723052 0.027871028709570835
255 0.70932829705036338 0.035611450842298456 0.02728185757886013
256 0.69444482548883779 0.034853103117306036 0.026709416364955298
257 0.67998113611630828 0.034116589079671869 0.026153120619858011
258 0.66592265397850636 0.033401129521632017 0.02561240976840409
259 0.65225539281595168 0.032705977948942561 0.025086745877536603
260 0.63896592962362231 0.032030418871151448 0.024575612677831628
261 0.62604137875068133 0.031373766840057056 0.024078514567333897
262 0.61346936759454307 0.030735364183747307 0.023594975676713197
263 0.60123801501118979 0.030114580426846265 0.023124539038891914
264 0.5893359080922751 0.029510810730933708 0.022666765695856735
265 0.57775208288745872 0.0289234748068007 0.02222123395720995
266 0.56647599955503403 0.028352015514081022 0.021787538444424385
267 0.5554975325578011 0.027795898377485591 0.02136528971376158
268 0.54480694491706361 0.0272546099447298 0.020954113266040908
269 0.53439487420583842 0.026727657131220602 0.020553649007916862
270 0.52425231605444511 0.026214566176402991 0.020163550617478657
271 0.51437060859071482 0.025714882137648207 0.019783484945796723
272 0.50474141740371548 0.025228167450034214 0.019413131438604441
273 0.49535672183505375 0.024754001579692896 0.019052181609040528
274 0.4862088024273839 0.024291980222068538 0.01870033855489938
275 0.47729022400255139 0.023841714303822932 0.018357316307790437
276 0.4685938308522285 0.023402829875558338 0.018022839648162634
277 0.4601127288039808 0.02297496689990745 0.017696643415537724
278 0.45184027659415249 0.022557778835859393 0.017378472176698172
279 0.44377007557053338 0.022150932347375439 0.017068079829635898
280 0.43589595823558885 0.021754106152602617 0.016765229162907264
281 0.42821198034227348 0.021366991010770636 0.016469691551625903
282 0.420712411155446 0.020989289009575605 0.016181246582901768
283 0.41339172322319101 0.020620713094411002 0.015899681662430422
284 0.40624458677653102 0.020260986672290055 0.015624791799097346
285 0.39926585984985263 0.019909843119044285 0.015356379224994332
286 0.39245058127810178 0.019567025359404661 0.015094253126080839
287 0.38579396232032337 0.019232285499740227 0.014838229320012438
288 0.3792913825976767 0.018905384550161303 0.014588130099910642
289 0.3729383799355484 0.018586091795218695 0.014343783843674938
290 0.36673064664452543 0.018274184710566025 0.014105024870943285
291 0.36066402145354026 0.017969448508402982 0.013871693132828471
292 0.35473448578987754 0.017671675886317156 0.013643634068841445
293 0.34893815762479768 0.017380666760013239 0.013420698370184527
294 0.34327128319758632 0.017096227661421212 0.013202741661445628
295 0.33773023776805788 0.016818172069725461 0.012989624529540687
296 0.33231151599472258 0.016546319624888318 0.012781212153643176
297 0.32701172886085095 0.016280496036717267 0.012577374186955806
298 0.32182759915993292 0.016020532947226454 0.012377984583074344
299 0.31675595754911823 0.015766267570531445 0.012182921444196856
300 0.31179373813275774 0.01551754254302044 0.011992066851259912
301 0.30693797482753737 0.015274205703466021 0.011805306724136053
302 0.30218579728743972 0.015036109938484157 0.011622530664901527
303 0.29753442744627023 0.014803112864993974 0.011443631824856547
304 0.29298117657072514 0.014575076807224778 0.011268506791181736
305 0.28852344124095314 0.01435186848089944 0.011097055432344351
306 0.28415870055609915 0.014133358958993206 0.010929180790619199
307 0.27988451335555797 0.013919423407933612 0.010764788975213768
308 0.27569851488765218 0.013709940954268789 0.010603789034140469
309 0.27159841397281714 0.01350479457034501 0.010446092845108352
310 0.26758199088491502 0.013303870905342522 0.010291615034035194
311 0.26364709477409576 0.013107060214006016 0.01014027287592676
312 0.25979164103169688 0.012914256177636514 0.0099919861935268035
313 0.25601360703815357 0.012725355568490164 0.0098466771937751364
314 0.25231103432446661 0.012540258654963452 0.0097042705509410229
315 0.2486820224203693 0.012358868584930738 0.0095646931700142032
316 0.24512472867717508 0.012181091577190672 0.0094278741798913494
317 0.24163736503580607 0.012006836566698487 0.0092937448090694638
318 0.23821819758425034 0.01183601535562206 0.0091622383686250121
319 0.2348655433376983 0.011668542310306493 0.0090332901283730112
320 0.23157777033995045 0.011504334566448117 0.0089068373207673249
321 0.22835329163718568 0.011343311290034817 0.0087828189091225268
322 0.22519057035248113 0.011185394533467603 0.0086611757827877358
323 0.22208811251704735 0.011030508383470451 0.0085418504814248983
324 0.21904446823740206 0.01087857929417883 0.0084247872399000785
325 0.21605822879108294 0.010729535734954379 0.0083099318765801136
326 0.21312802671166439 0.010583308368284876 0.008197231796602476
327 0.21025253183712825 0.010439829624816082 0.0080866358398895485
328 0.20743045468757693 0.010299034272696034 0.0079780944110606506
329 0.20466054035999412 0.010160858661715837 0.0078715592446151582
330 0.20194157035222887 0.010025241099652247 0.0077669834750857258
331 0.19927235806402405 0.0098921213391256861 0.0076643214640009245
332 0.19665175416497066 0.0097614413910496016 0.0075635290063450255
333 0.19407863824841373 0.0096331444869218099 0.0074645630095543742
334 0.19155192093696488 0.0095071754443147444 0.0073673815744986493
335 0.18907054408191412 0.0093834807778997581 0.007271944003150543
336 0.18663347861795729 0.0092620084936004925 0.0071782107160752806
337 0.18423972156807764 0.0091427077663451591 0.0070861431372337552
338 0.18188829991546765 0.0090255295245900025 0.0069957038429026017
339 0.17957826495156509 0.0089104257581228141 0.0069068563442909649
340 0.17730869616369596 0.0087973501467282049 0.0068195652370652291
341 0.17507869350106942 0.0086862570271646587 0.0067337959038872852
342 0.17288738452013161 0.0085771024577827124 0.0066495147892358308
343 0.1707339184594126 0.0084698434690071277 0.0065666891715158698
344 0.16861746754683063 0.0083644383218607569 0.0064852872133396395
345 0.16653722545088048 0.0082608463176432872 0.0064052779019569414
346 0.16449240755366903 0.0081590279179262377 0.0063266310597565011
347 0.16248224832826239 0.0080589444428021285 0.0062493172433947071
348 0.16050600403046913 0.0079605584741999809 0.0061733078473257359
349 0.15856294891157277 0.0078638333989703973 0.0060985749581374139
