25 0.0 0.0 0.0
26 0.0 0.0 0.0
27 0.0 0.0 0.0
28 0.0 0.0 0.0
29 0.0 0.0 0.0
30 0.014689188156843338 0.0020136133454863384 0.0036722970392108344
31 0.017576654399686788 0.0030011832534424247 0.0043941635999216969
32 0.17087182748424745 0.048303552883375588 0.042717956871061863
33 0.60555250627554069 0.2143434990714676 0.15138812656888517
34 1.6644868050671588 0.65291761293443429 0.41612170126678971
35 3.4977581117130705 1.4268327910848504 0.87443952792826762
36 5.8448557202744045 2.405062029135113 1.4612139300686011
37 8.2560425728587852 3.3812831466842668 2.0640106432146963
38 10.367794132803493 4.2066132859344822 2.5919485332008732
39 12.003448415933223 4.8235795809851458 3.0008621039833057
40 13.152178158678876 5.2428850552935087 3.2880445396697189
41 13.898033980838971 5.5072198334435445 3.4745084952097427
42 14.352621320066346 5.6641013131462179 3.5881553300165865
43 14.615674733219263 5.7526958077295207 3.6539186833048158
44 14.761369253174546 5.8006550122531388 3.6903423132936366
45 14.839035424014554 5.8256677391622116 3.7097588560036385
46 14.87903603835454 5.8382797701667641 3.719759009588635
47 14.898993722320737 5.8444432036320624 3.7247484305801843
48 14.908659258823878 5.8473680116447166 3.7271648147059695
49 14.913210192226828 5.8487178491551965 3.7283025480567069
50 14.915296202137105 5.8493245277536641 3.7288240505342762
51 14.916228151124562 5.8495903892984709 3.7290570377811405
52 14.916634420889048 5.8497041149608675 3.7291586052222621
53 14.916807439391267 5.8497516580764621 3.7292018598478167
54 14.916879520875614 5.8497711119247278 3.7292198802189036
55 14.916908927894081 5.8497789131424076 3.7292272319735202
56 14.916920681731213 5.8497819805507572 3.7292301704328032
57 14.916925285510088 5.8497831613798121 3.7292313213775219
58 14.916927054518872 5.8497836086067867 3.7292317636297181
59 14.916927723688126 5.8497837749284978 3.7292319309220314
60 14.916927968315933 5.8497838340499522 3.7292319920789834
61 14.916928054856928 5.8497838543131424 3.7292320137142321
62 14.916928084805779 5.8497838611652497 3.7292320212014447
63 14.916928094733766 5.8497838633431334 3.7292320236834415
64 14.916928098036021 5.8497838640713766 3.7292320245090052
65 14.916928099064464 5.8497838642785931 3.7292320247661159
66 14.916928099064464 5.8497838642785931 3.7292320247661159
67 14.916928099064464 5.8497838642785931 3.7292320247661159
68 14.916928099064464 5.8497838642785931 3.7292320247661159
69 14.916928099064464 5.8497838642785931 3.7292320247661159
70 14.916928099064464 5.8497838642785931 3.7292320247661159
71 14.916928099064464 5.8497838642785931 3.7292320247661159
72 14.916928099064464 5.8497838642785931 3.7292320247661159
73 14.916928099064464 5.8497838642785931 3.7292320247661159
74 14.916928099064464 5.8497838642785931 3.7292320247661159
75 14.916928099064464 5.8497838642785931 3.7292320247661159
76 14.916928099064464 5.8497838642785931 3.7292320247661159
77 14.916928099064464 5.8497838642785931 3.7292320247661159
78 14.916928099064464 5.8497838642785931 3.7292320247661159
79 14.916928099064464 5.8497838642785931 3.7292320247661159
80 14.916928099064464 5.8497838642785931 3.7292320247661159
81 14.916928099064464 5.8497838642785931 3.7292320247661159
82 14.916928099064464 5.8497838642785931 3.7292320247661159
83 14.916928099064464 5.8497838642785931 3.7292320247661159
84 14.916928099064464 5.8497838642785931 3.7292320247661159
85 14.916928099064464 5.8497838642785931 3.7292320247661159
86 14.916928099064464 5.8497838642785931 3.7292320247661159
87 14.916928099064464 5.8497838642785931 3.7292320247661159
88 14.916928099064464 5.8497838642785931 3.7292320247661159
89 14.916928099064464 5.8497838642785931 3.7292320247661159
90 14.916928099064464 5.8497838642785931 3.7292320247661159
91 7.4584640495314103 2.9248919321389746 1.8646160123828526
92 14.916928099064464 5.8497838642785931 3.7292320247661159
93 14.916928099064464 5.8497838642785931 3.7292320247661159
94 14.916928099064464 5.8497838642785931 3.7292320247661159
95 14.916928099064464 5.8497838642785931 3.7292320247661159
96 14.916928099064464 5.8497838642785931 3.7292320247661159
97 14.916928099064464 5.8497838642785931 3.7292320247661159
98 14.916928099064464 5.8497838642785931 3.7292320247661159
99 14.916928099064464 5.8497838642785931 3.7292320247661159
100 14.916928099064464 5.8497838642785931 3.7292320247661159
101 7.4584640495322319 2.9248919321392965 1.864616012383058
102 7.241394731171626 2.8463833875644524 1.8103486827929065
103 6.9173612278912646 2.721060023248016 1.7293403069728162
104 6.5248932502821413 2.5655678352129847 1.6312233125705353
105 6.0947035311345221 2.3932799661431559 1.5236758827836305
106 10.426499400993706 4.0771263957888824 2.6066248502484264
107 8.8065629854402676 3.4268836804186278 2.2016407463600669
108 7.3929597500420208 2.8624797954767143 1.8482399375105052
109 6.1952169852028511 2.3872754265101377 1.5488042463007128
110 5.1971971825246186 1.9938621272179839 1.2992992956311546
111 4.3729465842247279 1.6709533463867814 1.093236646056182
112 3.6948215961623347 1.4068094894602226 0.92370539904058369
113 3.1372155693094288 1.1907377702996915 0.7843038923273572
114 2.6779483301079119 1.0136014147118264 0.66948708252697797
115 2.2984993830958018 0.86785834083207913 0.57462484577395045
116 1.983725085742017 0.7474022539893983 0.49593127143550425
117 1.7213892270072773 0.64734136566952649 0.43034730675181931
118 1.5016662962536429 0.56377697002163241 0.37541657406341072
119 1.3166866709473493 0.49360691361945835 0.32917166773683731
120 1.1601478932369487 0.43436115128939101 0.29003697330923717
121 1.0269946348951158 0.38406851809088782 0.25674865872377894
122 0.9131609437139131 0.34115079607662097 0.22829023592847827
123 0.81536523592805499 0.30433934461676632 0.20384130898201375
124 0.7309484143882613 0.27260985955338723 0.18273710359706533
125 0.6577464947841819 0.24513143147819103 0.16443662369604548
126 0.59399048642184171 0.22122677138178151 0.14849762160546043
127 0.53822764525889299 0.20034110988864823 0.13455691131472325
128 0.48925942448260357 0.18201781756105229 0.12231485612065089
129 0.44609245308497875 0.16587923244761918 0.11152311327124469
130 0.40789968190461645 0.1516115264508763 0.10197492047615411
131 0.37398947751567391 0.13895271169309409 0.093497369378918477
132 0.34378094227162947 0.12768309477877288 0.085945235567907369
133 0.31678412706796966 0.11761764642359218 0.079196031766992414
134 0.29258410076191405 0.10859987494422789 0.073146025190478511
135 0.27082807312824597 0.10049688654084481 0.067707018282061493
136 0.25121493643711751 0.09319538199328449 0.062803734109279377
137 0.23348674462782837 0.086598402225008753 0.058371686156957092
138 0.21742173891985286 0.080622669424164253 0.054355434729963216
139 0.20282861124911084 0.075196403621593369 0.050707152812277709
140 0.18954177676220571 0.070257526696873282 0.047385444190551428
141 0.17741745573044432 0.0657521756391128 0.044354363932611079
142 0.16633041727293091 0.061633468830104288 0.041582604318232727
143 0.15617126078837062 0.05786047750220133 0.039042815197092656
144 0.14684414237071142 0.054397366180976493 0.036711035592677854
145 0.13826486199314639 0.051212670771122952 0.034566215498286597
146 0.13035925238819646 0.048278690761262885 0.032589813097049114
147 0.12306181430634439 0.045570975044689779 0.030765453576586096
148 0.11631456195621753 0.043067887270016987 0.029078640489054383
149 0.110066036590699 0.040750234837184693 0.027516509147674749
