25 0.0 0.0 0.0
26 0.0 0.0 0.0
27 0.0 0.0 0.0
28 0.0 0.0 0.0
29 0.0 0.0 0.0
30 0.25797277855211154 4.6337274700046815e-05 0.0021862099877297588
31 0.87433917974557895 0.00035023937302201309 0.0074096540656404999
32 1.7940222663727929 0.0012931192412942302 0.01520357852858299
33 3.0223316972887302 0.0035074822443056947 0.025612980485497712
34 4.5834670988801758 0.0079194034635760475 0.03884294151593369
35 6.4933442710233091 0.015372643888865086 0.055028341279858554
36 8.7069682624380107 0.025670185272708004 0.073787866630830604
37 11.074607424142537 0.037165208914158733 0.093852605289343527
38 13.36880611103282 0.04776152467323979 0.11329496704265102
39 15.374584422620579 0.056133277733757016 0.13029308832729306
40 16.967842210745104 0.062011493593006915 0.14379527297241615
41 18.131834398841853 0.065786446577337301 0.15365961354950722
42 18.924266111628125 0.068049430769380359 0.16037513653922139
43 19.432817348234941 0.069333098504110721 0.16468489278165205
44 19.743299448262537 0.070028053453609046 0.16731609701917405
45 19.924855618575208 0.070389017918159491 0.16885470863199328
46 20.027036105941338 0.07056945077484493 0.16972064496560457
47 20.082576498873024 0.070656402514651301 0.1701913262616358
48 20.111806160332112 0.070696838612730351 0.17043903525705179
49 20.126728602951605 0.070714992700172868 0.17056549663518308
50 20.134130131042568 0.07072286145461476 0.17062822144951328
51 20.137701562591825 0.070726153024426863 0.17065848781857479
52 20.139380070933118 0.070727480353887692 0.17067271246553489
53 20.140149269736249 0.070727995384334968 0.17067923109945973
54 20.140493277573537 0.070728186805580032 0.17068214642011473
55 20.140643664641654 0.070728255235251017 0.17068342088679367
56 20.140707948052381 0.070728278158925531 0.17068396566146085
57 20.140734833353395 0.07072828536387965 0.17068419350299488
58 20.140745861943877 0.0707282876622123 0.17068428696562607
59 20.140750321682781 0.070728288125029723 0.17068432476002357
60 20.140752073014696 0.070728288080216237 0.17068433960181945
61 20.140752739459227 0.070728287979384644 0.17068434524965448
62 20.140752985535002 0.070728287920547403 0.1706843473350424
63 20.140753073730306 0.070728287888134761 0.17068434808246022
64 20.140753104458938 0.07072828787490662 0.17068434834287236
65 20.140753114877924 0.070728287869348178 0.17068434843116884
66 20.140753114877924 0.070728287869348178 0.17068434843116884
67 20.140753114877924 0.070728287869348178 0.17068434843116884
68 20.140753114877924 0.070728287869348178 0.17068434843116884
69 20.140753114877924 0.070728287869348178 0.17068434843116884
70 20.140753114877924 0.070728287869348178 0.17068434843116884
71 20.140753114877924 0.070728287869348178 0.17068434843116884
72 20.140753114877924 0.070728287869348178 0.17068434843116884
73 20.140753114877924 0.070728287869348178 0.17068434843116884
74 20.140753114877924 0.070728287869348178 0.17068434843116884
75 20.140753114877924 0.070728287869348178 0.17068434843116884
76 20.140753114877924 0.070728287869348178 0.17068434843116884
77 20.140753114877924 0.070728287869348178 0.17068434843116884
78 20.140753114877924 0.070728287869348178 0.17068434843116884
79 20.140753114877924 0.070728287869348178 0.17068434843116884
80 20.140753114877924 0.070728287869348178 0.17068434843116884
81 20.140753114877924 0.070728287869348178 0.17068434843116884
82 20.140753114877924 0.070728287869348178 0.17068434843116884
83 20.140753114877924 0.070728287869348178 0.17068434843116884
84 20.140753114877924 0.070728287869348178 0.17068434843116884
85 20.140753114877924 0.070728287869348178 0.17068434843116884
86 20.140753114877924 0.070728287869348178 0.17068434843116884
87 20.140753114877924 0.070728287869348178 0.17068434843116884
88 20.140753114877924 0.070728287869348178 0.17068434843116884
89 20.140753114877924 0.070728287869348178 0.17068434843116884
90 20.140753114876823 0.070728287869344306 0.17068434843115951
91 20.140753114877924 0.070728287869348178 0.17068434843116884
92 20.140753114877924 0.070728287869348178 0.17068434843116884
93 20.140753114877924 0.070728287869348178 0.17068434843116884
94 20.140753114877924 0.070728287869348178 0.17068434843116884
95 20.140753114877924 0.070728287869348178 0.17068434843116884
96 20.140753114877924 0.070728287869348178 0.17068434843116884
97 20.140753114877924 0.070728287869348178 0.17068434843116884
98 20.140753114877924 0.070728287869348178 0.17068434843116884
99 20.140753114877924 0.070728287869348178 0.17068434843116884
100 17.662069423701375 0.065553021475013643 0.14967855443814726
101 15.363376297527367 0.05885261797130166 0.13019810421633363
102 13.283398076497402 0.051656810140782314 0.1125711701398085
103 11.438623445612201 0.044654480211308176 0.096937486827222044
104 9.8280105658599233 0.038235161696785348 0.083288225134406133
105 8.4384713151236284 0.032569741702010373 0.071512468772234133
106 7.2498846143156435 0.027690219791894514 0.06143970012131901
107 6.2390212977060839 0.023551526923834852 0.052873061844966811
108 5.382260808180642 0.020072960635352289 0.045612379730344425
109 4.6572585201659731 0.017163040749458704 0.039468292543779433
110 4.0438227373453595 0.014732891148901564 0.03426968421479118
111 3.5242560516020496 0.012702474301587019 0.029866576708491945
112 3.0833667418134834 0.011002736137877953 0.026130226625537996
113 2.7082979850572424 0.0095756074646818432 0.022951677839468155
114 2.3882722764703255 0.008373009188176293 0.020239595563307844
115 2.1143105225411749 0.0073554967170741245 0.017917885784247245
116 1.8789592137666189 0.0064908691737072532 0.015923383167513721
117 1.6760422453382904 0.0057528940742137252 0.014203747841849919
118 1.5004440042665497 0.0051202034762748297 0.012715627154801269
119 1.3479245006832743 0.0045753698404696593 0.011423088988841307
120 1.2149644352335445 0.004104147713769127 0.010296308773165631
121 1.0986367799655576 0.0036948588635240275 0.0093104811861487932
122 0.99650114624807673 0.0033378975213021575 0.0084449249682040407
123 0.90651725170221475 0.0030253336567829681 0.0076823495906967352
124 0.82697423778826851 0.0027505955048036739 0.0070082562524429537
125 0.75643300035804695 0.002508215337549686 0.0064104491555766691
126 0.69367912234957696 0.0022936258757180941 0.0058786366300811604
127 0.63768445714163557 0.0021029968692352352 0.0054041055689969114
128 0.58757569248592556 0.0019331032643738581 0.0049794550210671661
129 0.54260861245704917 0.0017812191855103312 0.004598378071669908
130 0.50214695789396124 0.0016450318414961537 0.0042554826940166207
131 0.46564503243943911 0.001522571631933917 0.0039461443427071113
132 0.43263333852737224 0.0014121551131084328 0.0036663842248082393
133 0.402706699510753 0.001312338381553553 0.0034127686399216357
134 0.37551439539005615 0.0012218787584377137 0.0031823253846614929
135 0.35075195460087882 0.0011397032018195768 0.0029724741915328713
136 0.32815430222940889 0.0010648821883705258 0.0027809686629610923
137 0.3074900199927294 0.0009966080170423807 0.0026058476270570288
138 0.28855652950207134 0.00093417674575484318 0.0024453943178141639
139 0.27117603227357306 0.00087697308887868801 0.0022981019684201109
140 0.255192082377876 0.00082445774458505714 0.0021626447659142032
141 0.24046668234474369 0.00077615673656025513 0.0020378532402096925
142 0.22687781639769786 0.00073165241443004351 0.0019226933593025242
143 0.21431734918143344 0.00069057583189117695 0.0018162487218765545
144 0.20268923124594199 0.00065260027377554003 0.0017177053495418813
145 0.19190796196902793 0.00061743574034593945 0.0016263386607544739
146 0.18189727007560111 0.00058482423702115483 0.0015415022887762806
147 0.17258897785317687 0.00055453573768489016 0.0014626184563828548
148 0.16392210167789129 0.00052636442131162055 0.0013891703532024685
149 0.15584166618128645 0.00050012685337492003 0.0013206920862820885
