25 0.0 0.0 0.0
26 0.0 0.0 0.0
27 0.0 0.0 0.0
28 0.0 0.0 0.0
29 0.0 0.0 0.0
30 0.72453820041762129 0.00015711929506932653 0.0022225098172319671
31 2.504470341022587 0.001374601405550442 0.0076824243589649907
32 5.284159920287129 0.0060666561439115712 0.016209079510083216
33 9.236285543168103 0.019781150938694859 0.02833216424284694
34 14.593800361203858 0.050038666338836142 0.044766258776698951
35 21.380414871060669 0.098252223296691366 0.065584094696505113
36 29.192206310332153 0.15584353943128484 0.089546645123718266
37 37.263373601940835 0.21127768241148112 0.11430482699981852
38 44.734188920228839 0.25696432791359353 0.13722143840560994
39 50.960027765636902 0.29054664775148381 0.15631910357557333
40 55.681582884680147 0.31316427961978377 0.17080240148674891
41 58.984743790732971 0.32738338412213008 0.18093479690408887
42 61.145045848950986 0.33583762906039855 0.18756149033420547
43 62.480747479748096 0.34063539472996313 0.19165873460045429
44 63.268241210112606 0.34325069174063871 0.19407435954022273
45 63.713722961401814 0.34462607592566946 0.19544086797976015
46 63.956587227001833 0.34532605718273729 0.19618585038957617
47 64.084582404373677 0.3456715900003553 0.19657847363304809
48 64.149940742221489 0.34583731773962456 0.19677895933196776
49 64.182333400831865 0.34591466360758688 0.19687832331543517
50 64.197938023094252 0.34594983334447288 0.19692619025489033
51 64.205254212058307 0.34596543306346317 0.19694863255232609
52 64.208596464250547 0.34597218976892791 0.19695888485966426
53 64.210085995039222 0.34597505171117166 0.19696345397251294
54 64.210734059542759 0.34597623666438287 0.19696544190043791
55 64.211009672625394 0.34597671744101888 0.19696628733934171
56 64.211124265654632 0.34597690828278083 0.19696663885170132
57 64.211170985646802 0.34597698270119781 0.19696678216456073
58 64.211189565183048 0.34597701083536292 0.19696683915700322
59 64.211196987836416 0.34597702176781842 0.19696686192587859
60 64.21119994074256 0.34597702605488012 0.19696687098387289
61 64.211201067675617 0.34597702766747035 0.19696687444072275
62 64.211201522636728 0.3459770283034232 0.19696687583630898
63 64.2112017840699 0.3459770286829707 0.19696687663825121
64 64.211201769981827 0.34597702864662122 0.19696687659503628
65 64.211201766059631 0.34597702865060809 0.19696687658300499
66 64.211201767292891 0.34597702864956575 0.19696687658678802
67 64.21120176751667 0.34597702865040847 0.19696687658747444
68 64.211201767395039 0.34597702865096169 0.19696687658710135
69 64.211201767560539 0.34597702865435775 0.196966876587609
70 64.211201767359725 0.34597702864671387 0.19696687658699302
71 64.211201767487864 0.34597702865671709 0.1969668765873861
72 64.211201767827504 0.34597702864981178 0.19696687658842793
73 64.211201767496817 0.34597702864958746 0.19696687658741355
74 64.211201767346665 0.34597702864969493 0.19696687658695297
75 64.211201767549014 0.34597702864883417 0.19696687658757367
76 64.211201767427241 0.34597702865405133 0.19696687658720013
77 64.21120176749595 0.34597702864798657 0.19696687658741088
78 64.211201767435014 0.3459770286498014 0.19696687658722398
79 64.211201767465568 0.34597702864985291 0.19696687658731768
80 64.211201767424711 0.34597702864921498 0.19696687658719236
81 64.211201767455961 0.3459770286502421 0.19696687658728823
82 64.211201767434574 0.34597702864938262 0.19696687658722262
83 64.211201767412177 0.3459770286502476 0.19696687658715392
84 64.211201767565953 0.34597702864926722 0.19696687658762563
85 64.21120176742582 0.34597702864999114 0.19696687658719578
86 64.211201767446823 0.34597702864873431 0.1969668765872602
87 64.211201767478556 0.34597702864686797 0.19696687658735754
88 64.211201767335183 0.34597702865419783 0.19696687658691775
89 64.211201767605445 0.34597702864656932 0.19696687658774675
90 64.211201767463919 0.34597702865033469 0.19696687658731263
91 64.211201767465994 0.34597702864983787 0.19696687658731901
92 64.211201767381553 0.34597702865090324 0.19696687658705997
93 64.211201767535968 0.34597702864857566 0.19696687658753365
94 64.211201767345628 0.34597702865280539 0.19696687658694978
95 64.211201767424981 0.34597702864604613 0.1969668765871932
96 64.21120176766928 0.34597702865756852 0.19696687658794257
97 64.211201767396531 0.34597702865052132 0.19696687658710593
98 64.211201767284507 0.345977028651209 0.19696687658676229
99 64.211201767231699 0.34597702864795188 0.19696687658660031
100 32.10560088374767 0.17298851432473888 0.098483438293704512
101 30.235436891682259 0.16840446922961716 0.092746738931540673
102 28.338700686978729 0.16142267142238634 0.086928529714658684
103 26.451486639368543 0.15280730914725305 0.081139529568615157
104 45.701291071579874 0.26594547392639517 0.14018800942202414
105 39.187402542143289 0.22708677604194472 0.12020675626424322
106 33.455875668997948 0.19187339557108427 0.10262538548772376
107 28.508409161540182 0.161340900235353 0.08744910785748522
108 24.292818673277541 0.13553623307223311 0.074517848691035407
109 20.730831089485129 0.11404104026454906 0.06359150640946358
110 17.735927367899908 0.096269134692629474 0.054404685177607083
111 15.22371513455708 0.081618703970360418 0.04669851268269043
112 13.117239666886444 0.06954083597129955 0.040236931493516703
113 11.349129621406824 0.05956355558467203 0.034813281047260197
114 9.8619163070313789 0.051294076515582848 0.030251277015433679
115 8.6073975504287041 0.044411552014964911 0.026403059970640196
116 7.5455790342568925 0.038656615246260885 0.023145947957843228
117 6.6434973207488408 0.033820699585715985 0.020378826137266381
118 5.874084763847673 0.029736408906537296 0.018018664919778139
119 5.2151503921704361 0.026269346434494838 0.015997393841013608
120 4.6485020494328939 0.023311410001207566 0.0142592087405917
121 4.1592095355556724 0.020775397845470993 0.012758311458759731
122 3.7349962055205679 0.018590716981997241 0.011457043575216467
123 3.3657418883664332 0.016699990408852443 0.01032436162075593
124 3.0430795117432825 0.01505638227082306 0.0093345997292738729
125 2.7600689369967695 0.013621490917623111 0.0084664691318919304
126 2.5109337772893996 0.012363687269629111 0.0077022508505809805
127 2.2908490870235503 0.011256802125499047 0.0070271444387225469
128 2.095769988947124 0.010279086121770644 0.0064287422973838158
129 1.9222931451334337 0.0094123830139003616 0.0058966047396731098
130 1.7675445537312398 0.008641470269640494 0.0054219158089915329
131 1.6290884444569478 0.0079535308510498854 0.0049972038173526009
132 1.5048531049207916 0.0073377287758465571 0.0046161138187754344
133 1.3930703077356785 0.0067848661980994618 0.0042732218028701799
134 1.2922256953252036 0.0062871055856530715 0.003963882500997557
135 1.2010180066627707 0.0058377435549960529 0.0036841043149164745
136 1.1183254608784232 0.005431026031671303 0.003430446199013568
137 1.0431779490927542 0.0050619965839049054 0.0031999323591802276
138 0.97473395875106117 0.0047263714890580502 0.0029899814685615373
139 0.91226135508898176 0.0044204364222744097 0.0027983477149968764
140 0.85512134005419438 0.0041409607068882762 0.0026230715952582648
141 0.80275497820116715 0.0038851258195275618 0.0024624385834391628
142 0.7546719060708954 0.0036504657024102132 0.0023149444971499859
143 0.7104407899854398 0.0034348166100063773 0.0021792662269492016
144 0.66968126005647333 0.0032362749422682616 0.0020542369940382619
145 0.32511514301353428 0.0015707874734802716 0.00099728571476544268
146 0.61407954289994771 0.0029657062010313212 0.0018836795794476924
147 0.58062817942216394 0.0028030940210707271 0.0017810680350373127
148 0.2823134845312722 0.0013626708555114866 0.00086599228383825823
149 0.27461329234834514 0.0013252679424118751 0.00084237206241823657
