25 0.0 0.0 0.0
26 0.0 0.0 0.0
27 0.0 0.0 0.0
28 0.0 0.0 0.0
29 0.0 0.0 0.0
30 0.015927236733154673 2.1853317454424769e-07 0.00015025695031277994
31 0.052887496982309594 1.5316241094779743e-06 0.00049893865077650559
32 0.1056552715396786 5.1450973296816625e-06 0.00099674784471394905
33 0.17228704805494571 1.2502032090468224e-05 0.0016253495099523181
34 0.2516709144791226 2.5261999049781319e-05 0.0023742539101804017
35 0.34308929061938093 4.5299842742263053e-05 0.003236691420937556
36 0.44605493862821932 7.4713897283605829e-05 0.0042080654587567864
37 0.56023224914275449 0.00011584032431151491 0.0052852098975731555
38 0.68539378978988696 0.00017127217223744469 0.0064659791489611977
39 0.82139403144376222 0.00024388252312591377 0.0077490002966392659
40 0.96815242218110398 0.00033685147925460507 0.0091335134168028676
41 1.1256419769430746 0.00045369694061502073 0.010619263933425232
42 1.2938813325666643 0.00059830924846668494 0.012206427665723248
43 1.4729290947316569 0.00077498985954148141 0.013895557497468462
44 1.6628797662738237 0.00098849426344404232 0.015687544964847394
45 1.8638608095027067 0.0012440794094361828 0.017583592542478366
46 2.0760305481605514 0.0015475559273235148 0.019585193850571239
47 2.2995767132213141 0.0019053454764311655 0.021694119936050131
48 2.5347154956142943 0.0023245435607561573 0.023912410335983909
49 2.7816910100172216 0.0028129881709500946 0.026242368019030394
50 3.0407751032529986 0.003379334647340723 0.028686557577858478
51 3.3122674571484736 0.0040331371443108098 0.031247806199513901
52 3.5964959500138756 0.0047849370694250729 0.033929207075602597
53 3.8938172499434582 0.0056463587626730781 0.036734124999466586
54 4.2046176077889417 0.0066302120921070129 0.039666203847065484
55 4.529313791673732 0.0077505996627618015 0.042729375393148417
56 4.868354003701457 0.0090230200391463698 0.045927867959447706
57 5.2222183402008113 0.010464441736484897 0.049266210756611431
58 5.5914177241626755 0.012093285062579954 0.052749223812855427
59 5.9764890208583275 0.013929178498358735 0.05638197189488988
60 6.3779821869275546 0.015992253115713995 0.06016964327290146
61 6.7964332200210507 0.018301637474209924 0.064117294528500485
62 7.2323156362289707 0.020872806988690096 0.068229392794612931
63 7.685965091371183 0.023713655210486434 0.072509104635577193
64 8.1574778574148965 0.026819667875565199 0.076957338277499024
65 8.6465929020935572 0.030169278675206454 0.081571631151826016
66 9.1525748105440865 0.033721005544010037 0.086345045382491381
67 9.6741153803063789 0.03741386036572654 0.091265239436852635
68 10.209264090142668 0.041171624529446525 0.09631381217115724
69 10.755387192225138 0.044910244796125126 0.10146591690778432
70 11.309150700386558 0.048546535105973856 0.10669010094704301
71 11.866528386389994 0.052006112004920391 0.1119483810036792
72 12.422847903375668 0.055229059291009165 0.11719667833373272
73 12.97289609622959 0.058172767127656087 0.12238581222858104
74 13.511100537351853 0.060812218575623064 0.12746321261652691
75 14.03178771013124 0.063138435558492328 0.1323753557559551
76 14.529495840041443 0.065155862955448493 0.1370707154720891
77 14.999301820861794 0.066879323884209446 0.14150284736662069
78 15.437114342131538 0.068330978228180017 0.14563315417105224
79 15.83989128107018 0.069537546199852238 0.14943293661386964
80 16.205755507129236 0.07052793982670022 0.15288448591631354
81 16.534003481385501 0.07133136628371603 0.15598116491873112
82 16.825018913372904 0.071975912028613892 0.15872659352238588
83 17.080116356553951 0.072487578665447541 0.16113317317503728
84 17.301343604420822 0.072889707293836536 0.16322022268321529
85 17.491271146085815 0.073202722600988951 0.16501199194420579
86 17.652790800669095 0.073444113729205604 0.16653576227046316
87 17.788938672387513 0.073628579340343725 0.16782017615459918
88 17.902750547902222 0.073768273731748851 0.16889387309341719
89 17.997152013654606 0.073873104158632921 0.16978445295900571
90 18.074881549158388 0.073951043449029877 0.17051775046375836
91 18.13844242021791 0.074008433446222197 0.17111738132281046
92 18.19007806954696 0.074050264691228454 0.17160451009006567
93 18.231765574362015 0.074080424855841584 0.17199778843737751
94 18.265222166833475 0.074101913228982533 0.17231341666824032
95 18.291920538876656 0.074117021928737023 0.17256528810260996
96 18.313109493481804 0.074127486206141499 0.17276518390077172
97 18.329837294708209 0.074134607186444976 0.17292299334630387
98 18.342975808975059 0.074139351260935127 0.17304694159410433
99 18.353244078539699 0.074142428498511145 0.17314381206169527
100 18.361230464636833 0.074144355233558945 0.17321915532676257
101 18.367412896854209 0.074145502404102129 0.17327748015900196
102 18.37217692031513 0.074146133156056296 0.17332242377655782
103 18.375831512803195 0.074146431385940639 0.17335690106418108
104 18.378622760992233 0.07414652358001457 0.17338323359426636
105 18.380745485926425 0.074146495056737191 0.17340325930119269
106 18.382353034786512 0.074146401923334465 0.17341842485647652
107 18.383565443258888 0.074146280008557233 0.17342986267225366
108 18.384476163087726 0.07414615122149712 0.17343845436875213
109 18.385157573858844 0.074146028174686768 0.17344488277225326
110 18.385665449866057 0.074145917381351484 0.17344967405534015
111 18.386042561557698 0.074145821573216933 0.17345323171280846
112 18.386321545163717 0.074145741048033148 0.17345586363361998
113 18.386527191337937 0.074145674871212167 0.17345780369186733
114 18.386678245906403 0.074145621500112238 0.17345922873496605
115 18.386788817576896 0.074145578989501609 0.17346027186393298
116 18.386869485671571 0.074145545654980882 0.17346103288369408
117 18.386928143894927 0.074145519743882948 0.17346158626315969
118 18.386970661829618 0.074145499823998665 0.17346198737575111
119 18.38700138466772 0.07414548464585953 0.17346227721384641
120 18.387023490284204 0.074145473724818223 0.17346248575739814
121 18.387039441684674 0.074145464898008009 0.17346263624230826
122 18.387050838056965 0.074145458578239926 0.17346274375525439
123 18.387059003874459 0.074145453629869434 0.17346282079126848
124 18.387064798976169 0.074145450116139225 0.17346287546203934
125 18.38706891777101 0.074145447445022633 0.17346291431859445
126 18.387071835916991 0.074145445521745637 0.17346294184827352
127 18.387073894409031 0.074145444124269322 0.17346296126800972
128 18.387075340187014 0.074145443061495564 0.17346297490742466
129 18.387076353179935 0.074145442321142008 0.17346298446396166
130 18.387077060267238 0.074145441762176911 0.17346299113459659
131 18.387077552948067 0.074145441386586908 0.17346299578252894
132 18.387077894979345 0.074145441107692917 0.17346299900923912
133 18.387078132068204 0.074145440922796554 0.17346300124592645
134 18.387078295859414 0.074145440788310674 0.17346300279112656
135 18.387078408726421 0.074145440690444139 0.17346300385590963
136 18.387078486435243 0.074145440624604597 0.17346300458901173
137 18.387078539751897 0.074145440578052113 0.17346300509199902
138 18.387078576287923 0.074145440545966737 0.17346300543667853
139 18.387078601310133 0.074145440524573364 0.17346300567273709
140 18.387078618377021 0.07414544050912103 0.17346300583374549
141 18.387078630012965 0.074145440498227619 0.17346300594351854
142 18.387078637938885 0.0741454404910947 0.17346300601829137
143 18.387078643322315 0.074145440485984759 0.17346300606907844
144 18.38707864698188 0.074145440482646444 0.17346300610360266
145 18.387078649464168 0.074145440480528513 0.17346300612702045
146 18.387078649464168 0.074145440480528513 0.17346300612702045
147 18.387078649464168 0.074145440480528513 0.17346300612702045
148 18.387078649464168 0.074145440480528513 0.17346300612702045
149 18.387078649464168 0.074145440480528513 0.17346300612702045
150 17.922841559579506 0.073485788362998128 0.1690834109394293
151 17.461157856062567 0.072677388440269566 0.16472790430247705
152 17.002712094393289 0.071733025773059692 0.16040294428672913
153 16.548155263772017 0.070665675596311317 0.15611467229973602
154 16.098102609398637 0.069488325528163974 0.15186889254149658
155 15.653131852382426 0.068213819779108342 0.14767105521115495
156 15.213781797671604 0.066854724770309834 0.14352624337426043
157 14.780551314848456 0.065423215091349365 0.13943916334762693
158 14.353898676354447 0.063930978759088639 0.13541413845617403
159 13.934241233596085 0.062389140512073192 0.13145510597732155
160 13.521955413258851 0.060808202025667328 0.12756561710621558
161 13.117377011037719 0.059197997645337432 0.12374883972677093
162 12.720801758794305 0.057567664211994343 0.12000756376221043
163 12.332486143370833 0.055925623736786299 0.11634420889972484
164 11.952648450241583 0.054279577415360353 0.11276083443624134
165 11.581470006587894 0.052636509605583311 0.10925915100554617
166 11.219096599814371 0.051002700548189984 0.10584053396051293
167 10.865640035081919 0.049383745752693685 0.10250603806681055
168 10.521179834239675 0.047784582778064695 0.09925641353056297
169 10.185765009331408 0.046209521266929114 0.096092122729541596
170 9.8594159152760437 0.04466227720150838 0.093013357691283424
171 9.5421261690780224 0.043146010807597404 0.09002005819884927
172 9.2338645646572992 0.041663364189442144 0.087111929855257536
173 8.9345770331243504 0.040216502244514986 0.08428846257664481
174 8.6441885574463662 0.038807151529065893 0.081548948655154399
175 8.36260508678766 0.037436640260638192 0.078892500818751515
176 8.0897154028291567 0.03610593704923723 0.076318069838010913
177 7.8253929199227326 0.034815687382840591 0.07382446150870503
178 7.569497442725174 0.033566249838346066 0.071410353233256355
179 7.3218768448973117 0.032357729725675313 0.069074309857521804
180 7.0823686555994092 0.0311900101038955 0.06681479863773028
181 6.8508015737994636 0.030062781433155782 0.064630203526410038
182 6.6269968939671973 0.028975568688719009 0.062518838622332054
183 6.4107698436229166 0.027927755970349199 0.06047896078889544
184 6.201930813769164 0.026918609620448005 0.058508781261973244
185 6.0002865133990442 0.025947298117990618 0.056606476541500417
186 5.8056410455721199 0.025012911247928173 0.054770198543133204
187 5.6177968361682824 0.024114475588479886 0.052998083360078135
188 5.4365555544514157 0.02325096966143168 0.051288259947654867
189 5.2617188926975809 0.02242133706016991 0.049638857478279064
190 5.0930892957426845 0.021624497423346385 0.048048012223987593
191 4.9304705895641359 0.020859356143529344 0.04651387348645411
192 4.7736685654725637 0.02012481319531376 0.045034609108231732
193 4.6224914691724033 0.019419770227718434 0.043608410086532108
194 4.4767504472987829 0.018743136952664323 0.042233494785837572
195 4.3362599179186914 0.0180938360228977 0.040908112433195198
196 4.2008379007682217 0.017470807973385617 0.039630546233662467
197 4.0703062793115778 0.016873014119038642 0.038399115842562052
198 3.9444910320843478 0.016299439901939636 0.037212179547965546
199 3.8232224130723718 0.015749097092483177 0.036068135972380864
200 3.7063350948798872 0.015221025565194056 0.034965425423395161
201 3.5936682728101066 0.014714294402802829 0.033902530875567043
202 3.4850657447393729 0.014228003075867499 0.032877978723956348
203 3.3803759569991523 0.013761281910259257 0.031890339216973138
204 3.2794520263548161 0.013313292393402535 0.030938226663724682
205 3.1821517383968292 0.012883227140602267 0.03002029941883801
206 3.0883375282245416 0.012470309795733735 0.029135259700231526
207 2.9978764424326534 0.012073794674623701 0.028281853230496729
208 2.9106400862871786 0.011692966276704882 0.027458868738558288
209 2.8265045574636858 0.011327138653064586 0.026665137334563074
210 2.7453503700687261 0.010975654769268197 0.025899531793101189
211 2.6670623678642698 0.01063788569415648 0.025160965734568583
212 2.5915296306045912 0.010313229793012005 0.024448392741552746
213 2.5186453739011636 0.01000111186237687 0.023760805414161919
214 2.4483068490462694 0.009700982495418729 0.023097234424964804
215 2.3804152145270807 0.0094123161651835357 0.022456747306859252
216 2.3148754509227669 0.0091346117534522962 0.021838447650214782
217 2.2515962314476754 0.0088673907708684482 0.021241473881581843
218 2.1904898089071199 0.0086101965692685651 0.020664998197236981
219 2.1314719072271999 0.0083625936262247819 0.020108225539879246
220 2.0744615815566121 0.0081241661327122166 0.019570392278835964
221 2.0193811385357199 0.0078945178646976037 0.019050765457884151
222 1.9661560001778147 0.0076732708849998324 0.01854864151111146
223 1.9147146028041098 0.0074600648871490554 0.018063345309472734
224 1.864988263348307 0.0072545561786327897 0.017594228899512329
225 1.816911104932923 0.0070564171741125644 0.01714067080125399
226 1.770419934914945 0.0068653355651071019 0.016702074857688161
227 1.725454124856985 0.0066810135659220761 0.016277869102424385
228 1.6819555408671614 0.0065031672074370387 0.015867505102520392
229 1.6398684316583707 0.0063315258115476392 0.01547045690243746
230 1.5991393153094751 0.0061658311705103507 0.015086219955749765
231 1.5597169207563266 0.0060058371250762748 0.014714310573172892
232 1.5215520812258907 0.0058513089013464475 0.014354264917225384
233 1.4845976329342909 0.0057020225109811829 0.014005638046549914
234 1.4488083626845558 0.0055577643184330922 0.013668003421552413
235 1.4141409118722768 0.0054183305266815654 0.013340951998795064
236 1.380553683919834 0.0052835265647733333 0.013024091357734283
237 1.3480068004343926 0.0051531668644038001 0.012717045287116912
238 1.3164620121813311 0.0050270742159433104 0.012419452945106896
239 1.2858826206793426 0.0049050795403140302 0.012130968119616439
240 1.256233433562659 0.0047870212641109924 0.011851258807194896
241 1.2274806873873341 0.0046727451604013813 0.01158000648478617
242 1.199591992994202 0.0045621039130453039 0.011316905594284925
243 1.1725362618523429 0.0044549567411834561 0.011061662847663613
244 1.1462836732799264 0.0043511691641361259 0.010813996917735155
245 1.1208056076127202 0.0042506126111291663 0.010573637807667171
246 1.0960745869762532 0.0041531642424059816 0.010340326292228804
247 1.0720642434019814 0.004058706515619839 0.010113813616999824
248 1.0487492634004318 0.0039671270849931479 0.0098938609754757722
249 1.026105332395592 0.003878318415028793 0.0096802389848640747
250 1.0041091114681744 0.0037921777021557323 0.0094727274666808903
251 0.98273818431087889 0.0037086064993516929 0.0092711149463290468
252 0.96197101251984485 0.0036275106583936443 0.0090751982313192914
253 0.94178691369480172 0.0035487999794935701 0.0088847822046679414
254 0.9221660044889195 0.0034723879862214547 0.0086996792876313164
255 0.90308918765625867 0.0033981920429341827 0.0085197093175118747
256 0.88453810629131824 0.003326132845177689 0.0083446991159558323
257 0.86649511019742154 0.0032561345283778787 0.0081744821716737883
258 0.84894323423995921 0.0031881242206492355 0.0080088984362260297
259 0.83186616658653678 0.0031220321591657633 0.00784779402440129
260 0.81524821316751184 0.0030577913751708525 0.0076910208789387913
261 0.79907428626890109 0.0029953376810264473 0.007538436662914161
262 0.78332986534013183 0.0029346095867899599 0.0073899043900012441
263 0.76800098149977658 0.0028755479235374397 0.0072452922782997795
264 0.75307419298556688 0.0028180959916860771 0.0071044735187317633
265 0.73853655692571329 0.0027621993271528889 0.0069673260087331447
266 0.72437561859792121 0.002707805661631786 0.0068337322509237847
267 0.71057938581757485 0.0026548647831832329 0.0067035791114865555
268 0.6971363059268757 0.00260332844367304 0.006576757603083733
269 0.68403525691728162 0.002553150265897872 0.0064531628011064305
270 0.67126552134200257 0.0025042857923105906 0.0063326935975660621
271 0.65881677430706553 0.0024566921213308537 0.0062152525878025047
272 0.64667906765204741 0.0024103281087622672 0.0061007459212457302
273 0.63484280865631471 0.0023651541048353322 0.0059890831005312709
274 0.62329875528240153 0.002321132024990809 0.0058801769366264292
275 0.61203799391557179 0.0022782253084009446 0.0057739433388261487
276 0.60105193117574551 0.0022363986494192763 0.0056703012375070331
277 0.59033227412560085 0.0021956179947002345 0.0055691723974113285
278 0.57987102885968755 0.0021558507020274062 0.0054704814043366754
279 0.56966048038489425 0.0021170654101853761 0.0053741554753291912
280 0.5596931845438764 0.0020792317307090254 0.0052801243824894002
281 0.54996195370344148 0.0020423203981920655 0.0051883203179569947
282 0.54045985457857815 0.0020063033352343022 0.0050986778733828125
283 0.53118018890399243 0.0019711533841631555 0.005011133857584834
284 0.52211649189892373 0.0019368444313103519 0.0049256272820653183
285 0.51326251893250041 0.0019033512373489477 0.0048420992352122679
286 0.50461223732437588 0.0018706495457702342 0.0047604928049469423
287 0.49615982052037716 0.0018387158995929079 0.0046807530237771428
288 0.48789963481770082 0.0018075275859720137 0.0046028267435632153
289 0.47982623979005656 0.0017770628075881646 0.0045266626395288351
290 0.47193437591387344 0.001747300617323164 0.0044522110935271081
291 0.46421895813422054 0.001718220624371763 0.0043794241333417029
292 0.45667506664321461 0.0016898030735225337 0.0043082553456907039
293 0.44929794839288384 0.0016620290673939944 0.0042386598904989043
294 0.44208300610254542 0.0016348804493138921 0.0041705943971938244
295 0.43502578670749104 0.0016083392879545941 0.0041040168557310479
296 0.42812198815766722 0.0015823885956570063 0.00403888668073271
297 0.42136744450890207 0.0015570118767336519 0.003975164570838699
298 0.41475812440589621 0.0015321931137363995 0.0039128124943952469
299 0.40829012566553591 0.0015079169337450964 0.0038517936383541122
300 0.40195966986074771 0.0014841683557860821 0.0037920723571768654
301 0.39576309946396343 0.0014609329659350623 0.0037336141458864476
302 0.38969687041848317 0.0014381967610512219 0.0036763855699856901
303 0.38375755220953417 0.0014159462460040775 0.0036203542661276808
304 0.37794182165153312 0.0013941684378471503 0.0035654888835050295
305 0.3722464554507402 0.0013728505315616384 0.0035117590136862281
306 0.36666833419669692 0.0013519803411292655 0.0034591352282707256
307 0.3612044336525585 0.0013315460826640989 0.0034075889967222499
308 0.35585182176072211 0.0013115362289262942 0.0033570926581200197
309 0.3506076549096967 0.0012919395997206269 0.0033076193859405351
310 0.34546917885549877 0.0012727455401191205 0.0032591431967499882
311 0.34043371936528594 0.0012539435211495063 0.0032116388619366598
312 0.33549868536826127 0.0012355234689638544 0.0031650819374364272
313 0.33066156250246009 0.0012174756057105449 0.0031194487028533969
314 0.32591991101787288 0.0011997904099291775 0.0030747161416780459
315 0.32127136436755976 0.0011824587003792153 0.003030861927995847
316 0.31671362501095895 0.0011654715125959841 0.0029878643868958394
317 0.31224446498907221 0.0011488202846198397 0.0029457024998969079
318 0.307861717745262 0.0011324964564717736 0.0029043558277854907
319 0.30356328502082486 0.0011164920709202041 0.0028638045756681592
320 0.29934712609740111 0.0011007991577649079 0.0028240294914849162
321 0.29521125891548122 0.0010854099967573419 0.0027850118765611435
322 0.29115376097528473 0.0010703172528432046 0.0027467335941064597
323 0.2871727618006088 0.0010555136124862355 0.002709176998118951
324 0.28326644653231547 0.0010409921033181675 0.002672324967285995
325 0.27943305166452331 0.0010267459764928849 0.0026361608647596539
326 0.27567086145212572 0.0010127685325675706 0.0026006685042653369
327 0.27197821100767527 0.0009990534379897937 0.0025658321793176914
328 0.26835347987046304 0.00098559439793903265 0.002531636602551538
329 0.26479509485446873 0.00097238543731850192 0.0024980669325893276
330 0.26130152344487195 0.00095942055281098492 0.0024651087117440748
331 0.25787127947360877 0.00094669417592273893 0.0024327479195623467
332 0.25450291379251927 0.00093420064358044094 0.0024009708848350872
333 0.25119501909002856 0.00092193459390090579 0.0023697643310380051
334 0.24794622616227885 0.00090989079776246753 0.0023391153411535743
335 0.24475520227466407 0.00089806412621741267 0.0023090113422138121
336 0.24162065125291896 0.00088644962863159663 0.002279440106159613
337 0.23854131170108142 0.00087504248492566367 0.0022503897330290699
338 0.23551595583892904 0.00086383799614666191 0.0022218486399898964
339 0.23254338881074332 0.00085283160374007157 0.0021938055548183333
340 0.22962244733387668 0.0008420188630729763 0.00216624950314978
341 0.22675199897109388 0.00083139545584936267 0.002139169801614093
342 0.22393094105981926 0.00082095717786531133 0.0021125560477341437
343 0.22115819981344281 0.00081069993605230718 0.0020863981114475736
344 0.21843272950633538 0.00080061974911447198 0.0020606861274182582
345 0.21575351154935382 0.00079071273909462985 0.0020354104863146588
346 0.2131195537120415 0.00078097513079693095 0.0020105618274720897
347 0.21052988934827901 0.00077140324973093389 0.0019861310315875381
348 0.2079835765809348 0.00076199351569176271 0.0019621092130276867
349 0.20547969760750784 0.00075274244270563998 0.0019384877132783758
