25 0.0 0.0 0.0
26 0.0 0.0 0.0
27 0.0 0.0 0.0
28 0.0 0.0 0.0
29 0.0 0.0 0.0
30 0.20356718909010785 7.4939960610338001e-05 0.0022126868379359547
31 0.69947364566065218 0.00058862455771605535 0.0076029744093549147
32 1.4617754455254859 0.0022788469773677251 0.015888863538320499
33 2.5199202418533377 0.0065143281477536424 0.027390437411449323
34 3.9261288856545513 0.015396633352904381 0.042675313974505989
35 5.7183303703037902 0.030615807117726233 0.062155764894606412
36 7.8487020681262303 0.05116358208671111 0.085311979001372065
37 10.143121074432838 0.073184871144522254 0.11025131602644389
38 12.35350087257777 0.09267438813425595 0.13427718339758446
39 14.262597279122536 0.10757712981114489 0.15502823129481016
40 15.757211632946502 0.11779764166550313 0.17127403948854894
41 16.833124482494743 0.12425677386128857 0.18296874437494284
42 17.555306927467544 0.12808805488579961 0.19081855355942984
43 18.012683760649868 0.13024669713442888 0.19579004087662899
44 18.288501567427176 0.13141076706574686 0.19878806051551279
45 18.447935466707392 0.13201443143107777 0.20052103768160209
46 18.536691149068428 0.1323163704855484 0.20148577335943943
47 18.584434467455448 0.13246231182553636 0.20200472247234183
48 18.60931030370898 0.13253056995969245 0.20227511199683673
49 18.621887583941476 0.13256149059156361 0.20241182156458126
50 18.628067545074881 0.13257506704419009 0.20247899505516176
51 18.631022314144182 0.13258084819484431 0.20251111211026285
52 18.632398604256181 0.13258323611100961 0.20252607178539328
53 18.633023857171327 0.13258419348862013 0.20253286801273182
54 18.633301098095277 0.13258456534222873 0.20253588150103563
55 18.633421340634584 0.13258470623820701 0.20253718848515853
56 18.633472323522259 0.13258475783357243 0.20253774264698107
57 18.633493456637602 0.13258477605257554 0.20253797235475654
58 18.633502050563379 0.13258478264063428 0.20253806576699326
59 18.633505496395095 0.13258478460501302 0.20253810322168581
60 18.633506842119449 0.1325847851393506 0.20253811784912443
61 18.633507352613375 0.13258478525739711 0.20253812339797148
62 18.633507540777018 0.13258478526512973 0.20253812544322844
63 18.633507608280091 0.13258478525749262 0.20253812617695752
64 18.633507631835727 0.13258478525109177 0.20253812643299704
65 18.633507639851345 0.13258478524832096 0.20253812652012332
66 18.633507639851345 0.13258478524832096 0.20253812652012332
67 18.633507639851345 0.13258478524832096 0.20253812652012332
68 18.633507639851345 0.13258478524832096 0.20253812652012332
69 18.633507639851345 0.13258478524832096 0.20253812652012332
70 18.633507639851345 0.13258478524832096 0.20253812652012332
71 18.633507639851345 0.13258478524832096 0.20253812652012332
72 18.633507639851345 0.13258478524832096 0.20253812652012332
73 18.633507639851345 0.13258478524832096 0.20253812652012332
74 18.633507639851345 0.13258478524832096 0.20253812652012332
75 18.633507639851345 0.13258478524832096 0.20253812652012332
76 18.633507639851345 0.13258478524832096 0.20253812652012332
77 18.633507639851345 0.13258478524832096 0.20253812652012332
78 18.633507639851345 0.13258478524832096 0.20253812652012332
79 18.633507639851345 0.13258478524832096 0.20253812652012332
80 18.633507639851345 0.13258478524832096 0.20253812652012332
81 18.633507639851345 0.13258478524832096 0.20253812652012332
82 18.633507639851345 0.13258478524832096 0.20253812652012332
83 18.633507639851345 0.13258478524832096 0.20253812652012332
84 18.633507639851345 0.13258478524832096 0.20253812652012332
85 18.633507639851345 0.13258478524832096 0.20253812652012332
86 18.633507639851345 0.13258478524832096 0.20253812652012332
87 18.633507639851345 0.13258478524832096 0.20253812652012332
88 18.633507639851345 0.13258478524832096 0.20253812652012332
89 18.633507639851345 0.13258478524832096 0.20253812652012332
90 18.633507639850322 0.13258478524831374 0.20253812652011219
91 18.633507639851345 0.13258478524832096 0.20253812652012332
92 18.633507639851345 0.13258478524832096 0.20253812652012332
93 18.633507639851345 0.13258478524832096 0.20253812652012332
94 18.633507639851345 0.13258478524832096 0.20253812652012332
95 18.633507639851345 0.13258478524832096 0.20253812652012332
96 18.633507639851345 0.13258478524832096 0.20253812652012332
97 18.633507639851345 0.13258478524832096 0.20253812652012332
98 18.633507639851345 0.13258478524832096 0.20253812652012332
99 18.633507639851345 0.13258478524832096 0.20253812652012332
100 16.474728843965412 0.12299334120794518 0.17907313960831969
101 14.401184980018465 0.11017899062229926 0.15653461934802679
102 12.483394154532686 0.096343167598042484 0.13568906689709442
103 10.759831516906996 0.082921887585512097 0.11695469040116299
104 9.2436185485343145 0.070694343905936499 0.10047411465798169
105 7.9303858688221771 0.059978287873545318 0.086199846400241059
106 6.8052735402050324 0.050811409517460639 0.073970364567446004
107 5.8482523083972611 0.043084240179286366 0.063567959873883279
108 5.0377223028309279 0.036624698365396897 0.054757851117727477
109 4.3526978712477158 0.031246244065606509 0.047311933383127343
110 3.7739723161469403 0.026772325055281258 0.04102143821898848
111 3.2846131666975804 0.023046816514140957 0.035702317029321529
112 2.8700539779100134 0.019936849120530762 0.031196238890326234
113 2.5179654999221164 0.01733187786246973 0.027369190216544742
114 2.2180227791623444 0.015141155074127159 0.024108943251764613
115 1.961637616974953 0.013290746020503237 0.021322148010597314
116 1.7416947007496719 0.011720637186085263 0.01893146413858339
117 1.5523102992950846 0.010382169738446629 0.016872938035816135
118 1.3886211289023542 0.0092358648867152653 0.015093707922851677
119 1.2466045831313968 0.0082496312678187172 0.013550049816645617
120 1.122928370655063 0.0073973114409539983 0.012205743159294163
121 1.0148262037058342 0.0066575132730065031 0.011030719605498198
122 0.91999578060040754 0.0060126774752519881 0.0099999541369609514
123 0.83651546870418436 0.0054483338195297519 0.0090925594424367869
124 0.76277640556809911 0.004952508962626721 0.0082910478866097728
125 0.69742723896226366 0.0045152545408554939 0.0075807308582854747
126 0.63932914983855604 0.0041282702303498961 0.0069492298895495221
127 0.58751919780647355 0.0037846021521500961 0.0063860782370268867
128 0.54118042355172358 0.0034784007630354755 0.0058823959081709086
129 0.49961738831932689 0.0032047256985390325 0.0054306237860796405
130 0.46223613943146752 0.002959388282508385 0.0050243058633855165
131 0.42852774668820909 0.0027388236704116485 0.004657910290089229
132 0.39805473160800947 0.002539986658689525 0.0043266818653044511
133 0.3704398599644661 0.0023602666889859284 0.0040265202170050663
134 0.34535685007214528 0.0021974180286153749 0.003753878805132014
135 0.32252265012361692 0.0020495022993530575 0.0035056809796045318
136 0.30169099795565113 0.0019148410240812598 0.0032792499777788168
137 0.28264703563762833 0.0017919761869853367 0.0030722503873655254
138 0.26520279178308453 0.001679637467593384 0.002882639041120484
139 0.24919337995990012 0.0015767148401411148 0.0027086236952163058
140 0.2344737908840836 0.0014822356093800496 0.0025486281617835174
141 0.22091617762282437 0.0013953451046947133 0.0024012628002480908
142 0.20840755181833481 0.0013152903845806629 0.002265299476286248
143 0.19684782186539168 0.0012414064342079853 0.0021396502376673011
144 0.18614811916764695 0.0011731044741886821 0.0020233491213874667
145 0.17622936575700468 0.0011098619764907908 0.0019155365843152683
146 0.16702104575751928 0.0010512141528916839 0.0018154461495382529
147 0.15846014774652725 0.00099674665805039213 0.0017223929102883396
148 0.15049032365134196 0.00094608891605147804 0.0016357643875145864
149 0.14306080482701239 0.00089891035569230097 0.0015550087481197
