25 0.0 0.0 0.0
26 0.0 0.0 0.0
27 0.0 0.0 0.0
28 0.0 0.0 0.0
29 0.0 0.0 0.0
30 0.00062074714214394662 6.4105160685608833e-06 0.00015518678553598666
31 0.0021372809693704408 4.5946071096108645e-05 0.00053432024234261019
32 0.0044764518351971226 0.00015893810048167492 0.0011191129587992807
33 0.0077315257166855056 0.00040028225714056824 0.0019328814291713764
34 0.012078409603902433 0.00084349470265018573 0.0030196024009756083
35 0.017771761024636918 0.0015867114008277254 0.0044429402561592295
36 0.025155228514278861 0.0027607023809063189 0.0062888071285697152
37 0.034679038401908356 0.0045390779423425546 0.008669759600477089
38 0.046922472888930492 0.0071504042262014343 0.011730618222232623
39 0.062617500479927438 0.010890691156263616 0.015654375119981859
40 0.082667454892353553 0.016133322509423863 0.020666863723088388
41 0.10815694193430132 0.023334542154497772 0.027039235483575331
42 0.14036055705765962 0.03303827244842969 0.035090139264414906
43 0.18077147949579164 0.045890786561776621 0.045192869873947911
44 0.23116944989874619 0.062675005168542339 0.057792362474686547
45 0.29372609424553836 0.084363429888272834 0.07343152356138459
46 0.37112354324610658 0.11217770623487149 0.092780885811526645
47 0.46666192104294096 0.14764258536453376 0.11666548026073524
48 0.58435022566909167 0.19263148746035785 0.14608755641727292
49 0.72899076403616181 0.24940866759948097 0.18224769100904045
50 0.90625691729796987 0.32066781710063702 0.22656422932449247
51 1.1227100894469364 0.40954009031827321 0.2806775223617341
52 1.3855949090937236 0.51949143994465241 0.34639872727343091
53 1.7021409592912795 0.65397425623132477 0.42553523982281988
54 2.0781626797871278 0.81573053909329407 0.51954066994678194
55 2.5161790384157401 1.005858707283446 0.62904475960393502
56 3.0138973514423517 1.2230659089660936 0.75347433786058793
57 3.5640650893633601 1.463604553225049 0.89101627234084002
58 4.1559696410872702 1.7220280345065515 1.0389924102718175
59 4.7778109933308359 1.9923749400833335 1.194452748332709
60 5.4187583614102195 2.2691892044988484 1.3546895903525549
61 6.0699641586355995 2.548019598470761 1.5174910396588999
62 6.724552699480741 2.825414923649042 1.6811381748701852
63 7.3770334963287665 3.0986446209611973 1.8442583740821916
64 8.0226056370648848 3.3653783888853037 2.0056514092662212
65 8.6566302184787123 3.6234595998331893 2.1641575546196781
66 9.274357710919972 3.8708090245825 2.318589427729993
67 9.8708874715184916 4.1054381215406046 2.4677218678796229
68 10.441297842184845 4.3255307609592411 2.6103244605462113
69 10.980882142918238 4.5295523136672262 2.7452205357295596
70 11.485431782454093 4.7163528286506882 2.8713579456135232
71 11.951513519544594 4.8852410736800103 2.9878783798861486
72 12.376694531079988 5.0360165641567622 3.0941736327699969
73 12.759680441742875 5.1689566900018011 3.1899201104357187
74 13.100348466883233 5.2847644215638585 3.2750871167208082
75 13.399677491538764 5.3844877963152626 3.349919372884691
76 13.659594045370927 5.4694247312945823 3.4148985113427317
77 13.882763878127788 5.541026065507519 3.470690969531947
78 14.072361531637707 5.6008069298733405 3.5180903829094268
79 14.231846299090783 5.65027283636877 3.5579615747726958
80 14.364765067359253 5.6908633152310291 3.5911912668398132
81 14.474593511784065 5.7239130604090933 3.6186483779460161
82 14.564619232871664 5.7506286946195235 3.6411548082179159
83 14.637864616725762 5.7720782839509353 3.6594661541814406
84 14.697043894129292 5.7891905406082547 3.6742609735323231
85 14.744547138527269 5.8027607222000661 3.6861367846318172
86 14.782444209002895 5.8134608407494284 3.6956110522507237
87 14.812502146588045 5.8218521943819947 3.7031255366470113
88 14.836210781674724 5.8283987954844934 3.7090526954186811
89 14.854812502134292 5.8334806982800016 3.7137031255335731
90 14.869333268402325 5.8374065918600175 3.7173333171005813
91 14.880612877408954 5.8404252737723104 3.7201532193522384
92 14.889333255258329 5.8427358617446457 3.7223333138145822
93 14.896044029038162 5.8444966406015437 3.7240110072595405
94 14.901185170905551 5.8458326597023946 3.7252962927263877
95 14.905106599063538 5.8468421214287556 3.7262766497658846
96 14.908084911599866 5.8476017070460209 3.7270212278999666
97 14.91033748717763 5.8481709714797434 3.7275843717944075
98 14.912034207038365 5.8485959227096611 3.7280085517595913
99 14.913307123765279 5.8489119242511451 3.7283267809413196
100 14.914258344029193 5.8491460220111593 3.7285645860072982
101 14.914966455012738 5.8493188083506045 3.7287416137531846
102 14.915491598589769 5.8494458798303075 3.7288728996474423
103 14.915879629525774 5.8495390043476343 3.7289699073814435
104 14.916165312570259 5.8496070156619568 3.7290413281425647
105 14.916374901170901 5.8496565191261869 3.7290937252927252
106 14.91652813543911 5.849692432707827 3.7291320338597775
107 14.916639792675079 5.8497184044907531 3.7291599481687698
108 14.916720888192097 5.8497371288067486 3.7291802220480244
109 14.916779598338445 5.8497505869660582 3.7291948995846114
110 14.916821970899392 5.8497602319110316 3.7292054927248479
111 14.916852458598967 5.8497671241528542 3.7292131146497418
112 14.916874329975428 5.8497720354928981 3.7292185824938571
113 14.916889975218099 5.8497755259042776 3.7292224938045249
114 14.916901135636198 5.8497779999910211 3.7292252839090496
115 14.916909075685028 5.8497797494280794 3.7292272689212571
116 14.916914709178785 5.8497809832606071 3.7292286772946963
117 14.916918695866331 5.8497818513738338 3.7292296739665827
118 14.9169215101152 5.8497824607578428 3.7292303775288
119 14.916923491896513 5.8497828875582982 3.7292308729741284
120 14.916924884272165 5.8497831858552942 3.7292312210680412
121 14.916925860364396 5.8497833939173995 3.7292314650910989
122 14.916926543171813 5.8497835387618204 3.7292316357929534
123 14.916927018651723 5.8497836393288773 3.7292317546629308
124 14.916927349804016 5.8497837089524296 3.7292318374510041
125 14.916927580848352 5.8497837573527027 3.729231895212088
126 14.916927741525472 5.8497837908619239 3.7292319353813679
127 14.916927853007076 5.8497838140155478 3.729231963251769
128 14.916927929817692 5.849783829790157 3.7292319824544231
129 14.916927983140646 5.8497838407773619 3.7292319957851614
130 14.916928019716391 5.8497838482274931 3.7292320049290977
131 14.916928044983274 5.8497838533853974 3.7292320112458186
132 14.916928062293945 5.8497838568957325 3.7292320155734862
133 14.916928074163488 5.8497838592920459 3.7292320185408721
134 14.916928082290406 5.8497838609293717 3.7292320205726015
135 14.916928087842694 5.8497838620412832 3.7292320219606734
136 14.916928091642049 5.8497838628033225 3.7292320229105123
137 14.916928094233262 5.8497838633220978 3.7292320235583154
138 14.916928095998413 5.84978386367436 3.7292320239996033
139 14.916928097196356 5.849783863912748 3.7292320242990891
140 14.916928098013541 5.8497838640760635 3.7292320245033852
141 14.916928098567043 5.8497838641857722 3.7292320246417607
142 14.916928098941234 5.8497838642594973 3.7292320247353086
143 14.916928099195053 5.8497838643095763 3.7292320247987631
144 14.916928099195053 5.8497838643095763 3.7292320247987631
145 14.916928099195053 5.8497838643095763 3.7292320247987631
146 14.916928099195053 5.8497838643095763 3.7292320247987631
147 14.916928099195053 5.8497838643095763 3.7292320247987631
148 14.916928099195053 5.8497838643095763 3.7292320247987631
149 14.916928099195053 5.8497838643095763 3.7292320247987631
150 14.805790038972512 5.814353586571066 3.7014475097431281
151 14.642480385826129 5.7562084055380405 3.6606200964565323
152 14.434750398704974 5.6787251291572387 3.6086875996762435
153 14.188951177181044 5.5845966916087626 3.5472377942952611
154 13.910892086795483 5.4762909584375077 3.4777230216988708
155 13.606061107292318 5.3561663991022668 3.4015152768230794
156 13.279578255725891 5.2264462252952404 3.3198945639314728
157 12.936128018908271 5.0891792100214195 3.2340320047270676
158 12.579928469911287 4.9462183515565927 3.1449821174778219
159 12.214731143856291 4.7992154935984956 3.0536827859640727
160 11.843838779227635 4.6496257645044654 2.9609596948069088
161 11.470132354087648 4.4987175201984222 2.8675330885219119
162 11.09610260230153 4.3475851927993094 2.7740256505753824
163 10.723883257006872 4.1971635371612575 2.6809708142517179
164 10.355284438726015 4.0482423390956939 2.5888211096815037
165 9.9918251949519838 3.9014809867814413 2.497956298737996
166 9.6347645925491019 3.7574225487780568 2.4086911481372755
167 9.2851309303118228 3.6165070787954905 2.3212827325779557
168 8.9437489059329423 3.4790840368738896 2.2359372264832356
169 8.6112646243826347 3.3454237415654258 2.1528161560956587
170 8.288168401138865 3.2157278123403321 2.0720421002847162
171 7.9748154454746487 3.0901386300329454 1.9937038613686622
172 7.6714444518129579 2.9687478205495585 1.9178611129532395
173 7.3781942539952885 2.8516038308063223 1.8445485634988221
174 7.0951186514593685 2.7387186457251631 1.7737796628648421
175 6.8221995436510285 2.6300737116495481 1.7055498859127571
176 6.5593585272716632 2.5256251368428955 1.6398396318179158
177 6.3064670878146956 2.4253082351030817 1.5766167719536739
178 6.0633555251379736 2.3290414775200587 1.5158388812844934
179 5.8298207403940818 2.2367299153674196 1.4574551850985205
180 5.6056330053238606 2.1482681309566387 1.4014082513309651
181 5.3905418222518193 2.0635427752458555 1.3476354555629548
182 5.184280990922387 1.9824347288948285 1.2960702477305968
183 4.9865729351508863 1.9048209467725374 1.2466432337877216
184 4.7971324314721784 1.8305760133723707 1.1992831078680446
185 4.615669758785284 1.7595734533315104 1.153917439696321
186 4.4418933771141829 1.6916868224817088 1.1104733442785457
187 4.2755121657367372 1.6267906116004418 1.0688780414341843
188 4.116237296540918 1.5647609871189503 1.0290593241352295
189 3.9637837767635413 1.5054763906246187 0.99094594419088533
190 3.8178717113973946 1.4488180172623111 0.95446792784934864
191 3.6782273177985263 1.3946701897758358 0.91955682944963157
192 3.5445837272540266 1.3429206434233403 0.88614593181350665
193 3.4166816052438764 1.2934607353009164 0.85417040131096911
194 3.2942696141182899 1.2461855894632239 0.82356740352957247
195 3.177104740653248 1.2009941877675776 0.794276185163312
196 3.0649525111220908 1.1577894155388266 0.76623812778052269
197 2.9575871082064271 1.1164780693914311 0.73939677705160678
198 2.8547914082985058 1.0769708340408291 0.71369785207462644
199 2.7563569503818366 1.0391822336294296 0.68908923759545915
200 2.6620838492751213 1.0030305625446239 0.66552096231878033
201 2.5717806631382265 0.96843779991770329 0.64294516578455663
202 2.4852642240241529 0.93532951139223386 0.62131605600603823
203 2.4023594390648597 0.90363474121980958 0.60058985976621493
204 2.3228990687956621 0.87328589727494299 0.58072476719891553
205 2.2467234893310279 0.84421863168017508 0.56168087233275699
206 2.1736804383985389 0.81637171665550634 0.54342010959963472
207 2.1036247561721182 0.78968692079067493 0.52590618904302955
208 2.0364181216346671 0.76410888452213632 0.50910453040866677
209 1.9719287842119009 0.73958499591072369 0.49298219605297522
210 1.9100312946427904 0.71606526754167255 0.47750782366069761
211 1.8506062449844742 0.69350221854850957 0.46265156124611856
212 1.7935400037531479 0.67185075622587231 0.44838500093828698
213 1.7387244582412951 0.65106806135276718 0.43468111456032377
214 1.6860567665702566 0.63111347875855406 0.42151419164256415
215 1.6354391145161447 0.61194841191166183 0.40885977862903616
216 1.5867784752318475 0.59353621755201713 0.39669461880796186
217 1.539986386130032 0.57584210921162804 0.38499659653250801
218 1.4949787239165047 0.55883306136585009 0.37374468097912616
219 1.4516754949349266 0.54247771957034208 0.36291887373373166
220 1.4100006319329146 0.52674631434956998 0.35250015798322865
221 1.3698817990310472 0.51161057859493331 0.34247044975776181
222 1.3312502050012269 0.49704366910268338 0.33281255125030673
223 1.2940404246661394 0.48302009162194254 0.32351010616653486
224 1.2581902294678193 0.4695156306036784 0.31454755736695483
225 1.2236404213522851 0.45650727895141724 0.30591010533807128
226 1.1903346859133681 0.44397317879873016 0.29758367147834203
227 1.1582194390205067 0.43189255713835967 0.28955485975512668
228 1.1272436888270829 0.42024566927605128 0.28181092220677073
229 1.0973589007766238 0.40901374360178466 0.27433972519415595
230 1.0685188748279091 0.39817893123479142 0.26712971870697727
231 1.0406796239666205 0.3877242565744542 0.26016990599165513
232 1.0137992602339729 0.37763357092584338 0.25344981505849323
233 0.98783788715244947 0.36789150889564048 0.24695947178811237
234 0.96275749765173402 0.35848344709219937 0.2406893744129335
235 0.93852187703917989 0.34939546495619056 0.23463046925979497
236 0.9150965109189767 0.34061430777539209 0.22877412772974418
237 0.89244849919090086 0.3321273520169864 0.22311212479772521
238 0.87054647227283977 0.32392257181917872 0.21763661806820994
239 0.8493605145007147 0.3159885083230099 0.21234012862517868
240 0.82886208933332362 0.30831423982974332 0.2072155223333309
241 0.80902396971818502 0.30088935405030437 0.20225599242954626
242 0.78982017184538544 0.29370392175854726 0.19745504296134636
243 0.77122589260110719 0.28674847197192982 0.1928064731502768
244 0.75321745013908659 0.28001396839271159 0.18830436253477165
245 0.73577222783643947 0.27349178724439394 0.18394305695910987
246 0.71886862109541705 0.26717369624354037 0.17971715527385426
247 0.70248598660634587 0.26105183462083442 0.17562149665158647
248 0.68660459545830288 0.25511869462332654 0.17165114886457572
249 0.67120558753485493 0.2493671036074962 0.16780139688371373
250 0.65627092880635252 0.24379020725622205 0.16406773220158813
251 0.6417833709133316 0.23838145373708444 0.1604458427283329
252 0.62772641291236142 0.23313457871855611 0.15693160322809036
253 0.61408426470407829 0.22804359108692812 0.15352106617601957
254 0.60084181312008778 0.22310275967693952 0.15021045328002194
255 0.5879845889860239 0.21830660043353023 0.14699614724650598
256 0.57549873632398896 0.2136498644094442 0.14387468408099724
257 0.56337098304265854 0.20912752635095905 0.14084274576066463
258 0.55158861330712339 0.20473477398176876 0.13789715332678085
259 0.54013944107130485 0.20046699768442749 0.13503486026782621
260 0.52901178531005211 0.19631978091718391 0.13225294632751303
261 0.51819444483735821 0.19228889016261019 0.12954861120933955
262 0.5076766818444266 0.18837026975283575 0.12691917046110665
263 0.49744819145834523 0.18456002824553042 0.12436204786458631
264 0.48749908723692054 0.18085443400781198 0.12187477180923013
265 0.47781988133326281 0.17724990736707014 0.1194549703333157
266 0.46840146596865384 0.17374301340741846 0.11710036649216346
267 0.45923509587152095 0.17033045517474946 0.11480877396788024
268 0.4503123720098885 0.16700906743158114 0.11257809300247212
269 0.44162522599280862 0.16377581065167784 0.11040630649820216
270 0.43316590454325488 0.16062776488622166 0.10829147613581372
271 0.42492695826741345 0.15756212611672188 0.10623173956685336
272 0.41690122397987778 0.15457619845295922 0.10422530599496944
273 0.40908181491187501 0.15166739107958707 0.10227045372796875
274 0.40146210721402492 0.14883321280785 0.10036552680350623
275 0.394035729574917 0.14607126826195682 0.098508932393729251
276 0.38679655163684573 0.14337925334662061 0.096699137909211433
277 0.37973867357339575 0.14075495126730983 0.094934668393348937
278 0.37285641588372292 0.13819622853601995 0.093214103970930731
279 0.36614431156502836 0.13570103240395645 0.091536077891257089
280 0.35959709412621005 0.1332673855749601 0.089899273531552512
281 0.35320969163004823 0.13089338448837629 0.088302422907512057
282 0.34697721749584137 0.12857719561811845 0.086744304373960343
283 0.34089496277246445 0.12631705254093065 0.085223740693116112
284 0.33495838881077927 0.12411125314785729 0.083739597202694818
285 0.32916312022883498 0.1219581569721945 0.082290780057208746
286 0.32350493803354319 0.11985618255555268 0.080876234508385797
287 0.31797977329549698 0.11780380505310879 0.079494943323874245
288 0.31258370099109445 0.11579955388906114 0.078145925247773612
289 0.30731293392844777 0.11384201038847887 0.076828233482111943
290 0.30216381798547826 0.11192980620439651 0.075540954496369564
291 0.29713282570457145 0.11006162054531211 0.074283206426142862
292 0.29221655156240461 0.10823617856705033 0.073054137890601153
293 0.28741170733603905 0.10645224960684256 0.071852926834009762
294 0.28271511711050318 0.10470864522280433 0.070678779277625794
295 0.27812371401915498 0.10300421820788506 0.069530928504788744
296 0.27363453378718372 0.10133785970468667 0.06840863344679593
297 0.26924471247119064 0.099708498686831085 0.06731117811779766
298 0.26495148201125224 0.098115100172777511 0.066237870502813059
299 0.2607521666058924 0.096556663866483525 0.0651880416514731
300 0.25664417906251097 0.095032222763203653 0.064161044765627742
301 0.25262501733589743 0.093540841810079253 0.063156254333974357
302 0.24869226176766385 0.092081617006682395 0.062173065441915962
303 0.24484357114415572 0.090653673683342761 0.061210892786038931
304 0.24107668034498597 0.089256165778791016 0.060269170086246493
305 0.2373893974216493 0.087888274704653851 0.059347349355412325
306 0.23377960071595402 0.086549208238697911 0.058444900178988506
307 0.23024523623226814 0.085238199515384028 0.057561309058067035
308 0.22678431555928316 0.083954506359157424 0.05669607888982079
309 0.2233949126827697 0.082697409883026818 0.055848728170692426
310 0.22007516230097723 0.081466214001091039 0.055018790575244308
311 0.21682325753281276 0.080260244534314296 0.054205814383203189
312 0.21363744770207216 0.079078848350916789 0.05340936192551804
313 0.21051603601618299 0.077921392506609122 0.052629009004045747
314 0.20745737859057511 0.076787263917539442 0.051864344647643779
315 0.20445988137089971 0.075675868106709371 0.051114970342724927
316 0.20152199900218967 0.074586628844893088 0.050380499750547418
317 0.19864223310015378 0.073518987499291213 0.049660558275038444
318 0.19581913041715326 0.072472402310479994 0.048954782604288316
319 0.19305128155581805 0.071446347987755607 0.048262820388954512
320 0.19033731899206174 0.070440314843178614 0.047584329748015436
321 0.18767591594991612 0.069453808455925331 0.046918978987479029
322 0.18506578491872694 0.068486349093105123 0.046266446229681735
323 0.18250567632153417 0.067537471211852329 0.045626419080383541
324 0.17999437714041333 0.066606722925664316 0.044998594285103333
325 0.17753070978922056 0.065693665625422504 0.04438267744730514
326 0.17511353078830239 0.064797873420246691 0.043778382697075596
327 0.17274172970588331 0.063918932783306071 0.043185432426470827
328 0.17041422803155976 0.063056442117956496 0.042603557007889939
329 0.16812997806582616 0.062210011328718104 0.042032494516456541
330 0.16588796181562723 0.061379261426675262 0.041471990453906808
331 0.16368719039781593 0.060563824308287099 0.040921797599453982
332 0.16152670256604501 0.059763342169239599 0.040381675641511253
333 0.15940556412509177 0.058977467317697985 0.039851391031272942
334 0.15732286696168291 0.05820586179978611 0.039330716740420726
335 0.15527772818154906 0.057448197069738846 0.038819432045387264
336 0.15326928928334174 0.056704153697633819 0.038317322320835435
337 0.15129671550329907 0.055973421111426454 0.037824178875824767
338 0.14935919490404734 0.05525569725620131 0.037339798726011834
339 0.14745593765253689 0.054550688319369427 0.036863984413134224
340 0.1455861754109718 0.053858108514825059 0.036396543852742949
341 0.14374916038698024 0.053177679687168279 0.03593729009674506
342 0.14194416556560321 0.052509131533309675 0.035486041391400804
343 0.14017048263486589 0.051852200608224382 0.035042620658716474
344 0.1384274223524693 0.051206630609549803 0.034606855588117325
345 0.13671431410152926 0.050572172222992061 0.034178578525382315
346 0.13503050472442885 0.049948582610410124 0.033757626181107211
347 0.1333753582491545 0.049335625338538781 0.033343839562288625
348 0.13174825530868992 0.048733070167813683 0.032937063827172479
349 0.13014859288651798 0.048140692969006797 0.032537148221629494
350 0.12857578339106879 0.047558275336290902 0.032143945847767197
