25 0.0 0.0 0.0
26 0.0 0.0 0.0
27 0.0 0.0 0.0
28 0.0 0.0 0.0
29 0.0 0.0 0.0
30 0.018009061195114879 4.1583869210522057e-08 0.00015007550995929065
31 0.059720667577597059 2.9010173955086056e-07 0.00049767222981330879
32 0.11910181360171175 9.6898221797570036e-07 0.00099251511334759782
33 0.19381503877725301 2.338799559528605e-06 0.001615125323143775
34 0.28244805665675837 4.6898807053851022e-06 0.0023537338054729863
35 0.38402054973737265 8.3384190020122047e-06 0.0032001712478114388
36 0.49779952225207513 1.3624112134650519e-05 0.0041483293521006265
37 0.62321073115211623 2.0908646171552094e-05 0.0051934227596009686
38 0.75978973816362017 3.0574708291629235e-05 0.0063315811513635018
39 0.90715219646774492 4.3025358255509238e-05 0.0075596016372312079
40 1.0649745564248749 5.868365903900379e-05 0.0088747879702072915
41 1.2329808820675503 7.7992503702356065e-05 0.010274840683896252
42 1.4109334751341782 0.00010141459613553826 0.011757778959451485
43 1.5986259894259511 0.00012943255856833096 0.01332188324521626
44 1.7958782379092939 0.00016254914525450816 0.01496565198257745
45 2.0025321874318194 0.00020128754663037754 0.016687768228598496
46 2.2184488122173716 0.00024619177589755577 0.018487073435144764
47 2.4435055804866099 0.00029782712831838019 0.020362546504055081
48 2.6775944180670881 0.00035678070718040658 0.022313286817225733
49 2.9206200395196222 0.00042366201423378971 0.024338500329330184
50 3.1724985637619096 0.00049910359865003512 0.026437488031349248
51 3.4331563562321032 0.00058376176463129396 0.028609636301934194
52 3.7025290510975202 0.00067831733347471182 0.030854408759146003
53 3.9805607199926905 0.00078347646263264711 0.033171339333272418
54 4.2672031589726886 0.0008999715125791451 0.035560026324772405
55 4.5624152730870007 0.0010285619616643886 0.038020127275725006
56 4.8661625345925374 0.0011700353416916854 0.040551354454937814
57 5.1784164870813294 0.0013252081231941875 0.043153470725677746
58 5.4991542399327145 0.0014949263526986695 0.045826285332772623
59 5.828357835168176 0.0016800655548214805 0.048569648626401465
60 6.1660132308173967 0.0018815287657459937 0.051383443590144975
61 6.5121083796121439 0.0021002404231704312 0.054267569830101198
62 6.8666294335149116 0.0023371318815708191 0.057221911945957597
63 7.2295534149701632 0.0025931116209671218 0.060246278458084696
64 7.6008348368531449 0.0028690101951634366 0.06334029030710954
65 7.9803828539110606 0.0031654878055350864 0.066503190449258842
66 8.3680250332480544 0.0034828933326568412 0.069733541943733782
67 8.7634542673700331 0.003821070081538877 0.07302878556141694
68 9.1661573732612194 0.0041791173032840676 0.076384644777176824
69 9.5753278886363145 0.0045551368978732701 0.079794399071969294
70 9.9897712711659938 0.004946016577870329 0.083248093926383285
71 10.407817021535124 0.0053473154118625268 0.086731808512792691
72 10.827257164684955 0.0057533151761301497 0.090227143039041294
73 11.245331790586221 0.0061572752353163934 0.093711098254885175
74 11.65877822177017 0.006551883442140337 0.09715648518141809
75 12.063950673367497 0.0069298437017633521 0.10053292227806247
76 12.457003868110114 0.0072845013165735691 0.10380836556758428
77 12.834120527910358 0.0076103949209924892 0.10695100439925298
78 13.191752883188643 0.0079036431372772574 0.10993127402657203
79 13.526845225720463 0.0081621164464188954 0.11272371021433719
80 13.837008751159779 0.0083853941997628686 0.11530840625966482
81 14.120629727638752 0.0085745486367267559 0.1176719143969896
82 14.376904709845391 0.0087318181546577125 0.1198075392487116
83 14.605808057791634 0.0088602383653058545 0.12171506714826362
84 14.808005644958769 0.0089632873948601536 0.12340004704132307
85 14.98473312310715 0.0090445818271292205 0.12487277602589292
86 15.137657308306455 0.0091076430310733821 0.12614714423588713
87 15.268736701377399 0.0091557361431766453 0.12723947251147832
88 15.3800931446674 0.0091917747731435663 0.12816744287222834
89 15.47390203927108 0.0092182787417815059 0.12894918366059233
90 15.552304606892248 0.0092373705583768517 0.12960253839076874
91 15.617342534090188 0.0092507977589499479 0.13014452111741823
92 15.670913283174734 0.0092599703010905025 0.13059094402645613
93 15.71474313612058 0.0092660049609026695 0.13095619280100484
94 15.750374555159931 0.0092697710552376803 0.13125312129299943
95 15.779164503702415 0.009271933970143342 0.13149303753085345
96 15.802290633667806 0.0092729944429949512 0.13168575528056506
97 15.820762739842987 0.0092733226938053609 0.13183968949869157
98 15.835437377110654 0.0092731872406429487 0.13196197814258878
99 15.847034027491258 0.0092727786425258318 0.13205861689576048
100 15.856151632028892 0.0092722286831098139 0.1321345969335741
101 15.863284662913324 0.0092716255752121612 0.13219403885761102
102 15.868838191085732 0.0092710258252801381 0.13224031825904778
103 15.873141660532781 0.0092704634309780983 0.13227618050443984
104 15.876461132406224 0.0092699566072073792 0.13230384277005186
105 15.879010134424007 0.0092695130280404658 0.13232508445353339
106 15.880958913218592 0.0092691335544083236 0.1323413242768216
107 15.882442409840472 0.0092688148363227457 0.1323536867486706
108 15.883566971374485 0.0092685512735112083 0.13236305809478738
109 15.884415939182814 0.0092683361905729882 0.13237013282652346
110 15.885054274613019 0.0092681627065694331 0.13237545228844183
111 15.885532347736827 0.009268024210172119 0.13237943623114024
112 15.885889014886722 0.0092679146805228034 0.13238240845738936
113 15.886154104936766 0.009267828790968451 0.13238461754113973
114 15.886350404780288 0.0092677619664694906 0.13238625337316906
115 15.886495241791655 0.0092677103502985993 0.13238746034826379
116 15.886601731785404 0.0092676707512706243 0.13238834776487837
117 15.886679758172631 0.0092676405635891065 0.13238899798477194
118 15.886736737111628 0.0092676176872795602 0.13238947280926355
119 15.886778209822067 0.0092676004500117544 0.13238981841518388
120 15.886808299729315 0.0092675875301556736 0.13239006916441096
121 15.886830063037143 0.0092675778969718327 0.13239025052530953
122 15.886845752548082 0.0092675707181868929 0.13239038127123401
123 15.88685703116801 0.009267565448516743 0.13239047525973341
124 15.886865114587911 0.0092675615599488604 0.13239054262156594
125 15.886870892896775 0.009267558712677669 0.13239059077413978
126 15.886875014583733 0.0092675566532342078 0.1323906251215311
127 15.886877946767591 0.0092675551529354753 0.13239064955639659
128 15.886880025471608 0.0092675540641331006 0.13239066687893006
129 15.886881498404332 0.0092675532888781623 0.13239067915336944
130 15.886882539670538 0.0092675527179111733 0.1323906878305878
131 15.886883274123136 0.0092675523077088272 0.13239069395102612
132 15.886883790117601 0.009267552022751516 0.13239069825098002
133 15.886884153142613 0.0092675518278254217 0.13239070127618843
134 15.886884404747196 0.009267551669664394 0.1323907033728933
135 15.886884581835867 0.0092675515674568755 0.13239070484863222
136 15.886884705470051 0.009267551495115026 0.13239070587891708
137 15.886884791340968 0.0092675514403118796 0.13239070659450808
138 15.886884849682531 0.0092675514067626676 0.13239070708068776
139 15.886884890491002 0.0092675513823413155 0.13239070742075834
140 15.886884918907882 0.009267551365483918 0.13239070765756569
141 15.886884938415532 0.0092675513534207291 0.13239070782012943
142 15.886884951698041 0.0092675513448037591 0.132390707930817
143 15.886884960713221 0.0092675513387806326 0.13239070800594352
144 15.886884966824033 0.0092675513346301037 0.13239070805686695
145 15.886884970964722 0.0092675513317319238 0.13239070809137268
146 15.886884973778944 0.009267551329994194 0.13239070811482453
147 15.88688497568371 0.0092675513288243156 0.13239070813069759
148 15.886884976968542 0.0092675513280285182 0.13239070814140452
149 15.886884977833857 0.0092675513274784148 0.13239070814861548
150 15.418499411382529 0.0091529769345708029 0.12848749509485441
151 14.960525239293224 0.0090266523933104185 0.12467104366077687
152 14.512955413410912 0.0088897659943146627 0.12094129511175761
153 14.075772345658809 0.0087434640336977818 0.11729810288049007
154 13.648947940426694 0.0085888485987709127 0.11374123283688913
155 13.232443663664542 0.0084269757069961992 0.11027036386387118
156 12.826210647385395 0.0082588536650279078 0.10688508872821162
157 12.430189832254424 0.0080854417845771746 0.10358491526878687
158 12.044312147270761 0.007907649387566603 0.100369267893923
159 11.668498724733576 0.0077263350482353098 0.097237489372779803
160 11.302661160639095 0.007542306465194994 0.09418884300532579
161 10.946701791705291 0.0073563198538221406 0.091222514930877421
162 10.600514027574564 0.0071690804972980001 0.088337616896454696
163 10.263982704125167 0.0069812430485312969 0.085533189201043067
164 9.9369844703513017 0.006793412213265927 0.082808203919594175
165 9.6193882036627656 0.0066061436412221518 0.080161568363856378
166 9.3110554502473644 0.0064199451290495946 0.077592128752061368
167 9.0118408919819419 0.0062352779111520679 0.075098674099849522
168 8.7215928262043043 0.0060525580495238256 0.072679940218369196
169 8.4401536715645538 0.0058721584019931607 0.070334613929704609
170 8.1673604797506378 0.0056944102174981406 0.068061337331255314
171 7.9030454579811416 0.0055196050194793386 0.065858712149842846
172 7.6470365033773469 0.0053479968156042506 0.063725304194811219
173 7.3991577329512879 0.0051798040633943068 0.061659647774594067
174 7.1592300163496558 0.0050152117666063924 0.05966025013624713
175 6.9270715027915415 0.0048543736020368209 0.05772559585659618
176 6.702498144926226 0.004697414345513881 0.055854151207718548
177 6.4853242058050222 0.0045444316064138131 0.054044368381708521
178 6.275362757821271 0.0043954983585230475 0.052294689648510591
179 6.0724261609172636 0.0042506647040962617 0.050603551340977194
180 5.8763265262102209 0.0041099600419408156 0.048969387718418508
181 5.6868761580860845 0.0039733949497409897 0.04739063465071737
182 5.5038879740219171 0.0038409630939262836 0.045865733116849307
183 5.3271759011181805 0.0037126430089497501 0.044393132509318173
184 5.1565552488044606 0.0035883997821902747 0.042971293740037171
185 4.9918430506286695 0.0034681867104614256 0.041598692088572246
186 4.8328583892574182 0.003351946560439929 0.040273819910478487
187 4.6794226912137988 0.0032396134205829562 0.038995189093448325
188 4.5313599899051207 0.0031311135670308182 0.037761333249209342
189 4.3884971659735577 0.003026366847924282 0.036570809716446315
190 4.250664168044465 0.0029252878192306737 0.035422201400370543
191 4.1176941960494835 0.0028277866317355615 0.034314118300412359
192 3.9894238717679995 0.0027337700488734734 0.033245198931399995
193 3.8656933790147114 0.0026431422837782876 0.032214111491789259
194 3.7463465822763884 0.0025558056469736912 0.031219554852303235
195 3.6312311265322705 0.002471661345432852 0.030260259387768922
196 3.5201985126357562 0.0023906099528309523 0.029334987605297968
197 3.4131041578343226 0.0023125520274454559 0.028442534648619355
198 3.3098074351950095 0.002237388509783572 0.027581728626625078
199 3.2101716986137521 0.0021650211530571265 0.026751430821781268
200 3.1140642538880776 0.0020953529919200964 0.025950535449067315
201 3.021356507094628 0.0020282881790673942 0.025177970892455232
202 2.9319237158036739 0.0019637328929806141 0.024432697631697285
203 2.8456451144988213 0.0019015951088628223 0.023713709287490177
204 2.7624038137495304 0.0018417850517964257 0.023020031781246085
205 2.6820868468993155 0.0017842147377825407 0.022350723724160963
206 2.6045849684494651 0.0017287989717263109 0.021704874737078876
207 2.52979267182815 0.0016754549170056201 0.021081605598567917
208 2.4576081601773643 0.0016241018907859764 0.020480068001478037
209 2.3879331723499058 0.0015746620652016886 0.01989944310291588
210 2.3206729602973231 0.0015270601177309877 0.019338941335811027
211 2.2557362302947137 0.0014812230333966761 0.018797801919122614
212 2.1930349930760378 0.0014370805455494234 0.01827529160896698
213 2.1324845142368143 0.0013945649202806631 0.017770704285306787
214 2.0740032347406858 0.0013536106665302894 0.017283360289505716
215 2.0175126421047378 0.001314155008561533 0.016812605350872815
216 1.9629372171954234 0.0012761373807137473 0.016357810143295196
217 1.9102043116274015 0.001239499630809781 0.015918369263561678
218 1.8592440734160134 0.0012041859342451621 0.015493700611800111
219 1.8099893538054166 0.0011701425698231955 0.015083244615045139
220 1.7623756104329908 0.0011373180768308822 0.014686463420274925
221 1.7163408243411526 0.0011056631045602196 0.014302840202842939
222 1.6718254059326032 0.001075130212822518 0.013931878382771693
223 1.628772115947337 0.0010456740534824992 0.013573100966227807
224 1.5871259732314766 0.0010172511399318971 0.013226049776928973
225 1.5468341713244995 0.0009898196854117925 0.012890284761037495
226 1.5078460069598594 0.00096333983256388775 0.012565383391332162
227 1.4701127946259769 0.00093777336607478586 0.012250939955216474
228 1.4335877813004518 0.0009130836370836369 0.011946564844170431
229 1.3982260907189412 0.00088923562391075048 0.011651884089324511
230 1.3639846289570425 0.00086619578911463155 0.01136653857464202
231 1.3308220326635885 0.00084393200976753144 0.011090183605529904
232 1.2986985937465712 0.00082241357659683595 0.010822488281221426
233 1.2675761830413699 0.00080161105747197697 0.010563134858678082
234 1.2374182088690973 0.00078149632951315592 0.010311818407242478
235 1.2081895335877713 0.00076204248187544687 0.010068246113231427
236 1.1798564256822743 0.00074322370336564686 0.0098321368806856199
237 1.1523864979365581 0.00072501534291703469 0.0096032208161379844
238 1.1257486608070089 0.0007073938086849588 0.0093812388400584066
239 1.0999130627547158 0.00069033651252934074 0.0091659421896226317
240 1.0748510305892904 0.00067382182731693654 0.0089570919215774206
241 1.0505350413745267 0.00065782906281547273 0.0087544586781210555
242 1.026938651456472 0.00064233839829426541 0.0085578220954705998
243 1.0040364745722359 0.00062733087491240484 0.0083669706214352987
244 0.98180411787944544 0.0006127883235607952 0.0081817009823287115
245 0.96021814996099852 0.00059869336840123418 0.0080018179163416549
246 0.93925606722679034 0.00058502935176183259 0.0078271338935565864
247 0.91889623989890212 0.00057178030047392518 0.0076574686658241846
248 0.89911788467519083 0.00055893095634529768 0.0074926490389599235
249 0.87990103474946724 0.00054646667069434556 0.0073325086229122267
250 0.86122649012709063 0.00053437341884790058 0.0071768874177257549
251 0.84307580375037428 0.00052263775536736605 0.0070256316979197854
252 0.82543123419089193 0.00051124678168099882 0.0068785936182574328
253 0.80827572362901334 0.00050018815448230243 0.0067356310302417776
254 0.79159287475835893 0.00048945002397061249 0.0065966072896529908
255 0.77536691144185288 0.00047902103260539808 0.0064613909286821069
256 0.75958266011623654 0.00046889025279081385 0.0063298555009686378
257 0.74422552362811711 0.00045904729758732617 0.0062018793635676426
258 0.72928146078604683 0.00044948210900226594 0.0060773455065503907
259 0.71473695380716007 0.00044018499141162748 0.005956141281726334
260 0.70057899755170994 0.00043114681977922045 0.005838158312930916
261 0.68679507006921792 0.00042235862843326551 0.0057232922505768159
262 0.67337311906881403 0.00041381197926188581 0.0056114426589067836
263 0.66030153718389029 0.00040549861602076756 0.0055025128098657528
264 0.6475691483514654 0.0003974107234269684 0.0053964095695955448
265 0.63516518764873653 0.00038954076485975492 0.0052930432304061376
266 0.62307928448181449 0.00038188145918109591 0.0051923273706817874
267 0.61130144756185134 0.00037442583317483729 0.0050941787296820947
268 0.59982204947093765 0.00036716720241534236 0.0049985170789244807
269 0.5886318111051867 0.00036009910733648335 0.0049052650925432229
270 0.57772178856443157 0.00035321536112196045 0.00481434823803693
271 0.56708335895336504 0.00034650999152520406 0.004725694657944709
272 0.5567082081284157 0.00033997726878090957 0.0046392350677367973
273 0.54658831801031216 0.00033361167351825629 0.0045549026500859343
274 0.53671595488679558 0.00032740789282362768 0.0044726329573899631
275 0.52708365817133751 0.00032136081385559525 0.0043923638180944791
276 0.517684229563114 0.0003154655127646759 0.0043140352463592836
277 0.50851072274996878 0.00030971724908708358 0.0042375893562497397
278 0.49955643347928297 0.000304111456059309 0.0041629702789940251
279 0.49081489009941487 0.00029864373417602224 0.0040901240841617909
280 0.48227984449025857 0.00029330984429895817 0.004018998704085488
281 0.4739452633772977 0.00028810570101680811 0.0039495438614774812
282 0.4658053200109698 0.00028302736619354525 0.0038817110000914151
283 0.45785438620060975 0.00027807104299581688 0.0038154532183384145
284 0.45008702468239226 0.00027323307010273693 0.0037507252056866022
285 0.44249798180852523 0.0002685099162224975 0.0036874831817377105
286 0.43508218054226322 0.00026389817483306143 0.0036256848378521936
287 0.42783471374545951 0.00025939455915148041 0.0035652892812121626
288 0.42075083774579419 0.00025499589732926438 0.0035062569812149514
289 0.41382596617132089 0.00025069912786577846 0.0034485497180943409
290 0.40705566404044069 0.00024650129522623153 0.003392130533670339
291 0.40043564209593585 0.00024239954565018126 0.0033369636841327987
292 0.39396175137231465 0.00023839112314331064 0.0032830145947692888
293 0.38762997798621024 0.00023447336564524525 0.0032302498165517521
294 0.38143643813997719 0.00023064370136354016 0.0031786369844998097
295 0.3753773733291752 0.00022689964526737059 0.0031281447777431266
296 0.36944914574495602 0.00022323879573268486 0.003078742881207967
297 0.36364823386285189 0.00021965883133188513 0.0030304019488570991
298 0.35797122820982885 0.00021615750776132522 0.0029830935684152403
299 0.35241482730183293 0.00021273265490006602 0.0029367902275152743
300 0.34697583374441876 0.0002093821739936889 0.0028914652812034895
301 0.34165115048939371 0.00020610403495753944 0.0028470929207449476
302 0.33643777724073259 0.00020289627379390404 0.0028036481436727718
303 0.33133280700331535 0.00019975699011775587 0.0027611067250276279
304 0.32633342276834909 0.00019668434478612053 0.0027194451897362424
305 0.32143689432960015 0.00019367655762633773 0.0026786407860800014
306 0.31664057522484146 0.00019073190525868431 0.0026386714602070122
307 0.31194189979716813 0.00018784871900910134 0.0025995158316430679
308 0.30733838037107525 0.00018502538290791082 0.0025611531697589604
309 0.30282760453842522 0.00018226033177065303 0.0025235633711535436
310 0.29840723254965418 0.00017955204935733544 0.0024867269379137847
311 0.29407499480576954 0.00017689906660658543 0.0024506249567147463
312 0.28982868944690515 0.00017429995994136752 0.0024152390787242095
313 0.28566618003336269 0.00017175334964306577 0.0023805515002780224
314 0.28158539331528692 0.0001692578982909081 0.0023465449442940578
315 0.27758431708726955 0.00016681230926383366 0.0023132026423939131
316 0.27366099812434874 0.00016441532530206244 0.0022805083177029062
317 0.26981354019602932 0.00016206572712573869 0.0022484461683002443
318 0.2660401021550966 0.0001597623321081637 0.0022170008512924716
319 0.26233889609814315 0.00015750399300123134 0.0021861574674845261
320 0.25870818559486009 0.00015528959671080384 0.0021559015466238339
321 0.25514628398328082 0.00015311806311987393 0.0021262190331940069
322 0.25165155272827811 0.00015098834395744294 0.002097096272735651
323 0.24822239984074634 0.00014889942171116531 0.0020685199986728861
324 0.24485727835500659 0.00014685030858188844 0.0020404773196250549
325 0.2415546848620784 0.00014484004547828878 0.0020129557071839866
326 0.23831315809656439 0.00014286770104992902 0.0019859429841380368
327 0.23513127757499919 0.00014093237075708711 0.0019594273131249931
328 0.232007662283604 0.0001390331759758276 0.0019333971856967001
329 0.22894096941347136 0.00013716926313682703 0.001907841411778928
330 0.22592989314129358 0.00013533980289654661 0.0018827491095107798
331 0.22297316345383278 0.00013354398933941182 0.0018581096954486064
332 0.22006954501440196 0.00013178103920970078 0.0018339128751200162
333 0.21721783606970521 0.00013005019117193136 0.0018101486339142101
334 0.21441686739545199 0.00012835070509855967 0.0017868072282954332
335 0.21166550127923212 0.00012668186138387952 0.0017638791773269343
336 0.20896263053919306 0.0001250429602830532 0.0017413552544932756
337 0.20630717757713365 0.00012343332127525078 0.0017192264798094471
338 0.20369809346468332 0.00012185228244991918 0.0016974841122056944
339 0.20113435706128935 0.00012029919991525092 0.0016761196421774113
340 0.1986149741627885 0.00011877344722796183 0.0016551247846899042
341 0.19613897667939134 0.00011727441484352011 0.0016344914723282612
342 0.19370542184195827 0.00011580150958601737 0.0016142118486829856
343 0.19131339143548751 0.00011435415413689468 0.001594278261962396
344 0.18896199105878872 0.0001129317865417846 0.0015746832588232394
345 0.18665034940934722 0.0001115338597347524 0.0015554195784112268
346 0.18437761759242896 0.0001101598410792519 0.0015364801466035748
347 0.18214296845352532 0.00010880921192514484 0.0015178580704460444
348 0.17994559593325915 0.00010748146718115854 0.0014995466327771595
349 0.17778471444391439 0.00010617611490217772 0.0014815392870326199
350 0.17565955826678939 0.00010489267589080549 0.0014638296522232449
