index value
-190 0.011585379497165182
-189 0.011574646158703912
-188 0.011563826606415382
-187 0.011552919676150955
-186 0.011541924181563849
-185 0.011530838913481594
-184 0.011519662639371611
-183 0.011508394102789898
-182 0.011497032022698771
-181 0.011485575092876914
-180 0.011474021981310445
-179 0.011462371329448913
-178 0.011450621751565682
-177 0.011438771834019612
-176 0.01142682013457
-175 0.011414765181538113
-174 0.011402605473058207
-173 0.011390339476302712
-172 0.011377965626561603
-171 0.011365482326422474
-170 0.011352887944841293
-169 0.011340180816260311
-168 0.011327359239559088
-167 0.011314421477089019
-166 0.011301365753671633
-165 0.011288190255435895
-164 0.01127489312873488
-163 0.01126147247902008
-162 0.011247926369546187
-161 0.011234252820163762
-160 0.011220449805978234
-159 0.011206515256037924
-158 0.011192447051824766
-157 0.011178243025808925
-156 0.011163900959939899
-155 0.011149418583940933
-154 0.011134793573671815
-153 0.011120023549329472
-152 0.011105106073635122
-151 0.011090038649825773
-150 0.011074818719641687
-149 0.011059443661232557
-148 0.011043910786818909
-147 0.011028217340368844
-146 0.011012360495151915
-145 0.01099633735102498
-144 0.010980144931724339
-143 0.010963780181915059
-142 0.010947239964167695
-141 0.010930521055606815
-140 0.010913620144508161
-139 0.010896533826696135
-138 0.010879258601585921
-137 0.010861790868134271
-136 0.010844126920545925
-135 0.01082626294357528
-134 0.010808195007705674
-133 0.010789919063936176
-132 0.010771430938348654
-131 0.010752726326178135
-130 0.010733800785672957
-129 0.010714649731582307
-128 0.010695268428101309
-127 0.010675651981566307
-126 0.010655795332618513
-125 0.010635693248017084
-124 0.010615340311815538
-123 0.010594730916204885
-122 0.010573859251861092
-121 0.010552719297629366
-120 0.010531304809845222
-119 0.010509609311137058
-118 0.010487626078550917
-117 0.010465348131334849
-116 0.010442768218115628
-115 0.01041987880369848
-114 0.010396672055230484
-113 0.010373139828102602
-112 0.010349273651477751
-111 0.010325064713334163
-110 0.010300503845420588
-109 0.010275581508043245
-108 0.010250287774609073
-107 0.010224612316388746
-106 0.010198544387326869
-105 0.010172072809266828
-104 0.010145185957442486
-103 0.010117871746774225
-102 0.010090117618992268
-101 0.010061910530617018
-100 0.01003323694239234
-99 0.010004082810099377
-98 0.0099744335772426335
-97 0.0099442741695534315
-96 0.0099135889919678578
-95 0.0098823619281857376
-94 0.0098505763429097889
-93 0.0098182150874218319
-92 0.0097852605085984087
-91 0.0097516944614474861
-90 0.0097174983258244731
-89 0.0096826530272303615
-88 0.0096471390621588014
-87 0.0096109365278236724
-86 0.009574025156813
-85 0.0095363843565659644
-84 0.0094979932535010497
-83 0.0094588307421836076
-82 0.0094188755390756575
-81 0.0093781062409569807
-80 0.0093365013873885853
-79 0.00929403952729819
-78 0.0092506992890406623
-77 0.00920645945317599
-76 0.0091612990277448753
-75 0.0091151973250977007
-74 0.0090681340392221085
-73 0.0090200893230978595
-72 0.0089710438646821416
-71 0.0089209789607257051
-70 0.0088698765868643458
-69 0.0088177194632397676
-68 0.0087644911141757983
-67 0.0087101759203957151
-66 0.0086547591629508001
-65 0.0085982270573634507
-64 0.0085405667765063309
-63 0.0084817664615300433
-62 0.0084218152193158442
-61 0.0083607031057637612
-60 0.0082984210935944953
-59 0.0082349610244229401
-58 0.0081703155442639005
-57 0.0081044780217766552
-56 0.008037442449510962
-55 0.0079692033276225743
-54 0.0078997555304859864
-53 0.0078290941560031774
-52 0.0077572143585707453
-51 0.0076841111660085346
-50 0.0076097792808459694
-49 0.0075342128672502597
-48 0.007457405324130092
-47 0.0073793490449234481
-46 0.007300035165385038
-45 0.007219453299503526
-44 0.0071375912643613284
-43 0.0070544347936128283
-42 0.0069699672400369518
-41 0.0068841692663177082
-40 0.0067970185226650269
-39 0.006708489310182017
-38 0.0066185522271358602
-37 0.0065271737948103719
-36 0.0064343160588046493
-35 0.0063399361600755943
-34 0.0062439858687976914
-33 0.0061464110723591812
-32 0.0060471512067921812
-31 0.0059461386184498427
-30 0.0058432978398173319
-29 0.0057385447594939651
-28 0.0056317856618595249
-27 0.0055229161059585702
-26 0.0054118196055916654
-25 0.0052983660627664636
-24 0.0051824098937361873
-23 0.0050637877696526013
-22 0.0049423158706813856
-21 0.0048177865207810677
-20 0.0046899640265383562
-19 0.0045585794819067785
-18 0.0044233242128352253
-17 0.004283841408135986
-16 0.0041397152939138607
-15 0.0039904569228875215
-14 0.0038354852067982769
-13 0.0036741011148087215
-12 0.0035054518036327165
-11 0.0033284794795831953
-10 0.0031418463176519202
-9 0.0029438203254711216
-8 0.0027320944377466822
-7 0.0025034847610046224
-6 0.0022533940323091486
-5 0.0019747756967252389
-4 0.0016558998156628111
-3 0.0012747122957075631
-2 0.00078059868088055471
-1 0.015624996863252302
0 0.0011039339557038879
1 0.0015611950138182758
2 0.001912062786671198
3 0.0022078563394644524
4 0.0024684533275182849
5 0.0027040478828923649
6 0.0029206954109205429
7 0.003122340918628252
8 0.003311724143021682
9 0.0034908393434463724
10 0.0036611914421248487
11 0.0038239489712789355
12 0.0039800404963655925
13 0.0041302181198334493
14 0.0042751008359079926
15 0.0044152050349533277
16 0.0045509665235014349
17 0.0046827567745128373
18 0.0048108951524797709
19 0.0049356582673265263
20 0.0050572872398870405
21 0.0051759934219516813
22 0.0052919629551212901
23 0.0054053604452737949
24 0.0055163319552961314
25 0.0056250074666269806
26 0.0057315029229347081
27 0.0058359219422624165
28 0.0059383572641209127
29 0.0060388919832189206
30 0.0061376006103616735
31 0.006234549992533883
32 0.0063298001176092123
33 0.0064234048240338895
34 0.006515412431720896
35 0.0066058663073258117
36 0.0066948053743796053
37 0.0067822645767718617
38 0.006868275302379552
39 0.0069528657722881448
40 0.0070360613998850388
41 0.0071178851234102057
42 0.0071983577144480483
43 0.0072774980644682184
44 0.0073553234514456755
45 0.0074318497871806166
46 0.0075070918465777337
47 0.0075810634798918562
48 0.0076537778078853364
49 0.0077252474008624797
50 0.0077954844415768342
51 0.0078645008728487707
52 0.0079323085296369809
53 0.007998919256199619
54 0.0080643450089897071
55 0.0081285979451716488
56 0.0081916904975163699
57 0.0082536354364681624
58 0.0083144459194279437
59 0.0083741355283720228
60 0.0084327182961704602
61 0.0084902087228066886
62 0.0085466217817589517
63 0.0086019729176251645
64 0.0086562780360753318
65 0.0087095534864731015
66 0.008761816038460905
67 0.0088130828530406397
68 0.0088633714494058616
69 0.0089126996678384612
70 0.0089610856296906561
71 0.0090085476954170369
72 0.0090551044208938575
73 0.0091007745129073024
74 0.0091455767846235544
75 0.0091895301111082593
76 0.0092326533857749523
77 0.009274965477893974
78 0.009316485191913906
79 0.0093572312284501552
80 0.0093972221474185446
81 0.0094364763337252914
82 0.0094750119652478836
83 0.0095128469834324901
84 0.0095499990667772105
85 0.0095864856067973039
86 0.0096223236868329537
87 0.009657530063394466
88 0.0096921211503373048
89 0.0097261130053612754
90 0.0097595213189337077
91 0.0097923614057082026
92 0.0098246481978978457
93 0.0098563962408087253
94 0.0098876196901322086
95 0.0099183323111821965
96 0.0099485474795275256
97 0.009978278183061887
98 0.010007537025544768
99 0.010036336231100396
100 0.010064687649724695
101 0.010092602763845049
102 0.010120092695426746
103 0.010147168213829464
104 0.010173839744066443
105 0.010200117375677061
106 0.010226010871748174
107 0.010251529678177908
108 0.010276682933273502
109 0.010301479477251341
110 0.010325927861883079
111 0.010350036360007083
112 0.010373812975155279
113 0.010397265450900249
114 0.010420401280057617
115 0.010443227713875071
116 0.010465751770855007
117 0.010487980245357622
118 0.010509919716126559
119 0.010531576554385452
120 0.010552956931782464
121 0.010574066827965
122 0.010594912038060223
123 0.010615498179728584
124 0.010635830699950791
125 0.010655914881702071
126 0.01067575585020948
127 0.010695358578954024
128 0.010714727895572112
129 0.010733868487344296
130 0.010752784906547359
131 0.010771481575478225
132 0.010789962791420502
133 0.010808232731249725
134 0.010826295455835766
135 0.010844154914393601
136 0.010861814948484714
137 0.0108792792959354
138 0.010896551594488671
139 0.010913635385449887
140 0.010930534117034121
141 0.010947251147566599
142 0.010963789748680747
143 0.010980153108241695
144 0.010996344333143546
145 0.011012366452121711
146 0.011028222418297056
147 0.01104391511170145
148 0.011059447341609199
149 0.011074821848918299
150 0.011090041308302712
151 0.011105108330276614
152 0.011120025463305084
153 0.011134795195688814
154 0.011149419957448978
155 0.011163902122076123
156 0.011178244008326881
157 0.011192447881837746
158 0.01120651595667538
159 0.011220450396953092
160 0.011234253318261946
161 0.011247926789048481
162 0.01126147283206525
163 0.011274893425631928
164 0.01128819050493229
165 0.011301365963183471
166 0.011314421652898327
167 0.011327359386982773
168 0.011340180939794694
169 0.011352888048285603
170 0.01136548241298427
171 0.011377965698946745
172 0.011390339536791977
173 0.01140260552357256
174 0.011414765223694192
175 0.011426820169727321
176 0.011438771863320653
177 0.01145062177596985
178 0.011462371349761349
179 0.011474021998206367
180 0.011485575106922226
181 0.011497032034367412
182 0.011508394112478497
183 0.011519662647411742
184 0.011530838920150152
185 0.011541924187091806
186 0.011552919680730776
187 0.011563826610207257
188 0.011574646161841127
189 0.011585379499758582
