index sum SD mean
25 0.0 0.0 0.0
26 0.0 0.0 0.0
27 0.0 0.0 0.0
28 0.0 0.0 0.0
29 0.0 0.0 0.0
30 0.0 0.0 0.0
31 0.0 0.0 0.0
32 0.0 0.0 0.0
33 0.0 0.0 0.0
34 0.0 0.0 0.0
35 0.0 0.0 0.0
36 0.0 0.0 0.0
37 0.0 0.0 0.0
38 0.0 0.0 0.0
39 0.0 0.0 0.0
40 0.0 0.0 0.0
41 0.0 0.0 0.0
42 0.0 0.0 0.0
43 0.0 0.0 0.0
44 0.0 0.0 0.0
45 0.0 0.0 0.0
46 0.0 0.0 0.0
47 0.0 0.0 0.0
48 0.0 0.0 0.0
49 0.0 0.0 0.0
50 0.0 0.0 0.0
51 0.0 0.0 0.0
52 0.0 0.0 0.0
53 0.0 0.0 0.0
54 0.0 0.0 0.0
55 0.0 0.0 0.0
56 0.0 0.0 0.0
57 0.0 0.0 0.0
58 0.0 0.0 0.0
59 0.0 0.0 0.0
60 0.025897063478355062 1.2287223324108304e-07 0.00021580886231962551
61 0.089912048107534184 9.2772995972111829e-07 0.00074926706756278487
62 0.18177049940441237 3.2560240105388314e-06 0.0015147541617034363
63 0.29752633891926189 8.1217573735124153e-06 0.0024793861576605158
64 0.43474490759698114 1.6620516777589065e-05 0.0036228742299748429
65 0.59168122685187652 2.9880775610499409e-05 0.0049306768904323044
66 0.76697864097307522 4.9042222368878345e-05 0.0063914886747756267
67 0.95952605912757949 7.5243362509765815e-05 0.0079960504927298285
68 1.1683798193361559 0.00010961177184525133 0.0097364984944679663
69 1.3927166564221851 0.00015325579087598117 0.011605972136851543
70 1.6318033760361277 0.00020725769498600353 0.01359836146696773
71 1.8849760900809833 0.00027266813661861041 0.015708134084008195
72 2.1516244657451886 0.00035050078921482089 0.017930203881209906
73 2.4311757264689713 0.00044172338448446265 0.020259797720574759
74 2.723068018177115 0.00054723433450107664 0.022692233484809293
75 3.0266921055626499 0.00066780088510240844 0.025222434213022081
76 3.3412676109277055 0.00080391907827384004 0.027843896757730878
77 3.6656179180227877 0.00095555340857050809 0.03054681598352323
78 3.9978360848225249 0.0011217495124737928 0.033315300706854373
79 4.3349022476262942 0.0013001985051016094 0.036124185396885784
80 4.6723974594280202 0.0014869338958680928 0.038936645495233499
81 5.0045000100645902 0.0016763831581795227 0.04170416675053825
82 5.3243907046045917 0.001861904089076526 0.044369922538371596
83 5.6250366003684569 0.00203672730253346 0.046875305003070473
84 5.9001500191133172 0.0021950221443963361 0.049167916825944312
85 6.1450371746900867 0.0023327378105976408 0.051208643122417387
86 6.3571039882311045 0.002447984361078437 0.052975866568592538
87 6.5359325014244138 0.0025409230819854866 0.054466104178536784
88 6.6829906891930762 0.002613304834170928 0.055691589076608969
89 6.8011248109055007 0.0026678628657303303 0.056676040090879169
90 6.8939931830660921 0.0027077377767576231 0.057449943192217433
91 6.9655593347330678 0.0027360353480967302 0.058046327789442229
92 7.0197056612821838 0.0027555484426081125 0.058497547177351533
93 7.0599814606842406 0.002768621692659142 0.058833178839035341
94 7.0894691395786378 0.0027771216127419353 0.059078909496488648
95 7.1107400617155241 0.002782470755965401 0.059256167180962702
96 7.1258700889969449 0.0027857134964565807 0.059382250741641204
97 7.1364895075507215 0.0027875912172001995 0.059470745896256012
98 7.143848554611905 0.0027886138659359836 0.059532071288432541
99 7.1488861178833236 0.0027891212539972077 0.059574050982361029
100 7.1522939756249837 0.0027893329179933639 0.059602449796874866
101 7.1545731280401554 0.0027893854921437439 0.059621442733667963
102 7.1560805903054581 0.0027893607655736521 0.059634004919212148
103 7.1570669594704874 0.0027893052109962055 0.059642224662254065
104 7.1577056424961283 0.0027892434637173686 0.059647547020801071
105 7.1581150050754392 0.0027891871796968822 0.059650958375628657
106 7.1583747998591356 0.0027891407400140195 0.059653123332159462
107 7.1585380939187102 0.0027891047419164377 0.059654484115989254
108 7.1586397758934579 0.0027890780450013086 0.059655331465778817
109 7.1587024880528185 0.0027890590635254267 0.059655854067106821
110 7.1587408800780068 0.0027890456165025946 0.059656174000650056
111 7.1587641418482955 0.002789036533906161 0.059656367848735799
112 7.1587781433827002 0.0027890303939661072 0.059656484528189169
113 7.158786483651042 0.0027890264980274127 0.05965655403042535
114 7.1587914315242775 0.0027890240100516966 0.059656595262702311
115 7.1587943523465016 0.0027890223511382096 0.059656619602887512
116 7.1587960571329061 0.002789021271821538 0.059656633809440883
117 7.1587970415980768 0.0027890205813882601 0.059656642013317308
118 7.1587976040388082 0.0027890201450693859 0.059656646700323404
119 7.1587979217721021 0.0027890198792299499 0.059656649348100853
120 7.1587980997894247 0.0027890197177041177 0.059656650831578541
121 7.1587981985650426 0.0027890196209436426 0.059656651654708688
122 7.1587982529100005 0.0027890195634982747 0.059656652107583336
123 7.1587982825146188 0.0027890195303646916 0.059656652354288492
124 7.1587982985318517 0.0027890195112666122 0.05965665248776543
125 7.1587983071274151 0.0027890195004670604 0.059656652559395125
126 7.1587983117149863 0.0027890194943377957 0.059656652597624885
127 7.1587983141293678 0.0027890194909433196 0.059656652617744735
128 7.1587983141293678 0.0027890194909433196 0.059656652617744735
129 7.1587983141293678 0.0027890194909433196 0.059656652617744735
130 7.1587983141293678 0.0027890194909433196 0.059656652617744735
131 7.1587983141293678 0.0027890194909433196 0.059656652617744735
132 7.1587983141293678 0.0027890194909433196 0.059656652617744735
133 7.1587983141293678 0.0027890194909433196 0.059656652617744735
134 7.1587983141293678 0.0027890194909433196 0.059656652617744735
135 7.1587983141293678 0.0027890194909433196 0.059656652617744735
136 7.1587983141293678 0.0027890194909433196 0.059656652617744735
137 7.1587983141293678 0.0027890194909433196 0.059656652617744735
138 7.1587983141293678 0.0027890194909433196 0.059656652617744735
139 7.1587983141293678 0.0027890194909433196 0.059656652617744735
140 7.1587983141293678 0.0027890194909433196 0.059656652617744735
141 7.1587983141293678 0.0027890194909433196 0.059656652617744735
142 7.1587983141293678 0.0027890194909433196 0.059656652617744735
143 7.1587983141293678 0.0027890194909433196 0.059656652617744735
144 7.1587983141293678 0.0027890194909433196 0.059656652617744735
145 7.1587983141293678 0.0027890194909433196 0.059656652617744735
146 7.1587983141293678 0.0027890194909433196 0.059656652617744735
147 7.1587983141293678 0.0027890194909433196 0.059656652617744735
148 7.1587983141293678 0.0027890194909433196 0.059656652617744735
149 7.1587983141293678 0.0027890194909433196 0.059656652617744735
150 7.1587983141293678 0.0027890194909433196 0.059656652617744735
151 7.1587983141293678 0.0027890194909433196 0.059656652617744735
152 7.1587983141293678 0.0027890194909433196 0.059656652617744735
153 7.1587983141293678 0.0027890194909433196 0.059656652617744735
154 7.1587983141293678 0.0027890194909433196 0.059656652617744735
155 7.1587983141293678 0.0027890194909433196 0.059656652617744735
156 7.1587983141293678 0.0027890194909433196 0.059656652617744735
157 7.1587983141293678 0.0027890194909433196 0.059656652617744735
158 7.1587983141293678 0.0027890194909433196 0.059656652617744735
159 7.1587983141293678 0.0027890194909433196 0.059656652617744735
160 7.1587983141293678 0.0027890194909433196 0.059656652617744735
161 7.1587983141293678 0.0027890194909433196 0.059656652617744735
162 7.1587983141293678 0.0027890194909433196 0.059656652617744735
163 7.1587983141293678 0.0027890194909433196 0.059656652617744735
164 7.1587983141293678 0.0027890194909433196 0.059656652617744735
165 7.1587983141293678 0.0027890194909433196 0.059656652617744735
166 7.1587983141293678 0.0027890194909433196 0.059656652617744735
167 7.1587983141293678 0.0027890194909433196 0.059656652617744735
168 7.1587983141293678 0.0027890194909433196 0.059656652617744735
169 7.1587983141293678 0.0027890194909433196 0.059656652617744735
170 7.1587983141293678 0.0027890194909433196 0.059656652617744735
171 7.1587983141293678 0.0027890194909433196 0.059656652617744735
172 7.1587983141293678 0.0027890194909433196 0.059656652617744735
173 7.1587983141293678 0.0027890194909433196 0.059656652617744735
174 7.1587983141293678 0.0027890194909433196 0.059656652617744735
175 7.1587983141293678 0.0027890194909433196 0.059656652617744735
176 7.1587983141293678 0.0027890194909433196 0.059656652617744735
177 7.1587983141293678 0.0027890194909433196 0.059656652617744735
178 7.1587983141293678 0.0027890194909433196 0.059656652617744735
179 7.1587983141293678 0.0027890194909433196 0.059656652617744735
180 7.1587983141293678 0.0027890194909433196 0.059656652617744735
181 7.1587983141293678 0.0027890194909433196 0.059656652617744735
182 7.1587983141293678 0.0027890194909433196 0.059656652617744735
183 7.1587983141293678 0.0027890194909433196 0.059656652617744735
184 7.1587983141293678 0.0027890194909433196 0.059656652617744735
185 7.1587983141293678 0.0027890194909433196 0.059656652617744735
186 7.1587983141293678 0.0027890194909433196 0.059656652617744735
187 7.1587983141293678 0.0027890194909433196 0.059656652617744735
188 7.1587983141293678 0.0027890194909433196 0.059656652617744735
189 7.1587983141293678 0.0027890194909433196 0.059656652617744735
190 7.1587983141293678 0.0027890194909433196 0.059656652617744735
191 7.1587983141293678 0.0027890194909433196 0.059656652617744735
192 7.1587983141293678 0.0027890194909433196 0.059656652617744735
193 7.1587983141293678 0.0027890194909433196 0.059656652617744735
194 7.1587983141293678 0.0027890194909433196 0.059656652617744735
195 7.1587983141293678 0.0027890194909433196 0.059656652617744735
196 7.1587983141293678 0.0027890194909433196 0.059656652617744735
197 7.1587983141293678 0.0027890194909433196 0.059656652617744735
198 7.1587983141293678 0.0027890194909433196 0.059656652617744735
199 7.1587983141293678 0.0027890194909433196 0.059656652617744735
200 7.1587983141293678 0.0027890194909433196 0.059656652617744735
201 7.1587983141293678 0.0027890194909433196 0.059656652617744735
202 7.1587983141293678 0.0027890194909433196 0.059656652617744735
203 7.1587983141293678 0.0027890194909433196 0.059656652617744735
204 7.1587983141293678 0.0027890194909433196 0.059656652617744735
205 7.1587983141293678 0.0027890194909433196 0.059656652617744735
206 7.1587983141293678 0.0027890194909433196 0.059656652617744735
207 7.1587983141293678 0.0027890194909433196 0.059656652617744735
208 7.1587983141293678 0.0027890194909433196 0.059656652617744735
209 7.1587983141293678 0.0027890194909433196 0.059656652617744735
210 7.1587983141293678 0.0027890194909433196 0.059656652617744735
211 7.1587983141293678 0.0027890194909433196 0.059656652617744735
212 7.1587983141293678 0.0027890194909433196 0.059656652617744735
213 7.1587983141293678 0.0027890194909433196 0.059656652617744735
214 7.1587983141293678 0.0027890194909433196 0.059656652617744735
215 7.1587983141293678 0.0027890194909433196 0.059656652617744735
216 7.1587983141293678 0.0027890194909433196 0.059656652617744735
217 7.1587983141293678 0.0027890194909433196 0.059656652617744735
218 7.1587983141293678 0.0027890194909433196 0.059656652617744735
219 7.1587983141293678 0.0027890194909433196 0.059656652617744735
220 7.1587983141293678 0.0027890194909433196 0.059656652617744735
221 7.1587983141293678 0.0027890194909433196 0.059656652617744735
222 7.1587983141293678 0.0027890194909433196 0.059656652617744735
223 7.1587983141293678 0.0027890194909433196 0.059656652617744735
224 7.1587983141293678 0.0027890194909433196 0.059656652617744735
225 7.1587983141293678 0.0027890194909433196 0.059656652617744735
226 7.1587983141293678 0.0027890194909433196 0.059656652617744735
227 7.1587983141293678 0.0027890194909433196 0.059656652617744735
228 7.1587983141293678 0.0027890194909433196 0.059656652617744735
229 7.1587983141293678 0.0027890194909433196 0.059656652617744735
230 7.1587983141293678 0.0027890194909433196 0.059656652617744735
231 7.1587983141293678 0.0027890194909433196 0.059656652617744735
232 7.1587983141293678 0.0027890194909433196 0.059656652617744735
233 7.1587983141293678 0.0027890194909433196 0.059656652617744735
234 7.1587983141293678 0.0027890194909433196 0.059656652617744735
235 7.1587983141293678 0.0027890194909433196 0.059656652617744735
236 7.1587983141293678 0.0027890194909433196 0.059656652617744735
237 7.1587983141293678 0.0027890194909433196 0.059656652617744735
238 7.1587983141293678 0.0027890194909433196 0.059656652617744735
239 7.1587983141293678 0.0027890194909433196 0.059656652617744735
240 7.1587983141293678 0.0027890194909433196 0.059656652617744735
241 7.1587983141293678 0.0027890194909433196 0.059656652617744735
242 7.1587983141293678 0.0027890194909433196 0.059656652617744735
243 7.1587983141293678 0.0027890194909433196 0.059656652617744735
244 7.1587983141293678 0.0027890194909433196 0.059656652617744735
245 7.1587983141293678 0.0027890194909433196 0.059656652617744735
246 7.1587983141293678 0.0027890194909433196 0.059656652617744735
247 7.1587983141293678 0.0027890194909433196 0.059656652617744735
248 7.1587983141293678 0.0027890194909433196 0.059656652617744735
249 7.1587983141293678 0.0027890194909433196 0.059656652617744735
250 7.1587983141293678 0.0027890194909433196 0.059656652617744735
251 7.1587983141293678 0.0027890194909433196 0.059656652617744735
252 7.1587983141293678 0.0027890194909433196 0.059656652617744735
253 7.1587983141293678 0.0027890194909433196 0.059656652617744735
254 7.1587983141293678 0.0027890194909433196 0.059656652617744735
255 7.1587983141293678 0.0027890194909433196 0.059656652617744735
256 7.1587983141293678 0.0027890194909433196 0.059656652617744735
257 7.1587983141293678 0.0027890194909433196 0.059656652617744735
258 7.1587983141293678 0.0027890194909433196 0.059656652617744735
259 7.1587983141293678 0.0027890194909433196 0.059656652617744735
260 7.1587983141293678 0.0027890194909433196 0.059656652617744735
261 7.1587983141293678 0.0027890194909433196 0.059656652617744735
262 7.1587983141293678 0.0027890194909433196 0.059656652617744735
263 7.1587983141293678 0.0027890194909433196 0.059656652617744735
264 7.1587983141293678 0.0027890194909433196 0.059656652617744735
265 7.1587983141293678 0.0027890194909433196 0.059656652617744735
266 7.1587983141293678 0.0027890194909433196 0.059656652617744735
267 7.1587983141293678 0.0027890194909433196 0.059656652617744735
268 7.1587983141293678 0.0027890194909433196 0.059656652617744735
269 7.1587983141293678 0.0027890194909433196 0.059656652617744735
270 7.1587983141293678 0.0027890194909433196 0.059656652617744735
271 7.1587983141293678 0.0027890194909433196 0.059656652617744735
272 7.1587983141293678 0.0027890194909433196 0.059656652617744735
273 7.1587983141293678 0.0027890194909433196 0.059656652617744735
274 7.1587983141293678 0.0027890194909433196 0.059656652617744735
275 7.1587983141293678 0.0027890194909433196 0.059656652617744735
276 7.1587983141293678 0.0027890194909433196 0.059656652617744735
277 7.1587983141293678 0.0027890194909433196 0.059656652617744735
278 7.1587983141293678 0.0027890194909433196 0.059656652617744735
279 7.1587983141293678 0.0027890194909433196 0.059656652617744735
280 7.1587983141293678 0.0027890194909433196 0.059656652617744735
281 7.1587983141293678 0.0027890194909433196 0.059656652617744735
282 7.1587983141293678 0.0027890194909433196 0.059656652617744735
283 7.1587983141293678 0.0027890194909433196 0.059656652617744735
284 7.1587983141293678 0.0027890194909433196 0.059656652617744735
285 7.1587983141293678 0.0027890194909433196 0.059656652617744735
286 7.1587983141293678 0.0027890194909433196 0.059656652617744735
287 7.1587983141293678 0.0027890194909433196 0.059656652617744735
288 7.1587983141293678 0.0027890194909433196 0.059656652617744735
289 7.1587983141293678 0.0027890194909433196 0.059656652617744735
290 7.1587983141293678 0.0027890194909433196 0.059656652617744735
291 7.1587983141293678 0.0027890194909433196 0.059656652617744735
292 7.1587983141293678 0.0027890194909433196 0.059656652617744735
293 7.1587983141293678 0.0027890194909433196 0.059656652617744735
294 7.1587983141293678 0.0027890194909433196 0.059656652617744735
295 7.1587983141293678 0.0027890194909433196 0.059656652617744735
296 7.1587983141293678 0.0027890194909433196 0.059656652617744735
297 7.1587983141293678 0.0027890194909433196 0.059656652617744735
298 7.1587983141293678 0.0027890194909433196 0.059656652617744735
299 7.1587983141293678 0.0027890194909433196 0.059656652617744735
300 6.7228641306489498 0.0027022491919471091 0.056023867755407915
301 6.3104446973844128 0.0026068431380074702 0.052587039144870104
302 5.9207474236891962 0.0025051048105268138 0.049339561864076634
303 5.5529682631278909 0.0023990936828665022 0.046274735526065758
304 5.2062924033238573 0.0022905853978365952 0.043385770027698813
305 4.8798957037010116 0.0021810895891781847 0.040665797530841763
306 4.5729466523651299 0.0020718743362045343 0.038107888769709414
307 4.2846087814661251 0.0019639906748468738 0.035705073178884376
308 4.0140435002456059 0.0018582954492308405 0.033450362502046714
309 3.7604132537668917 0.0017554727939480201 0.031336777114724094
310 3.5228849094829018 0.0016560543218525029 0.029357374245690848
311 3.3006332792290327 0.001560438302276608 0.027505277326908606
312 3.0928446627212658 0.0014689071142766842 0.025773705522677215
313 2.8987203078085444 0.0013816438512056696 0.024156002565071204
314 2.7174796950341755 0.0012987474622847396 0.022645664125284796
315 2.548363556174313 0.0012202465265197008 0.021236362968119274
316 2.3906365624909807 0.0011461118287161062 0.019921971354091506
317 2.2435896319674886 0.001076267547520917 0.01869658026639574
318 2.1065418231127979 0.0010106011501749186 0.017554515192606649
319 1.9788418037711908 0.00094897203862413652 0.016490348364759922
320 1.8598688977659947 0.00089121898290943477 0.01549890748138329
321 1.7490337190269334 0.00083716655990651154 0.014575280991891112
322 1.6457784423843833 0.00078663027538814205 0.013714820353203195
323 1.5495767148116419 0.00073942118536910839 0.012913139290097016
324 1.4599332706884374 0.00069534923393284906 0.012166110589070311
325 1.3763833018920313 0.00065422630411640561 0.011469860849100261
326 1.2984915907514507 0.00061586828559933508 0.010820763256262089
327 1.2258514929151356 0.00058009680497488915 0.01021542910762613
328 1.1580837717894488 0.00054674042670325041 0.0096506980982454058
329 1.0948353484146796 0.00051563550820508421 0.0091236279034556632
330 1.0357779842921171 0.00048662672690556134 0.0086314832024343095
331 0.98060692788077042 0.00045956737074827499 0.0081717243990064199
332 0.92903955151649953 0.00043431941917687812 0.0077419962626374961
333 0.8808139970208031 0.00041075348287049167 0.0073401166418400254
334 0.83568784503530535 0.00038874861442297003 0.0069640653752942117
335 0.79343682201942234 0.00036819204045847754 0.0066119735168285194
336 0.75385355343975824 0.00034897882678892189 0.0062821129453313187
337 0.71674637106729233 0.00033101150491378714 0.0059728864255607691
338 0.68193826159667315 0.00031419977996257931 0.0056828188466389431
339 0.64926545141593961 0.00029845967660388186 0.0054105454284661637
340 0.61857692433742839 0.00028371380692358649 0.0051548077028119033
341 0.58973311053144373 0.00026989049088853848 0.0049144425877620307
342 0.56260509425442728 0.0002569234792516491 0.0046883757854535605
343 0.53707378754728752 0.00024475156774422205 0.0044756148962273963
344 0.51302916326769732 0.00023331823143572775 0.0042752430272308111
345 0.49036954314137521 0.00022257127569622208 0.0040864128595114605
346 0.46900093861018677 0.00021246250768086703 0.0039083411550848894
347 0.44883644219159052 0.00020294742942326667 0.0037403036849299209
348 0.42979571043597409 0.00019398497786483361 0.003581630920299784
349 0.41180426003312232 0.00018553713957823723 0.0034317021669426858
350 0.39479331775841708 0.00017756890758098507 0.0032899443146534755
351 0.37869902203072314 0.00017004783847443414 0.0031558251835893595
352 0.36346232044599547 0.00016294400368979664 0.0030288526703832956
353 0.34902845891043127 0.00015622971834151084 0.0029085704909202607
354 0.33534655509621142 0.00014987932577901377 0.0027945546258017618
355 0.32236948731194359 0.0001438691227200929 0.0026864123942661965
356 0.310053494094505 0.00013817715060815549 0.0025837791174542083
357 0.29835784255945097 0.00013278303779614499 0.0024863153546620916
358 0.28724476914930275 0.00012766793213975298 0.0023937064095775227
359 0.27667905733543213 0.00012281431806873013 0.0023056588111286013
360 0.26662802005621367 0.00011820596436164296 0.0022219001671351141
361 0.25706113989829904 0.00011382777674405545 0.0021421761658191587
362 0.24795004186941405 0.00010966574482337502 0.002066250348911784
363 0.23926826789327554 0.00010570683941334074 0.001993902232443963
364 0.23099109173298518 0.00010193893099082767 0.0019249257644415431
365 0.22309548136697754 9.8350737250179517e-05 0.0018591290113914795
366 0.21555992319114989 9.493174736722288e-05 0.0017963326932595824
367 0.20836427645473027 9.16721597224281e-05 0.0017363689704560856
368 0.20148975712219788 8.856283959906197e-05 0.0016790813093516489
369 0.19491874710468923 8.5595257066142729e-05 0.001624322892539077
370 0.18863479516542964 8.2761451309472557e-05 0.0015719566263785803
371 0.1826224535927283 8.0053980607451428e-05 0.0015218537799394024
372 0.17686727310409575 7.7465889782475311e-05 0.0014738939425341312
373 0.17135570185033822 7.4990671569324021e-05 0.0014279641820861518
374 0.16607500243588383 7.2622233506611626e-05 0.0013839583536323652
375 0.16101324601467731 7.0354870576211826e-05 0.001341777050122311
376 0.15615920075494416 6.8183235018828272e-05 0.001301326672957868
377 0.15150233565758994 6.6102312429546344e-05 0.0012625194638132495
378 0.14703272444728813 6.4107397203283625e-05 0.0012252727037274011
379 0.142741049945905 6.2194071610817138e-05 0.0011895087495492084
380 0.13861852065950953 6.035818599523778e-05 0.0011551543388292459
381 0.13465687139045038 5.8595839283528462e-05 0.0011221405949204198
382 0.13084831189637414 5.6903362621619737e-05 0.001090402599136451
383 0.12718548547051448 5.5277303693208947e-05 0.0010598790455876206
384 0.12366146780412461 5.3714411905685078e-05 0.0010305122317010385
385 0.12026970906268046 5.2211625493319905e-05 0.0010022475755223372
386 0.1170040381578492 5.0766057912159173e-05 0.00097503365131540996
387 0.11385861197208121 4.937498752768352e-05 0.00094882176643401009
388 0.11082791980697641 4.8035845684936674e-05 0.00092356599839147008
389 0.10790673878650622 4.6746208470774988e-05 0.00089922282322088521
390 0.10509013841103991 4.5503785168463342e-05 0.00087575115342533258
391 0.10237344127337447 4.4306412074635e-05 0.00085311201061145394
392 0.099752227681749392 4.3152042463927221e-05 0.00083126856401457823
393 0.097222303616935166 4.2038740124602481e-05 0.00081018586347445974
394 0.094779695757568144 4.0964672172536797e-05 0.00078983079797973453
395 0.09242063537332823 3.9928106441558097e-05 0.0007701719614444019
396 0.090141547373283545 3.8927399729312891e-05 0.00075117956144402954
397 0.087939039194455407 3.7960994991711428e-05 0.00073282532662046168
398 0.085809889177247273 3.7027415112977714e-05 0.00071508240981039398
399 0.083751037213099955 3.6125259567215314e-05 0.00069792531010916628
400 0.081759575036729856 3.5253198583985989e-05 0.00068132979197274882
401 0.079832741159121742 3.4409965078475321e-05 0.00066527284299268115
402 0.07796790191781236 3.3594365271787634e-05 0.00064973251598176966
403 0.076162555231557322 3.2805259692738513e-05 0.00063468796026297763
404 0.074414319456161282 3.2041565051959121e-05 0.00062011932880134404
405 0.072720925053143481 3.1302252985637931e-05 0.00060600770877619571
406 0.071080214927969565 3.0586339240982705e-05 0.0005923351243997464
407 0.069490128527501138 2.989289265373573e-05 0.00057908440439584277
408 0.067948703125966764 2.9221024635771525e-05 0.00056623919271638968
409 0.066454066910140108 2.8569888692155822e-05 0.00055378389091783426
410 0.065004434115826432 2.7938678113052472e-05 0.00054170361763188697
411 0.063598100457721365 2.7326623808675097e-05 0.00052998417048101141
412 0.062233436412275821 2.6732994101699966e-05 0.0005186119701022985
413 0.060908892948585688 2.6157085484009652e-05 0.00050757410790488078
414 0.059622982871605161 2.5598231879053046e-05 0.00049685819059670973
415 0.058374287307540684 2.5055795555442249e-05 0.00048645239422950571
416 0.057161449769989631 2.4529167401200285e-05 0.00047634541474991359
417 0.055983172984412535 2.4017765433900061e-05 0.00046652644153677111
418 0.054838215895153364 2.3521033398530266e-05 0.00045698513245961134
419 0.053725389417801576 2.3038440340950164e-05 0.00044771157848167982
420 0.0526435594772253 2.2569475760915602e-05 0.00043869632897687751
421 0.051591635926653549 2.2113653885064211e-05 0.00042993029938877958
422 0.050568575918314138 2.1670508908938601e-05 0.00042140479931928449
423 0.049573380217973965 2.1239594874306245e-05 0.00041311150181644969
424 0.048605091089619558 2.0820484686472649e-05 0.00040504242574682965
425 0.047662790296276292 2.0412769186785165e-05 0.00039718991913563576
426 0.046745597209926104 2.0016056276888873e-05 0.00038954664341605085
427 0.045852667023919914 1.9629970091519889e-05 0.00038210555853266596
428 0.044983189061611244 1.9254150216822084e-05 0.00037485990884676034
429 0.044136385175564265 1.8888250951412699e-05 0.00036780320979636885
430 0.043311508231812013 1.8531940607565543e-05 0.00036092923526510011
431 0.042507840674211428 1.818490085009677e-05 0.00035423200561842858
432 0.041724693164138953 1.7846826070673838e-05 0.00034770577636782459
433 0.040961403291109179 1.7517422795428559e-05 0.0003413450274259098
434 0.040217334350226036 1.7196409123899648e-05 0.00033514445291855032
435 0.039491874182588753 1.6883514197456929e-05 0.00032909895152157296
436 0.038784434075047836 1.657847769547565e-05 0.00032320361729206527
437 0.038094447715931769 1.628104935764925e-05 0.00031745373096609807
438 0.037421370203575048 1.5990988530926828e-05 0.00031184475169645875
439 0.036764677104672842 1.5708063739657354e-05 0.00030637230920560704
440 0.036123863559677928 1.5432052277618494e-05 0.0003010321963306494
441 0.035498443432617557 1.5162739820679672e-05 0.00029582036193847965
442 0.034887948502876395 1.4899920058941312e-05 0.00029073290419063662
443 0.034291927696623085 1.4643394347245922e-05 0.00028576606413852572
444 0.033709946355715184 1.4392971373042915e-05 0.00028091621963095988
445 0.033141585542040566 1.4148466840638137e-05 0.00027617987951700473
446 0.032586441375377438 1.3909703170927679e-05 0.00027155367812814533
447 0.032044124402968083 1.367650921576504e-05 0.00026703437002473403
448 0.031514258999109125 1.3448719986163797e-05 0.00026261882499257604
449 0.030996482793161542 1.3226176393586712e-05 0.00025830402327634618
450 0.030490446124477402 1.3008725003616861e-05 0.0002540870510373117
451 0.02999581152282782 1.2796217801346791e-05 0.00024996509602356518
452 0.029512253212999304 1.258851196786341e-05 0.00024593544344166086
453 0.029039456642301838 1.2385469667239867e-05 0.00024199547201918199
454 0.028577118029805042 1.2186957843484046e-05 0.00023814265024837535
455 0.028124943936184889 1.1992848026919965e-05 0.00023437453280154074
456 0.027682650853128009 1.1803016149513708e-05 0.00023068875710940007
457 0.027249964811298988 1.1617342368679926e-05 0.00022708304009415824
458 0.026826621005932229 1.1435710899132896e-05 0.00022355517504943524
459 0.026412363439162152 1.1258009852371194e-05 0.0002201030286596846
460 0.026006944578254539 1.1084131083407027e-05 0.00021672453815212115
461 0.025610125028947911 1.0913970044373524e-05 0.00021341770857456592
462 0.025221673223157777 1.0747425644665563e-05 0.00021018061019298148
463 0.024841365120336495 1.0584400117285299e-05 0.00020701137600280412
464 0.024468983921820821 1.0424798891085715e-05 0.00020390819934850685
465 0.02410431979753434 1.0268530468618104e-05 0.00020086933164611951
466 0.023747169624447326 1.0115506309311334e-05 0.0001978930802037277
467 0.023397336736226831 9.9656407177183069e-06 0.00019497780613522358
468 0.0230546306835414 9.8188507365853601e-06 0.000192121922362845
469 0.022718867004512533 9.675056044511027e-06 0.00018932389170427111
470 0.022389867004831584 9.5341788579722041e-06 0.0001865822250402632
471 0.022067457547086635 9.3961438375104104e-06 0.00018389547955905528
472 0.021751470848866694 9.260877997877894e-06 0.00018126225707388913
473 0.021441744289233972 9.1283106219580203e-06 0.00017868120241028309
474 0.021138120223175367 8.998373178281148e-06 0.00017615100185979472
475 0.020840445803664509 8.8709992419672442e-06 0.00017367038169720423
476 0.020548572810984617 8.7461244189361936e-06 0.00017123810675820516
477 0.020262357488980174 8.623686273234306e-06 0.00016885297907483479
478 0.019981660387921735 8.5036242573317061e-06 0.00016651383656601446
479 0.0197063462136851 8.3858796452569578e-06 0.00016421955178070916
480 0.019436283682959715 8.2703954684363072e-06 0.00016196903069133097
481 0.019171345384216568 8.1571164541172115e-06 0.00015976121153513806
482 0.018911407644178407 8.0459889662577942e-06 0.00015759506370148672
483 0.018656350399548202 7.936960948772022e-06 0.00015546958666290167
484 0.018406057073763468 7.8299818710246584e-06 0.00015338380894802889
485 0.018160414458555877 7.7250026754767154e-06 0.00015133678715463232
486 0.017919312600105659 7.6219757273851473e-06 0.00014932760500088049
487 0.017682644689591048 7.5208547664668794e-06 0.00014735537241325873
488 0.017450306957942311 7.4215948604406365e-06 0.00014541922464951927
489 0.017222198574619266 7.3241523603651763e-06 0.00014351832145516056
490 0.016998221550239501 7.2284848576951268e-06 0.00014165184625199585
491 0.016778280642893086 7.1345511429808814e-06 0.00013981900535744239
492 0.016562283267987005 7.0423111661412906e-06 0.00013801902723322503
493 0.016350139411470267 6.9517259982427837e-06 0.00013625116176225221
494 0.016141761546297061 6.8627577947191849e-06 0.00013451467955247551
495 0.015937064551992678 6.7753697599728551e-06 0.00013280887126660565
496 0.015735965637192605 6.6895261132976807e-06 0.00013113304697660505
497 0.015538384265031513 6.6051920560691313e-06 0.00012948653554192927
498 0.015344242081264324 6.5223337401478769e-06 0.00012786868401053604
499 0.015153462845007138 6.4409182374469645e-06 0.00012627885704172615
500 0.014965972361990768 6.3609135106144551e-06 0.00012471643634992308
501 0.014781698420224405 6.2822883847847601e-06 0.00012318082016853671
502 0.014600570727971815 6.2050125203558813e-06 0.00012167142273309845
503 0.01442252085394673 6.1290563867502945e-06 0.00012018767378288942
504 0.014247482169638009 6.0543912371188814e-06 0.00011872901808031674
505 0.014075389793679749 5.9809890839511472e-06 0.00011729491494733124
506 0.013906180538184543 5.9088226755538107e-06 0.00011588483781820452
507 0.013739792856962262 5.8378654733639032e-06 0.00011449827380801885
508 0.013576166795549878 5.7680916300626925e-06 0.00011313472329624899
509 0.013415243942981197 5.6994759684589981e-06 0.0001117936995248433
510 0.013256967385228297 5.6319939611107242e-06 0.0001104747282102358
511 0.013101281660249774 5.5656217106565741e-06 0.00010917734716874812
512 0.012948132714583321 5.5003359308294115e-06 0.00010790110595486101
513 0.012797467861423032 5.4361139281247951e-06 0.00010664556551185859
514 0.012649235740124441 5.3729335840995472e-06 0.00010541029783437033
515 0.012503386277082543 5.3107733382756276e-06 0.00010419488564235452
516 0.012359870647930577 5.2496121716264172e-06 0.00010299892206608815
517 0.012218641241009345 5.1894295906226588e-06 0.00010182201034174454
518 0.012079651622059127 5.1302056118170223e-06 0.00010066376351715939
519 0.01194285650008816 5.0719207469466247e-06 9.9523804167401332e-05
520 0.011808211694373716 5.0145559885344264e-06 9.8401764119780967e-05
521 0.01167567410255327 4.9580927959696624e-06 9.7297284187943916e-05
522 0.011545201669765562 4.9025130820505618e-06 9.6210013914713012e-05
523 0.011416753358802545 4.8477991999714288e-06 9.5139611323354539e-05
524 0.011290289121234963 4.7939339307374006e-06 9.4085742676958023e-05
525 0.011165769869475957 4.7409004709916562e-06 9.3048082245632973e-05
526 0.011043157449748379 4.688682421239536e-06 9.2026312081236494e-05
527 0.010922414615922815 4.637263774454593e-06 9.1020121799356793e-05
528 0.010803505004195054 4.5866289050537294e-06 9.0029208368292118e-05
529 0.010686393108572417 4.5367625582267527e-06 8.9053275904770143e-05
530 0.010571044257140028 4.4876498396081587e-06 8.8092035476166895e-05
531 0.010457424589079124 4.4392762052788178e-06 8.7145204908992694e-05
532 0.010345501032410592 4.3916274520856347e-06 8.6212508603421593e-05
533 0.010235241282437848 4.3446897082672487e-06 8.5293677353648741e-05
534 0.010126664787850036 4.2984690866950451e-06 8.4388873232083626e-05
535 0.010019688197671796 4.2529321396229582e-06 8.3497401647264971e-05
536 0.0099142814311024442 4.2080659513720925e-06 8.2619011925853699e-05
537 0.0098104150934392904 4.1638579025430473e-06 8.1753459111994083e-05
538 0.0097080604577199289 4.1202956620354321e-06 8.0900503814332743e-05
539 0.0096071894469271259 4.077367179313856e-06 8.0059912057726043e-05
540 0.0095077746167369411 4.0350606769118392e-06 7.9231455139474504e-05
541 0.0094097891387913135 3.9933646431650024e-06 7.8414909489927609e-05
542 0.0093132067844773452 3.9522678251663123e-06 7.7610056537311207e-05
543 0.0092180019091958904 3.9117592219353274e-06 7.6816682576632414e-05
544 0.0091241494371028468 3.8718280777940511e-06 7.6034578642523719e-05
545 0.0090316248463072242 3.8324638759426728e-06 7.5263540385893531e-05
546 0.0089404041545105839 3.7936563322282442e-06 7.4503367954254862e-05
547 0.0088504639050729448 3.7553953890995062e-06 7.3753865875607878e-05
548 0.0087617811534911449 3.717671209742441e-06 7.3014842945759542e-05
549 0.0086743334542755384 3.6804741723890491e-06 7.2286112118962815e-05
550 0.0085880988482122285 3.6437948647951917e-06 7.1567490401768565e-05
551 0.0085030558499978193 3.6076240788806774e-06 7.0858798749981824e-05
552 0.0084191834362344706 3.5719528055266106e-06 7.0159861968620589e-05
553 0.008336461033773522 3.5367722295249031e-06 6.9470508614779346e-05
554 0.0082548685083962646 3.5020737246750136e-06 6.879057090330221e-05
555 0.0081743861538207362 3.4678488490223588e-06 6.8119884615172797e-05
556 0.0080949946810242625 3.4340893402350679e-06 6.7458289008535518e-05
557 0.0080166752078712229 3.4007871111131844e-06 6.6805626732260187e-05
558 0.0079394092490364127 3.3679342452269794e-06 6.6161743741970102e-05
559 0.0078631787062144916 3.3355229926799096e-06 6.55264892184541e-05
560 0.0077879658586062859 3.3035457659920201e-06 6.4899715488385718e-05
561 0.0077137533536732203 3.2719951361001764e-06 6.4281277947276838e-05
562 0.0076405241981513479 3.2408638284713821e-06 6.3671034984594561e-05
563 0.0075682617493167143 3.2101447193253226e-06 6.3068847910972622e-05
564 0.0074969497064942599 3.1798308319631012e-06 6.2474580887452165e-05
565 0.0074265721028024508 3.1499153331982969e-06 6.1888100856687084e-05
566 0.0073571132971264287 3.1203915298876159e-06 6.1309277476053573e-05
567 0.0072885579663124521 3.0912528655576534e-06 6.0737983052603769e-05
568 0.0072208910975767749 3.0624929171248839e-06 6.0174092479806457e-05
569 0.0071540979811223872 3.0341053917061236e-06 5.9617483176019894e-05
570 0.0070881642029571304 3.0060841235164038e-06 5.906803502464275e-05
571 0.0070230756379070112 2.9784230708515694e-06 5.8525630315891759e-05
572 0.006958818442818827 2.9511163131533746e-06 5.7990153690156893e-05
573 0.0068953790499461749 2.9241580481539111e-06 5.7461492082884793e-05
574 0.006832744160513409 2.8975425890975138e-06 5.6939534670945076e-05
575 0.0067709007384521049 2.8712643620375863e-06 5.6424172820434206e-05
576 0.0067098360043047495 2.8453179032057582e-06 5.5915300035872912e-05
577 0.006649537429290764 2.8196978564517728e-06 5.541281191075637e-05
578 0.0065899927295298691 2.7943989707514293e-06 5.4916606079415578e-05
579 0.0065311898604181696 2.7694160977809279e-06 5.4426582170151412e-05
580 0.0064731170111523651 2.7447441895553676e-06 5.394264175960304e-05
581 0.0064157625993976983 2.7203782961295209e-06 5.3464688328314155e-05
582 0.0063591152660954385 2.6963135633593034e-06 5.2992627217461986e-05
583 0.0063031638704056803 2.672545230721627e-06 5.2526365586714003e-05
584 0.0062478974847816051 2.6490686291914275e-06 5.2065812373180041e-05
585 0.0061933053901712812 2.6258791791739235e-06 5.1610878251427342e-05
586 0.0061393770713432938 2.6029723884904606e-06 5.1161475594527452e-05
587 0.0060861022123325807 2.5803438504163405e-06 5.071751843610484e-05
588 0.0060334706920030954 2.5579892417695444e-06 5.0278922433359129e-05
589 0.0059814725797237567 2.5359043210481725e-06 4.9845604831031302e-05
590 0.0059300981311545577 2.514084926615759e-06 4.9417484426287981e-05
591 0.0058793377841396188 2.4925269749328307e-06 4.8994481534496826e-05
592 0.0058291821547041276 2.4712264588334395e-06 4.8576517955867728e-05
593 0.0057796220331521918 2.4501794458452941e-06 4.816351694293493e-05
594 0.0057306483802628001 2.4293820765524842e-06 4.775540316885667e-05
595 0.0056822523235810062 2.4088305629992094e-06 4.7352102696508385e-05
596 0.0056344251538017502 2.3885211871337024e-06 4.6953542948347919e-05
597 0.005587158321243642 2.3684502992909796e-06 4.6559652677030348e-05
598 0.0055404434324102326 2.3486143167135017e-06 4.6170361936751938e-05
599 0.0054942722466362771 2.329009722108474e-06 4.578560205530231e-05
600 0.005448636672816658 2.3096330622409247e-06 4.5405305606805483e-05
601 0.0054035287662156694 2.2904809465615316e-06 4.5029406385130576e-05
602 0.0053589407253544141 2.2715500458681731e-06 4.4657839377953451e-05
603 0.0053148648889741728 2.2528370910002539e-06 4.4290540741451437e-05
604 0.0052712937330736554 2.2343388715650286e-06 4.3927447775613796e-05
605 0.0052282198680181366 2.2160522346950028e-06 4.3568498900151138e-05
606 0.0051856360357183974 2.1979740838352339e-06 4.3213633630986643e-05
607 0.0051435351068777578 2.1801013775603939e-06 4.2862792557314649e-05
608 0.0051019100783051552 2.162431128420023e-06 4.2515917319209628e-05
609 0.0050607540702926291 2.144960401811796e-06 4.217295058577191e-05
610 0.0050200603240553778 2.1276863148816809e-06 4.1833836033794817e-05
611 0.004979822199232751 2.1106060354504264e-06 4.1498518326939591e-05
612 0.0049400331714485341 2.0937167809656415e-06 4.116694309540445e-05
613 0.0049006868299289255 2.077015817478753e-06 4.0839056916074379e-05
614 0.0048617768751766819 2.060500458646191e-06 4.0514807293139014e-05
615 0.0048232971166999134 2.0441680647540876e-06 4.0194142639165943e-05
616 0.0047852414707941562 2.0280160417661413e-06 3.9877012256617966e-05
617 0.0047476039583761688 2.0120418403934761e-06 3.9563366319801404e-05
618 0.0047103787028682865 1.9962429551866692e-06 3.9253155857235719e-05
619 0.0046735599281317701 1.9806169236484543e-06 3.8946332734431421e-05
620 0.0046371419564481273 1.9651613253675636e-06 3.8642849637067726e-05
621 0.0046011192065469244 1.9498737811722774e-06 3.8342660054557702e-05
622 0.0045654861916790187 1.9347519523036887e-06 3.8045718263991821e-05
623 0.0045302375177339697 1.9197935396079217e-06 3.775197931444975e-05
624 0.0044953678814005282 1.9049962827470272e-06 3.7461399011671068e-05
625 0.0044608720683690407 1.8903579594277864e-06 3.7173933903075341e-05
626 0.0044267449515747476 1.8758763846482491e-06 3.6889541263122896e-05
627 0.004392981489480874 1.8615494099613274e-06 3.6608179079007285e-05
628 0.0043595767244005521 1.8473749227551912e-06 3.632980603667127e-05
629 0.0043265257808565057 1.8333508455497881e-06 3.6054381507137544e-05
630 0.0042938238639776329 1.8194751353093921e-06 3.578186553314694e-05
631 0.004261466257931488 1.8057457827705541e-06 3.5512218816095731e-05
632 0.004229448324391755 1.7921608117850558e-06 3.5245402703264627e-05
633 0.0041977655010398658 1.7787182786776065e-06 3.4981379175332215e-05
634 0.0041664133000998858 1.7654162716178948e-06 3.4720110834165718e-05
635 0.0041353873069058349 1.7522529100065183e-06 3.4461560890881959e-05
636 0.0041046831785006219 1.7392263438745528e-06 3.4205693154171846e-05
637 0.004074296642265835 1.7263347532963923e-06 3.3952472018881958e-05
638 0.0040442234945815871 1.7135763478154893e-06 3.3701862454846562e-05
639 0.0040144595995157094 1.7009493658827715e-06 3.3453829995964244e-05
640 0.0039850008875415305 1.6884520743073194e-06 3.3208340729512751e-05
641 0.0039558433542835579 1.6760827677189984e-06 3.2965361285696313e-05
642 0.0039269830592903818 1.6638397680428638e-06 3.2724858827419846e-05
643 0.0038984161248341279 1.6517214239849758e-06 3.2486801040284397e-05
644 0.0038701387347357917 1.6397261105292533e-06 3.2251156122798263e-05
645 0.0038421471332158669 1.6278522284453088e-06 3.2017892776798888e-05
646 0.0038144376237696205 1.6160982038068192e-06 3.178698019808017e-05
647 0.0037870065680664189 1.6044624875202233e-06 3.1558388067220155e-05
648 0.0037598503848725443 1.5929435548635364e-06 3.1332086540604534e-05
649 0.0037329655489969169 1.5815399050349802e-06 3.1108046241640977e-05
650 0.0037063485902591913 1.5702500607112715e-06 3.0886238252159926e-05
651 0.0036799960924796702 1.559072567615233e-06 3.066663410399725e-05
652 0.003653904692490534 1.5480059940925934e-06 3.0449205770754449e-05
653 0.0036280710791678585 1.5370489306976736e-06 3.0233925659732154e-05
654 0.0036024919924839529 1.5261999897878431e-06 3.002076660403294e-05
655 0.0035771642225795159 1.5154578051264718e-06 2.9809701854829299e-05
656 0.0035520846088551486 1.5048210314941721e-06 2.9600705073792907e-05
657 0.0035272500390817769 1.4942883443082e-06 2.9393750325681474e-05
658 0.0035026574485295162 1.483858439249721e-06 2.9188812071079302e-05
659 0.0034783038191145838 1.4735300318988768e-06 2.8985865159288199e-05
660 0.0034541861785637954 1.4633018573773552e-06 2.8784884821364961e-05
661 0.0034303015995962652 1.4531726699983551e-06 2.858584666330221e-05
662 0.00340664719912191 1.4431412429237999e-06 2.8388726659349249e-05
663 0.003383220137456339 1.433206367828506e-06 2.8193501145469492e-05
664 0.0033600176175517895 1.4233668545713083e-06 2.8000146812931579e-05
665 0.0033370368842437115 1.4136215308728544e-06 2.7808640702030928e-05
666 0.0033142752235126556 1.4039692419999914e-06 2.7618960195938797e-05
667 0.0032917299617611037 1.3944088504565542e-06 2.7431083014675865e-05
668 0.003269398465104904 1.3849392356803805e-06 2.7244987209207535e-05
669 0.003247278138678986 1.3755592937465147e-06 2.7060651155658217e-05
670 0.0032253664259570204 1.3662679370763465e-06 2.6878053549641839e-05
671 0.0032036608080847143 1.3570640941526335e-06 2.6697173400705953e-05
672 0.0031821588032264155 1.3479467092401563e-06 2.6517990026886796e-05
673 0.003160857965924762 1.3389147421120598e-06 2.6340483049373018e-05
674 0.0031397558864730431 1.3299671677815713e-06 2.616463238727536e-05
675 0.0031188501903000225 1.3211029762391237e-06 2.5990418252500186e-05
676 0.0030981385373669138 1.3123211721946457e-06 2.5817821144724283e-05
677 0.0030776186215762408 1.3036207748248912e-06 2.5646821846468675e-05
678 0.0030572881701923672 1.2950008175259454e-06 2.5477401418269725e-05
679 0.0030371449432733425 1.2864603476703507e-06 2.5309541193944522e-05
680 0.0030171867331139231 1.2779984263692434e-06 2.514322277594936e-05
681 0.0029974113636994175 1.2696141282389411e-06 2.497842803082848e-05
682 0.0029778166901701943 1.2613065411721946e-06 2.4815139084751619e-05
683 0.0029584005982965945 1.2530747661139381e-06 2.4653338319138288e-05
684 0.0029391610039639885 1.2449179168412495e-06 2.449300836636657e-05
685 0.002920095852667818 1.2368351197477465e-06 2.4334132105565149e-05
686 0.0029012031190183379 1.2288255136320019e-06 2.4176692658486151e-05
687 0.0028824808062548946 1.2208882494900991e-06 2.4020673385457455e-05
688 0.0028639269457695258 1.2130224903122192e-06 2.3866057881412714e-05
689 0.0028455395966396589 1.2052274108830564e-06 2.3712829971997158e-05
690 0.002827316845169734 1.1975021975861006e-06 2.3560973709747781e-05
691 0.0028092568044415407 1.1898460482116083e-06 2.3410473370346174e-05
692 0.0027913576138731059 1.1822581717682882e-06 2.3261313448942549e-05
693 0.0027736174387859277 1.1747377882985338e-06 2.3113478656549398e-05
694 0.0027560344699803698 1.1672841286971033e-06 2.2966953916503083e-05
695 0.0027386069233190881 1.1598964345333441e-06 2.2821724360992399e-05
696 0.0027213330393182533 1.15257395787664e-06 2.267777532765211e-05
697 0.0027042110827464635 1.1453159611252318e-06 2.2535092356220528e-05
698 0.0026872393422311463 1.1381217168382168e-06 2.2393661185259552e-05
699 0.0026704161298723031 1.1309905075706696e-06 2.2253467748935859e-05
700 0.0026537397808634408 1.1239216257118413e-06 2.2114498173862007e-05
