index sum SD mean
25 0.0 0.0 0.0
26 0.0 0.0 0.0
27 0.0 0.0 0.0
28 0.0 0.0 0.0
29 0.0 0.0 0.0
30 0.0 0.0 0.0
31 0.0 0.0 0.0
32 0.0 0.0 0.0
33 0.0 0.0 0.0
34 0.0 0.0 0.0
35 0.0 0.0 0.0
36 0.0 0.0 0.0
37 0.0 0.0 0.0
38 0.0 0.0 0.0
39 0.0 0.0 0.0
40 0.0 0.0 0.0
41 0.0 0.0 0.0
42 0.0 0.0 0.0
43 0.0 0.0 0.0
44 0.0 0.0 0.0
45 0.0 0.0 0.0
46 0.0 0.0 0.0
47 0.0 0.0 0.0
48 0.0 0.0 0.0
49 0.0 0.0 0.0
50 0.0 0.0 0.0
51 0.0 0.0 0.0
52 0.0 0.0 0.0
53 0.0 0.0 0.0
54 0.0 0.0 0.0
55 0.0 0.0 0.0
56 0.0 0.0 0.0
57 0.0 0.0 0.0
58 0.0 0.0 0.0
59 0.0 0.0 0.0
60 0.026309930790416599 2.715996991782829e-07 0.00021565517041325082
61 0.09127277087397101 2.0374916657947419e-06 0.00074813746618009025
62 0.18433134170390084 7.0931274256985444e-06 0.00151091263691722
63 0.30134541171102064 1.7533263483793577e-05 0.0024700443582870543
64 0.43969922089403141 3.553628587523129e-05 0.0036040919745412409
65 0.59746890584648515 6.3251223442131261e-05 0.0048972861134957803
66 0.77311814437413728 0.0001027498577274873 0.0063370339702798137
67 0.96535457140275793 0.00015600382938797956 0.0079127423885471965
68 1.1730515914984898 0.00022487118834472314 0.0096151769794958174
69 1.3952016063142694 0.00031108840291409884 0.011436078740280896
70 1.6308860829636498 0.00041626653154851521 0.013367918712816802
71 1.879255264029863 0.00054189026802450445 0.015403731672375926
72 2.1395130861221925 0.00068931761607323523 0.017536992509198299
73 2.4109025874599017 0.00085977456225827726 0.019761496618523784
74 2.6926830669712931 0.0010543299154357995 0.022071172680092566
75 2.9840816841775424 0.0012738175265722214 0.024459685935881496
76 3.284191842567787 0.0015186510136369631 0.026919605266949073
77 3.5917888242960645 0.0017884694654535182 0.029440892002426756
78 3.9050555525950505 0.0020815959859245663 0.032008652070451234
79 4.2212660954721786 0.002394403364224034 0.034600541766165401
80 4.5365435011077553 0.0027208274390042031 0.03718478279596521
81 4.8458446794543768 0.0030523459707580618 0.039720038356183415
82 5.1432813823877614 0.0033786437347850368 0.042158044117932468
83 5.4227620103564895 0.003688912291126552 0.044448868937348278
84 5.6787961368249835 0.0039734307662518311 0.046547509318237569
85 5.9072274706666006 0.0042249347603031517 0.048419897300545904
86 6.1056943966212209 0.0044393856762636481 0.050046675382141158
87 6.2737315133197633 0.0046160186069415746 0.051424028797702977
88 6.4125512359669834 0.0047568047420756578 0.05256189537677855
89 6.524623626621934 0.0048656009493978098 0.053480521529687984
90 6.6131889259904169 0.0049472569294591101 0.054206466606478827
91 6.6818080773406106 0.0050068630951580094 0.054768918666726313
92 6.734010396801887 0.0050492203311569952 0.05519680653116301
93 6.7730558879503464 0.0050785324461406437 0.05551685154057661
94 6.8018024225020834 0.0050982787328093561 0.055752478872967901
95 6.8226548506423539 0.0051112111583549941 0.055923400415101264
96 6.8375704681503873 0.0051194245890150902 0.056045659575003175
97 6.8480983292052686 0.0051244607283639576 0.056131953518075969
98 6.8554351562029749 0.0051274195431503175 0.056192091444286676
99 6.8604860030053851 0.0051290629202378835 0.056233491827912992
100 6.8639223539471743 0.005129903349972772 0.056261658638911263
101 6.866233776595382 0.0051302748326806898 0.056280604726191653
102 6.8677714430636847 0.0051303882659422696 0.056293208549702337
103 6.8687834582277825 0.0051303716954857114 0.056301503755965432
104 6.869442612787104 0.0051302993139180925 0.056306906662189377
105 6.8698676157991097 0.0051302114953730212 0.056310390293435326
106 6.870138960044315 0.0051301282141574403 0.056312614426592744
107 6.8703105510640317 0.0051300577320939154 0.056314020910360918
108 6.8704180563169732 0.005130002022835891 0.056314902100958797
109 6.8704848049572291 0.0051299600177947156 0.056315449220960892
110 6.8705258701603658 0.0051299296666505803 0.056315785820986605
111 6.870550941775587 0.0051299079067952374 0.056315991326029401
112 6.870566106444346 0.0051298930420383788 0.056316115626593
113 6.8705752203070354 0.0051298828259920886 0.056316190330385534
114 6.8705806455769256 0.005129876219834675 0.056316234799810863
115 6.8705838601063256 0.0051298719075329553 0.056316261148412504
116 6.8705857525548213 0.0051298690424709664 0.056316276660285422
117 6.8705868563687309 0.0051298671651752682 0.056316285707940415
118 6.870587494244484 0.0051298659636773054 0.056316290936430195
119 6.8705878597891843 0.0051298652076802991 0.056316293932698235
120 6.8705880676293862 0.0051298647389808527 0.056316295636306447
121 6.8705881848902131 0.0051298644503812441 0.056316296597460763
122 6.8705882505229727 0.0051298642746699227 0.0563162971354342
123 6.8705882869864014 0.0051298641692935848 0.056316297434314766
124 6.8705883071113059 0.0051298641069968311 0.056316297599273001
125 6.8705883181555629 0.0051298640707158972 0.056316297689799698
126 6.8705883241792653 0.005129864049599986 0.056316297739174306
127 6.8705883274402479 0.0051298640373831587 0.056316297765903675
128 6.8705883291834002 0.0051298640303402898 0.056316297780191808
129 6.8705883301099631 0.0051298640262992948 0.05631629778778658
130 6.8705883301099631 0.0051298640262992948 0.05631629778778658
131 6.8705883301099631 0.0051298640262992948 0.05631629778778658
132 6.8705883301099631 0.0051298640262992948 0.05631629778778658
133 6.8705883301099631 0.0051298640262992948 0.05631629778778658
134 6.8705883301099631 0.0051298640262992948 0.05631629778778658
135 6.8705883301099631 0.0051298640262992948 0.05631629778778658
136 6.8705883301099631 0.0051298640262992948 0.05631629778778658
137 6.8705883301099631 0.0051298640262992948 0.05631629778778658
138 6.8705883301099631 0.0051298640262992948 0.05631629778778658
139 6.8705883301099631 0.0051298640262992948 0.05631629778778658
140 6.8705883301099631 0.0051298640262992948 0.05631629778778658
141 6.8705883301099631 0.0051298640262992948 0.05631629778778658
142 6.8705883301099631 0.0051298640262992948 0.05631629778778658
143 6.8705883301099631 0.0051298640262992948 0.05631629778778658
144 6.8705883301099631 0.0051298640262992948 0.05631629778778658
145 6.8705883301099631 0.0051298640262992948 0.05631629778778658
146 6.8705883301099631 0.0051298640262992948 0.05631629778778658
147 6.8705883301099631 0.0051298640262992948 0.05631629778778658
148 6.8705883301099631 0.0051298640262992948 0.05631629778778658
149 6.8705883301099631 0.0051298640262992948 0.05631629778778658
150 6.8705883301099631 0.0051298640262992948 0.05631629778778658
151 6.8705883301099631 0.0051298640262992948 0.05631629778778658
152 6.8705883301099631 0.0051298640262992948 0.05631629778778658
153 6.8705883301099631 0.0051298640262992948 0.05631629778778658
154 6.8705883301099631 0.0051298640262992948 0.05631629778778658
155 6.8705883301099631 0.0051298640262992948 0.05631629778778658
156 6.8705883301099631 0.0051298640262992948 0.05631629778778658
157 6.8705883301099631 0.0051298640262992948 0.05631629778778658
158 6.8705883301099631 0.0051298640262992948 0.05631629778778658
159 6.8705883301099631 0.0051298640262992948 0.05631629778778658
160 6.8705883301099631 0.0051298640262992948 0.05631629778778658
161 6.8705883301099631 0.0051298640262992948 0.05631629778778658
162 6.8705883301099631 0.0051298640262992948 0.05631629778778658
163 6.8705883301099631 0.0051298640262992948 0.05631629778778658
164 6.8705883301099631 0.0051298640262992948 0.05631629778778658
165 6.8705883301099631 0.0051298640262992948 0.05631629778778658
166 6.8705883301099631 0.0051298640262992948 0.05631629778778658
167 6.8705883301099631 0.0051298640262992948 0.05631629778778658
168 6.8705883301099631 0.0051298640262992948 0.05631629778778658
169 6.8705883301099631 0.0051298640262992948 0.05631629778778658
170 6.8705883301099631 0.0051298640262992948 0.05631629778778658
171 6.8705883301099631 0.0051298640262992948 0.05631629778778658
172 6.8705883301099631 0.0051298640262992948 0.05631629778778658
173 6.8705883301099631 0.0051298640262992948 0.05631629778778658
174 6.8705883301099631 0.0051298640262992948 0.05631629778778658
175 6.8705883301099631 0.0051298640262992948 0.05631629778778658
176 6.8705883301099631 0.0051298640262992948 0.05631629778778658
177 6.8705883301099631 0.0051298640262992948 0.05631629778778658
178 6.8705883301099631 0.0051298640262992948 0.05631629778778658
179 6.8705883301099631 0.0051298640262992948 0.05631629778778658
180 6.8705883301099631 0.0051298640262992948 0.05631629778778658
181 6.8705883301099631 0.0051298640262992948 0.05631629778778658
182 6.8705883301099631 0.0051298640262992948 0.05631629778778658
183 6.8705883301099631 0.0051298640262992948 0.05631629778778658
184 6.8705883301099631 0.0051298640262992948 0.05631629778778658
185 6.8705883301099631 0.0051298640262992948 0.05631629778778658
186 6.8705883301099631 0.0051298640262992948 0.05631629778778658
187 6.8705883301099631 0.0051298640262992948 0.05631629778778658
188 6.8705883301099631 0.0051298640262992948 0.05631629778778658
189 6.8705883301099631 0.0051298640262992948 0.05631629778778658
190 6.8705883301099631 0.0051298640262992948 0.05631629778778658
191 6.8705883301099631 0.0051298640262992948 0.05631629778778658
192 6.8705883301099631 0.0051298640262992948 0.05631629778778658
193 6.8705883301099631 0.0051298640262992948 0.05631629778778658
194 6.8705883301099631 0.0051298640262992948 0.05631629778778658
195 6.8705883301099631 0.0051298640262992948 0.05631629778778658
196 6.8705883301099631 0.0051298640262992948 0.05631629778778658
197 6.8705883301099631 0.0051298640262992948 0.05631629778778658
198 6.8705883301099631 0.0051298640262992948 0.05631629778778658
199 6.8705883301099631 0.0051298640262992948 0.05631629778778658
200 6.8705883301099631 0.0051298640262992948 0.05631629778778658
201 6.8705883301099631 0.0051298640262992948 0.05631629778778658
202 6.8705883301099631 0.0051298640262992948 0.05631629778778658
203 6.8705883301099631 0.0051298640262992948 0.05631629778778658
204 6.8705883301099631 0.0051298640262992948 0.05631629778778658
205 6.8705883301099631 0.0051298640262992948 0.05631629778778658
206 6.8705883301099631 0.0051298640262992948 0.05631629778778658
207 6.8705883301099631 0.0051298640262992948 0.05631629778778658
208 6.8705883301099631 0.0051298640262992948 0.05631629778778658
209 6.8705883301099631 0.0051298640262992948 0.05631629778778658
210 6.8705883301099631 0.0051298640262992948 0.05631629778778658
211 6.8705883301099631 0.0051298640262992948 0.05631629778778658
212 6.8705883301099631 0.0051298640262992948 0.05631629778778658
213 6.8705883301099631 0.0051298640262992948 0.05631629778778658
214 6.8705883301099631 0.0051298640262992948 0.05631629778778658
215 6.8705883301099631 0.0051298640262992948 0.05631629778778658
216 6.8705883301099631 0.0051298640262992948 0.05631629778778658
217 6.8705883301099631 0.0051298640262992948 0.05631629778778658
218 6.8705883301099631 0.0051298640262992948 0.05631629778778658
219 6.8705883301099631 0.0051298640262992948 0.05631629778778658
220 6.8705883301099631 0.0051298640262992948 0.05631629778778658
221 6.8705883301099631 0.0051298640262992948 0.05631629778778658
222 6.8705883301099631 0.0051298640262992948 0.05631629778778658
223 6.8705883301099631 0.0051298640262992948 0.05631629778778658
224 6.8705883301099631 0.0051298640262992948 0.05631629778778658
225 6.8705883301099631 0.0051298640262992948 0.05631629778778658
226 6.8705883301099631 0.0051298640262992948 0.05631629778778658
227 6.8705883301099631 0.0051298640262992948 0.05631629778778658
228 6.8705883301099631 0.0051298640262992948 0.05631629778778658
229 6.8705883301099631 0.0051298640262992948 0.05631629778778658
230 6.8705883301099631 0.0051298640262992948 0.05631629778778658
231 6.8705883301099631 0.0051298640262992948 0.05631629778778658
232 6.8705883301099631 0.0051298640262992948 0.05631629778778658
233 6.8705883301099631 0.0051298640262992948 0.05631629778778658
234 6.8705883301099631 0.0051298640262992948 0.05631629778778658
235 6.8705883301099631 0.0051298640262992948 0.05631629778778658
236 6.8705883301099631 0.0051298640262992948 0.05631629778778658
237 6.8705883301099631 0.0051298640262992948 0.05631629778778658
238 6.8705883301099631 0.0051298640262992948 0.05631629778778658
239 6.8705883301099631 0.0051298640262992948 0.05631629778778658
240 6.8705883301099631 0.0051298640262992948 0.05631629778778658
241 6.8705883301099631 0.0051298640262992948 0.05631629778778658
242 6.8705883301099631 0.0051298640262992948 0.05631629778778658
243 6.8705883301099631 0.0051298640262992948 0.05631629778778658
244 6.8705883301099631 0.0051298640262992948 0.05631629778778658
245 6.8705883301099631 0.0051298640262992948 0.05631629778778658
246 6.8705883301099631 0.0051298640262992948 0.05631629778778658
247 6.8705883301099631 0.0051298640262992948 0.05631629778778658
248 6.8705883301099631 0.0051298640262992948 0.05631629778778658
249 6.8705883301099631 0.0051298640262992948 0.05631629778778658
250 6.8705883301099631 0.0051298640262992948 0.05631629778778658
251 6.8705883301099631 0.0051298640262992948 0.05631629778778658
252 6.8705883301099631 0.0051298640262992948 0.05631629778778658
253 6.8705883301099631 0.0051298640262992948 0.05631629778778658
254 6.8705883301099631 0.0051298640262992948 0.05631629778778658
255 6.8705883301099631 0.0051298640262992948 0.05631629778778658
256 6.8705883301099631 0.0051298640262992948 0.05631629778778658
257 6.8705883301099631 0.0051298640262992948 0.05631629778778658
258 6.8705883301099631 0.0051298640262992948 0.05631629778778658
259 6.8705883301099631 0.0051298640262992948 0.05631629778778658
260 6.8705883301099631 0.0051298640262992948 0.05631629778778658
261 6.8705883301099631 0.0051298640262992948 0.05631629778778658
262 6.8705883301099631 0.0051298640262992948 0.05631629778778658
263 6.8705883301099631 0.0051298640262992948 0.05631629778778658
264 6.8705883301099631 0.0051298640262992948 0.05631629778778658
265 6.8705883301099631 0.0051298640262992948 0.05631629778778658
266 6.8705883301099631 0.0051298640262992948 0.05631629778778658
267 6.8705883301099631 0.0051298640262992948 0.05631629778778658
268 6.8705883301099631 0.0051298640262992948 0.05631629778778658
269 6.8705883301099631 0.0051298640262992948 0.05631629778778658
270 6.8705883301099631 0.0051298640262992948 0.05631629778778658
271 6.8705883301099631 0.0051298640262992948 0.05631629778778658
272 6.8705883301099631 0.0051298640262992948 0.05631629778778658
273 6.8705883301099631 0.0051298640262992948 0.05631629778778658
274 6.8705883301099631 0.0051298640262992948 0.05631629778778658
275 6.8705883301099631 0.0051298640262992948 0.05631629778778658
276 6.8705883301099631 0.0051298640262992948 0.05631629778778658
277 6.8705883301099631 0.0051298640262992948 0.05631629778778658
278 6.8705883301099631 0.0051298640262992948 0.05631629778778658
279 6.8705883301099631 0.0051298640262992948 0.05631629778778658
280 6.8705883301099631 0.0051298640262992948 0.05631629778778658
281 6.8705883301099631 0.0051298640262992948 0.05631629778778658
282 6.8705883301099631 0.0051298640262992948 0.05631629778778658
283 6.8705883301099631 0.0051298640262992948 0.05631629778778658
284 6.8705883301099631 0.0051298640262992948 0.05631629778778658
285 6.8705883301099631 0.0051298640262992948 0.05631629778778658
286 6.8705883301099631 0.0051298640262992948 0.05631629778778658
287 6.8705883301099631 0.0051298640262992948 0.05631629778778658
288 6.8705883301099631 0.0051298640262992948 0.05631629778778658
289 6.8705883301099631 0.0051298640262992948 0.05631629778778658
290 6.8705883301099631 0.0051298640262992948 0.05631629778778658
291 6.8705883301099631 0.0051298640262992948 0.05631629778778658
292 6.8705883301099631 0.0051298640262992948 0.05631629778778658
293 6.8705883301099631 0.0051298640262992948 0.05631629778778658
294 6.8705883301099631 0.0051298640262992948 0.05631629778778658
295 6.8705883301099631 0.0051298640262992948 0.05631629778778658
296 6.8705883301099631 0.0051298640262992948 0.05631629778778658
297 6.8705883301099631 0.0051298640262992948 0.05631629778778658
298 6.8705883301099631 0.0051298640262992948 0.05631629778778658
299 6.8705883301099631 0.0051298640262992948 0.05631629778778658
300 6.4398587191324763 0.0049600566329129868 0.052785727206003906
301 6.0342612000231375 0.0047765488984295263 0.049461157377238829
302 5.6526742971329167 0.0045835000770919855 0.046333395878138658
303 5.2940024052736891 0.004384513364546253 0.04339346233830893
304 4.9571735345126404 0.0041826242993986485 0.040632569955021645
305 4.6411386544974249 0.0039803600324382323 0.038042120118831353
306 4.3448715851124895 0.0037798019470431463 0.035613701517315487
307 4.0673693019495207 0.003582642351296593 0.0333390926389305
308 3.8076525757315274 0.0033902345724610289 0.031210267014192848
309 3.5647669222021419 0.0032036372290421031 0.029219401001656899
310 3.3377837486474684 0.0030236541494633898 0.027358883185634987
311 3.1258016605155428 0.002850869706797769 0.025621325086192973
312 2.9279478096396008 0.0026856809913472484 0.023999572210160663
313 2.7433792580696155 0.0025283262252027792 0.022486715230078815
314 2.5712842396774893 0.0023789107274494975 0.021076100325225323
315 2.4108832873403681 0.0022374298031000691 0.019761338420822689
316 2.2614301733980082 0.0021037891271384647 0.018536312896704984
317 2.1222126158018288 0.0019778227482292955 0.017395185375424827
318 1.9925527343536888 0.0018593088160610612 0.016332399461915482
319 1.8718072432284523 0.0017479831822064995 0.01534268232154469
320 1.7593673806593577 0.0016435510570088905 0.014421044103765226
321 1.6546585870225696 0.0015456968675630661 0.013562775303463686
322 1.5571399436382787 0.0014540926110155744 0.012763442160969498
323 1.4663034124830736 0.0013684044821940559 0.012018880430189128
324 1.3816728826638245 0.0012882985570484061 0.011325187562818233
325 1.302803074363841 0.0012134451411050272 0.010678713724293779
326 1.2292783054586143 0.0011435221627264583 0.010076051684087001
327 1.1607111975179731 0.0010782178424612694 0.0095140262091637142
328 1.096741282925765 0.0010172325299802577 0.0089896826469324995
329 1.0370335988173767 0.00096028004429902234 0.0085002754001424312
330 0.98127725268828059 0.00090708849804253225 0.0080432561695760706
331 0.92918399598720436 0.00085740074521824716 0.0076162622621901996
332 0.8804868173040683 0.00081097449244639584 0.0072171050598694121
333 0.83493856656825072 0.00076758220723373131 0.0068437587423627105
334 0.79231062637875749 0.00072701078841505486 0.0064943493965471926
335 0.75239163137279941 0.00068906114228080848 0.0061671445194491758
336 0.71498624832358015 0.00065354762317084347 0.0058605430190457391
337 0.67991401516768446 0.00062029742670598176 0.0055730656980957742
338 0.64700824527487988 0.00058914992492055342 0.0053033462727449174
339 0.61611499540409886 0.00055995598742403707 0.005050122913148351
340 0.58709209867473311 0.00053257729562742532 0.0048122303170060089
341 0.55980826020357999 0.00050688565365265609 0.004588592296750656
342 0.53414221476407564 0.00048276232638880094 0.0043782148751153743
343 0.50998194371485084 0.00046009739144695018 0.0041801798665151704
344 0.48722394870078012 0.00043878911943434921 0.0039936389237768865
345 0.46577257880862133 0.00041874338582202891 0.0038178080230214864
346 0.44553940969070771 0.0003998731140107638 0.0036519623745139974
347 0.42644266907963957 0.00038209774627600272 0.0034954317137675375
348 0.40840670827574549 0.0003653427571058008 0.0033475959694733238
349 0.39136155552423324 0.00034953924519645494 0.0032078816026576496
350 0.37524230103496015 0.00033462327720616952 0.0030757565658603289
351 0.35998894252912594 0.00032053585199015718 0.0029507290371239832
352 0.34554582927335031 0.00030722227524935782 0.0028323428628963141
353 0.3318613599743383 0.00029463188801584261 0.0027201750817568713
354 0.31888766312840477 0.0002827177515574404 0.0026138333043311869
355 0.30658030384637097 0.00027143635645154651 0.0025129533102161553
356 0.29489801461303128 0.00026074735406948052 0.0024171968410904203
357 0.28380244819250583 0.00025061330974128932 0.0023262495753484085
358 0.27325795083737175 0.00024099947542235937 0.0022398192691587848
359 0.26323135412261017 0.00023187358076088042 0.0021576340501853293
360 0.25369178389446412 0.00022320564061647694 0.0020794408515939682
361 0.24461048482873834 0.000214967778476765 0.002005003974006052
362 0.23596065940364319 0.00020713406359198241 0.0019341037656036327
363 0.22771731977278462 0.00019968036265669275 0.0018665354079736443
364 0.21985715211128704 0.00019258420101459775 0.0018021078041908774
365 0.21235839139662818 0.00018582463819989282 0.0017406425524313786
366 0.20520070672091284 0.00017938215105368243 0.0016819730059091217
367 0.19836509560824311 0.00017323852745265676 0.0016259434066249435
368 0.19183378682056923 0.0001673767683707232 0.0015724080886931903
369 0.18559015089808015 0.00016178099778483074 0.0015212307450662307
370 0.17961861777892354 0.00015643637980240169 0.0014722837522862585
371 0.17390460090298207 0.00015132904241644022 0.0014254475483850989
372 0.16843442726848112 0.00014644600729090356 0.0013806100595777141
373 0.16319527293040464 0.0001417751251218907 0.0013376661715606938
374 0.15817510348132477 0.00013730501608205504 0.001296517241650203
375 0.15336261913361857 0.00013302501494156778 0.0012570706486362178
376 0.14874720398966274 0.00012892512045906232 0.0012192393769644486
377 0.14431888474200455 0.00012499595013790813 0.0011829416782131519
378 0.14006826457580795 0.00012122869084271553 0.0011481005293099012
379 0.13598652286751028 0.00011761507046662448 0.0011146436300615598
380 0.13206533900757733 0.0001141473096631281 0.0010825027787506338
381 0.12829687602684328 0.00011081809428638772 0.001051613737924945
382 0.12467376033746004 0.0001076205445369248 0.0010219160683398365
383 0.12118902587564127 0.00010454818077502836 0.00099335267111181377
384 0.11783610109773375 0.00010159490137976394 0.00096586968112896514
385 0.11460879363895674 9.8754956451993571e-05 0.00093941634130292407
386 0.11150124147829214 9.6022923764743339e-05 0.00091394460228108316
387 0.10850791870814641 9.339368814103846e-05 0.00088940916973890497
388 0.10562358918852348 9.0862422033318705e-05 0.00086576712449609413
389 0.10284331226108533 8.8424565585546529e-05 0.00084297796935315836
390 0.10016240198906727 8.6075812143369067e-05 0.00082100329499235471
391 0.097576432591776938 8.3812088725281736e-05 0.00079980682452276183
392 0.0950812025290734 8.1629545586005153e-05 0.00077935411909076558
393 0.092672739931217246 7.9524537669771505e-05 0.00075961262238702658
394 0.090347273624101665 7.7493612864956563e-05 0.0007405514231483743
395 0.088101228514703478 7.5533503875389014e-05 0.00072214121733363507
396 0.085931211271171537 7.3641120471383163e-05 0.00070435419074730773
397 0.083834002237559227 7.1813527473045899e-05 0.00068716395276687892
398 0.081806543710620294 7.0047942432813432e-05 0.00067054544025098599
399 0.079845930915694557 6.8341724612810877e-05 0.00065447484357126682
400 0.077949403066937248 6.6692367583864678e-05 0.00063892953333555117
401 0.076114337956610101 6.5097482923140757e-05 0.0006238880160377877
402 0.074338233497183145 6.3554823475206381e-05 0.00060932978276379631
403 0.072618717881642536 6.2062228922199071e-05 0.00059523539247247981
404 0.070953527159733076 6.0617661071606309e-05 0.00058158628819453338
405 0.069340507388754288 5.9219175870346101e-05 0.00056836481466192041
406 0.067777606536037913 5.7864923323616756e-05 0.00055555415193473702
407 0.066262868929778479 5.6553142243532415e-05 0.00054313826991621707
408 0.064794428809145224 5.5282157842820273e-05 0.00053110187548479693
409 0.063370510120780751 5.4050366883939637e-05 0.00051943041082607171
410 0.061989414960307528 5.285624887453863e-05 0.00050810995869104536
411 0.060649522964399634 5.1698353471233008e-05 0.00049712723741311172
412 0.059349289690312078 5.0575291539894103e-05 0.00048646958762550886
413 0.058087237386935026 4.9485743334808872e-05 0.00047612489661422153
414 0.056861955023686128 4.8428447221032272e-05 0.00046608159855480433
415 0.055672093271087873 4.7402199777789876e-05 0.00045632863336957276
416 0.054516363974199268 4.6405847620358905e-05 0.0004468554424114694
417 0.053393533268200351 4.5438292519560082e-05 0.0004376519120344291
418 0.052302421297755829 4.4498483421544724e-05 0.00042870837129308057
419 0.051241898363548699 4.3585416176526899e-05 0.00042001556035695657
420 0.05021088436918715 4.2698127645769575e-05 0.00041156462597694384
421 0.049208343657730365 4.1835698947141831e-05 0.00040334707916172429
422 0.048233284192708378 4.099725035046772e-05 0.00039535478846482278
423 0.047284756351414915 4.0181937506081081e-05 0.00038757997009356487
424 0.04636184895871262 3.9388953790619872e-05 0.00038001515539928376
425 0.045463688673480586 3.8617525721304312e-05 0.00037265318584820155
426 0.044589437878852244 3.7866912025683267e-05 0.00036548719572829707
427 0.043738292758958651 3.7136402500550798e-05 0.00035851059638490699
428 0.04290948253112277 3.642531481810151e-05 0.0003517170699272358
429 0.042102266750493895 3.5732995778238732e-05 0.00034510054713519586
430 0.041315934618547941 3.5058818189858024e-05 0.00033865520179137657
431 0.040549803440944061 3.4402180083507426e-05 0.00033237543804052512
432 0.039803216860796284 3.3762504060914874e-05 0.00032625587590816627
433 0.039075545527858385 3.3139234029834536e-05 0.00032029135678572445
434 0.038366183109369921 3.2531837412185152e-05 0.00031447691073254033
435 0.037674547073170896 3.1939801934739263e-05 0.00030880776289484341
436 0.037000077172172775 3.1362635237459608e-05 0.0003032793210833834
437 0.036342234453249481 3.0799863972221701e-05 0.00029788716764958588
438 0.035700500316219075 3.0251032947924309e-05 0.00029262705177228752
439 0.035074375620055664 2.971570431930423e-05 0.00028749488213160383
440 0.034463379833626587 2.9193456816935753e-05 0.00028248671994775889
441 0.033867050228427474 2.8683885016052962e-05 0.0002775987723641596
442 0.033284941110950712 2.8186598641981778e-05 0.00027282738615533368
443 0.032716623092497468 2.7701221910123027e-05 0.00026816904174178252
444 0.03216168239442678 2.7227392898576594e-05 0.00026362034749530147
445 0.031619720143654578 2.6764762995356573e-05 0.00025917803396438181
446 0.031090351848540074 2.6312996116080752e-05 0.00025483894957819734
447 0.030573206733295718 2.5871768541270402e-05 0.00025060005519094851
448 0.030067927160054006 2.5440768119993799e-05 0.00024645841934470497
449 0.029574168098567478 2.5019693858970516e-05 0.00024241121392268425
450 0.029091596608350447 2.4608255457205711e-05 0.00023845570990451185
451 0.028619891345058924 2.4206172862754748e-05 0.00023458927332015511
452 0.02815874208983234 2.3813175850435356e-05 0.00023080936139206835
453 0.027707849300390695 2.3429003619375475e-05 0.00022711351885566143
454 0.027266923682748558 2.3053404409344863e-05 0.00022349937444875867
455 0.02683568578247494 2.2686135134882623e-05 0.00021996463756127001
456 0.026413865594493251 2.2326961036292765e-05 0.00021650709503682992
457 0.026001202190476243 2.1975655346632208e-05 0.00021312460811865773
458 0.025597443362949227 2.1631998973872753e-05 0.00020981510953237072
459 0.025202345285266312 2.1295780197462339e-05 0.0002065766006989042
460 0.024815672186672761 2.0966794378557995e-05 0.0002034071490710882
461 0.024437196041710615 2.0644843683245324e-05 0.00020030488558779193
462 0.024066696273263539 2.0329736818092753e-05 0.00019726800223986507
463 0.023703959468575106 2.002128877742925e-05 0.00019429474974241891
464 0.023348779107608714 1.9719320601764441e-05 0.00019138343530826816
465 0.023000955303150074 1.9423659146801191e-05 0.00018853242051762356
466 0.022660294552084532 1.9134136862520893e-05 0.0001857401192793814
467 0.022326609497311016 1.885059158184985e-05 0.0001830049958795985
468 0.021999718699782414 1.8572866318439289e-05 0.00018032556311297062
469 0.021679446420189315 1.8300809073119093e-05 0.00017770038049335504
470 0.021365622409829383 1.8034272648607451e-05 0.0001751280525395851
471 0.021058081710228847 1.7773114472081547e-05 0.00017260722713302335
472 0.020756664461104836 1.7517196425233153e-05 0.00017013659394348227
473 0.020461215716279901 1.7266384681458288e-05 0.00016771488292032706
474 0.020171585267178806 1.7020549549841254e-05 0.0001653408628457279
475 0.019887627473557802 1.6779565325616645e-05 0.00016301333994719509
476 0.019609201101134434 1.6543310146808532e-05 0.0001607311565666757
477 0.019336169165802091 1.631166585675826e-05 0.00015849318988362369
478 0.019068398784130278 1.6084517872270831e-05 0.00015629835068959244
479 0.018805761029866547 1.586175505712307e-05 0.00015414558221202087
480 0.018548130796169428 1.5643269600686291e-05 0.00015203385898499532
481 0.018295386663316485 1.5428956901434526e-05 0.00014996218576488921
482 0.018047410771642965 1.5218715455115224e-05 0.00014792959648887675
483 0.017804088699479484 1.5012446747373971e-05 0.00014593515327442199
484 0.017565309345868228 1.4810055150634738e-05 0.0001439779454579363
485 0.017330964817847582 1.4611447825044533e-05 0.00014205708867088182
486 0.017100950322105991 1.44165346233046e-05 0.00014017172395168844
487 0.016875164060814865 1.422522799921588e-05 0.00013832101689192512
488 0.016653507131459619 1.403744291977547e-05 0.00013650415681524278
489 0.016435883430497032 1.3853096780671048e-05 0.00013472035598768059
490 0.016222199560674614 1.3672109325023829e-05 0.00013296884885798864
491 0.016012364741855908 1.3494402565240681e-05 0.00013124889132668777
492 0.015806290725203061 1.3319900707842423e-05 0.00012955976004264805
493 0.015603891710574479 1.3148530081139053e-05 0.00012790075172602032
494 0.015405084267002813 1.2980219065633327e-05 0.00012627118251641652
495 0.015209787256123909 1.281489802703455e-05 0.00012467038734527793
496 0.015017921758434206 1.2652499251774772e-05 0.00012309771933142791
497 0.014829411002259003 1.2492956884920746e-05 0.00012155254919884428
498 0.014644180295319874 1.2336206870382537e-05 0.00012003426471573667
499 0.014462156958794371 1.2182186893322861e-05 0.00011854227015405222
500 0.014283270263766147 1.2030836324676252e-05 0.00011707598576857498
501 0.0141074513699682 1.188209616769147e-05 0.00011563484729482131
502 0.013934633266726334 1.1735909006413905e-05 0.00011421830546496995
503 0.013764750716013968 1.1592218956028672e-05 0.00011282582554109809
504 0.013597740197533651 1.1450971614989139e-05 0.00011145688686502993
505 0.013433539855744287 1.1312114018859137e-05 0.0001101109824241335
506 0.013272089448756472 1.1175594595798784e-05 0.0001087876184324301
507 0.013113330299022058 1.1041363123628986e-05 0.00010748631392641032
508 0.012957205245747252 1.0909370688411693e-05 0.00010620660037497747
509 0.012803658598961385 1.0779569644485216e-05 0.00010494802130296217
510 0.012652636095176707 1.0651913575897138e-05 0.00010371013192767792
511 0.012504084854577439 1.0526357259180915e-05 0.00010249249880801179
512 0.012357953339678493 1.0402856627421647e-05 0.00010129469950556142
513 0.012214191315397516 1.0281368735562831e-05 0.00010011632225735669
514 0.01207274981048569 1.0161851726904295e-05 9.8956965659718766e-05
515 0.011933581080265454 1.0044264800746101e-05 9.7816238362831589e-05
516 0.011796638570625404 9.9285681811344713e-06 9.6693758775618066e-05
517 0.011661876883224537 9.8147230866666093e-06 9.5589154780528993e-05
518 0.011529251741860386 9.7026917013152501e-06 9.4502063457872025e-05
519 0.01139871995995711 9.5924371462331362e-06 9.3432130819320582e-05
520 0.011270239409131759 9.4839234525013316e-06 9.2379011550260319e-05
521 0.011143768988798331 9.3771155347846424e-06 9.1342368760642065e-05
522 0.011019268596771348 9.2719791658616477e-06 9.0321873744027438e-05
523 0.010896699100831766 9.1684809519953954e-06 8.9317205744522668e-05
524 0.010776022311219933 9.0665883091141652e-06 8.8328051731310925e-05
525 0.010657200954021557 8.9662694397722076e-06 8.7354106180504565e-05
526 0.010540198645414093 8.8674933108616509e-06 8.6395070864049941e-05
527 0.010424979866742274 8.7702296320480694e-06 8.5450654645428473e-05
528 0.010311509940392767 8.6744488349033278e-06 8.4520573281907931e-05
529 0.010199755006439102 8.5801220527100281e-06 8.3604549233107394e-05
530 0.010089682000029307 8.4872211009138822e-06 8.2702311475650063e-05
531 0.0099812586294894985 8.3957184581994616e-06 8.1813595323684417e-05
532 0.0098744533551181918 8.3055872481684681e-06 8.0938142255067145e-05
533 0.0097692353686465415 8.2168012215973699e-06 8.0075699743004434e-05
534 0.0096655745733413116 8.1293347392554992e-06 7.9226021092961569e-05
535 0.0095634415647274963 8.0431627552613614e-06 7.8388865284651611e-05
536 0.0094628561996664314 7.9582976862059662e-06 7.7564395079233046e-05
537 0.0093637403883908722 7.8746777208296711e-06 7.6751970396646499e-05
538 0.0092660667352386615 7.7922795265255318e-06 7.595136668228411e-05
539 0.0091698084641137871 7.7110803016350157e-06 7.5162364459949074e-05
540 0.0090749394020488202 7.631057761261535e-06 7.4384749197121481e-05
541 0.0089814339632668175 7.5521901235181776e-06 7.3618311174318177e-05
542 0.0088892671337257555 7.4744560961953005e-06 7.2862845358407836e-05
543 0.0087984144561288804 7.3978348638328194e-06 7.2118151279744919e-05
544 0.0087088520153852968 7.3223060751838607e-06 7.1384032912994236e-05
545 0.0086205564245055329 7.247849831056422e-06 7.0660298561520766e-05
546 0.0085335048109174607 7.1744466725201419e-06 6.9946760745225086e-05
547 0.0084476748031884139 7.1020775694657068e-06 6.9243236091708304e-05
548 0.008363044518140024 7.0307239095053234e-06 6.8549545230655936e-05
549 0.008279592548342608 6.9603674872024195e-06 6.7865512691332857e-05
550 0.00819729794997664 6.8909904936202084e-06 6.7190966803087212e-05
551 0.0081161402310490436 6.8225755061775936e-06 6.652573959876265e-05
552 0.0080360993399527583 6.7551054788031851e-06 6.5869666720924254e-05
553 0.0079571556543581914 6.6885637323765713e-06 6.5222587330804847e-05
554 0.0078792899704258779 6.6229339454484425e-06 6.4584344019884239e-05
555 0.0078024834923297662 6.5582001452296833e-06 6.3954782724014473e-05
556 0.00772671782208107 6.4943466988406239e-06 6.3333752640008773e-05
557 0.0076519749496431052 6.4313583048127682e-06 6.272110614461561e-05
558 0.0075782372433275385 6.3692199848336689e-06 6.2116698715799492e-05
559 0.007505487440463204 6.3079170757279668e-06 6.1520388856255769e-05
560 0.0074337086383287412 6.2474352216668558e-06 6.0932038019088046e-05
561 0.0073628842853405638 6.1877603665981737e-06 6.0351510535578391e-05
562 0.0072929981724881533 6.1288787468905176e-06 5.9778673544984864e-05
563 0.0072240344250088752 6.0707768841845769e-06 5.9213396926302255e-05
564 0.0071559774942946764 6.0134415784447395e-06 5.8655553231923577e-05
565 0.0070888121500235074 5.9568599012050716e-06 5.8105017623143505e-05
566 0.007022523472508352 5.9010191890032627e-06 5.7561667807445505e-05
567 0.0069570968452571233 5.845907036996679e-06 5.7025383977517402e-05
568 0.0068925179477369262 5.7915112927551217e-06 5.649604875194202e-05
569 0.0068287727483362336 5.7378200502241131e-06 5.5973547117510111e-05
570 0.0067658474975190609 5.684821643854359e-06 5.5457766373107059e-05
571 0.0067037287211650564 5.6325046428912959e-06 5.4948596075123413e-05
572 0.0066424032140899713 5.5808578458205281e-06 5.4445927984344029e-05
573 0.0065818580337409218 5.5298702749639808e-06 5.3949656014269851e-05
574 0.0065220804940611127 5.4795311712220797e-06 5.3459676180828795e-05
575 0.0064630581595189968 5.4298299889579435e-06 5.2975886553434398e-05
576 0.0064047788392968081 5.3807563910188703e-06 5.2498187207350883e-05
577 0.0063472305816337045 5.3323002438910769e-06 5.2026480177325446e-05
578 0.0062904016683188709 5.2844516129835469e-06 5.1560669412449762e-05
579 0.0062342806093302078 5.2372007580377015e-06 5.110066073221482e-05
580 0.0061788561376140564 5.1905381286579997e-06 5.0646361783721771e-05
581 0.0061241172040020272 5.1444543599611331e-06 5.0197682000016615e-05
582 0.0060700529722606993 5.0989402683393311e-06 4.9754532559513929e-05
583 0.0060166528142703186 5.0539868473347183e-06 4.931682634647802e-05
584 0.0059639063053287793 5.0095852636216856e-06 4.8884477912530976e-05
585 0.0059118032195770972 4.965726853093562e-06 4.8457403439156533e-05
586 0.0058603335255429769 4.9224031170511852e-06 4.8035520701171942e-05
587 0.0058094873817988888 4.8796057184896846e-06 4.7618749031138435e-05
588 0.0057592551327314478 4.8373264784811181e-06 4.7207009284684001e-05
589 0.005709627304418847 4.7955573726500896e-06 4.6800223806711864e-05
590 0.0056605946006132238 4.7542905277394534e-06 4.6398316398469048e-05
591 0.0056121478988249247 4.71351821826357e-06 4.60012122854502e-05
592 0.0055642782465058823 4.6732328632470421e-06 4.5608838086113788e-05
593 0.0055169768573290557 4.6334270230455414e-06 4.5221121781385702e-05
594 0.0054702351075614445 4.5940933962473954e-06 4.4837992684929874e-05
595 0.0054240445325278476 4.5552248166528865e-06 4.4459381414162687e-05
596 0.0053783968231629195 4.5168142503295461e-06 4.4085219861991144e-05
597 0.0053332838226489597 4.4788547927408895e-06 4.3715441169253768e-05
598 0.005288697523137118 4.4413396659469976e-06 4.334997969784523e-05
599 0.0052446300625495603 4.4042622158742652e-06 4.2988771004504594e-05
600 0.0052010737214604882 4.3676159096531381e-06 4.2631751815249906e-05
601 0.0051580209200537061 4.3313943330213539e-06 4.2278860000440217e-05
602 0.0051154642151546616 4.295591187791091e-06 4.1930034550448047e-05
603 0.0050733962973349119 4.2602002893782815e-06 4.1585215551925507e-05
604 0.0050318099880870219 4.2252155643923693e-06 4.1244344164647722e-05
605 0.0049906982370679165 4.1906310482846049e-06 4.0907362598917349e-05
606 0.004950054119408894 4.156440883053662e-06 4.0574214093515528e-05
607 0.0049098708330904319 4.1226393150067387e-06 4.0244842894183869e-05
608 0.0048701416963800245 4.0892206925746355e-06 3.9919194232623151e-05
609 0.0048308601453313765 4.0561794641794874e-06 3.9597214305994887e-05
610 0.0047920197313432653 4.0235101761535503e-06 3.9278850256912009e-05
611 0.0047536141187764875 3.9912074707078004e-06 3.8964050153905634e-05
612 0.0047156370826273251 3.9592660839489414e-06 3.8652762972355124e-05
613 0.0046780825062560103 3.9276808439434767e-06 3.8344938575868939e-05
614 0.0046409443791687347 3.8964466688276587e-06 3.8040527698104386e-05
615 0.0046042167948517751 3.8655585649620506e-06 3.7739481925014549e-05
616 0.0045678939486563652 3.8350116251295612e-06 3.7441753677511191e-05
617 0.004531970135732955 3.8048010267757319e-06 3.7147296194532417e-05
618 0.0044964397490135479 3.7749220302900818e-06 3.6856063516504489e-05
619 0.0044612972772409172 3.7453699773277814e-06 3.6568010469187847e-05
620 0.0044265373030433807 3.7161402891700658e-06 3.6283092647896562e-05
621 0.0043921545010540087 3.6872284651227946e-06 3.6001266402082038e-05
622 0.004358143636073117 3.6586300809520454e-06 3.5722488820271452e-05
623 0.004324499561272851 3.6303407873555976e-06 3.5446717715351241e-05
624 0.0042912172164428679 3.6023563084697119e-06 3.517391161018744e-05
625 0.0042582916262759634 3.5746724404098837e-06 3.4904029723573473e-05
626 0.004225717898692697 3.5472850498451053e-06 3.4637031956497514e-05
627 0.0041934912232039724 3.5201900726044912e-06 3.4372878878721084e-05
628 0.0041616068693105792 3.4933835123154319e-06 3.4111531715660487e-05
629 0.004130060184938833 3.4668614390727281e-06 3.3852952335564202e-05
630 0.0040988465949113161 3.4406199881376283e-06 3.3597103236977998e-05
631 0.0040679615994518806 3.41465535866617e-06 3.3343947536490827e-05
632 0.004037400772724015 3.3889638124659826e-06 3.3093448956754223e-05
633 0.0040071597614017677 3.3635416727809712e-06 3.2845571814768585e-05
634 0.0039772342832723661 3.3383853231029635e-06 3.2600281010429234e-05
635 0.0039476201258698048 3.3134912060099503e-06 3.2357542015326266e-05
636 0.0039183131451385293 3.2888558220298228e-06 3.2117320861791222e-05
637 0.0038893092641265874 3.2644757285294814e-06 3.1879584132185145e-05
638 0.003860604471707418 3.2403475386282617e-06 3.1644298948421462e-05
639 0.0038321948213295874 3.2164679201351603e-06 3.1411432961717932e-05
640 0.0038040764297938606 3.1928335945095914e-06 3.1180954342572629e-05
641 0.0037762454760568139 3.1694413358445793e-06 3.0952831770957494e-05
642 0.0037486982000604326 3.1462879698722594e-06 3.0727034426724857e-05
643 0.0037214309015870125 3.1233703729908965e-06 3.0503531980221413e-05
644 0.0036944399391387523 3.100685471312967e-06 3.0282294583104528e-05
645 0.0036677217288414677 3.0782302397338995e-06 3.0063292859356293e-05
646 0.0036412727433717796 3.0560017010206949e-06 2.9846497896489996e-05
647 0.0036150895109072789 3.0339969249202741e-06 2.9631881236944909e-05
648 0.00358916861409906 3.0122130272868126e-06 2.9419414869664427e-05
649 0.0035635066890661159 2.9906471692277512e-06 2.9209071221853408e-05
650 0.0035381004244110417 2.9692965562679422e-06 2.9000823150910176e-05
651 0.0035129465602565866 2.9481584375316283e-06 2.87946439365294e-05
652 0.0034880418873024857 2.927230104941614e-06 2.8590507272971193e-05
653 0.0034633832459021532 2.9065088924354466e-06 2.8388387261493059e-05
654 0.0034389675251587427 2.8859921751980766e-06 2.8188258402940513e-05
655 0.0034147916620400807 2.8656773689105316e-06 2.7990095590492466e-05
656 0.0033908526405121093 2.8455619290144933e-06 2.7793874102558272e-05
657 0.0033671474906903139 2.8256433499920692e-06 2.7599569595822244e-05
658 0.0033436732880087593 2.8059191646605821e-06 2.7407158098432455e-05
659 0.0033204271524063548 2.7863869434821691e-06 2.7216616003330778e-05
660 0.0032974062475298479 2.7670442938874157e-06 2.7027920061720066e-05
661 0.0032746077799532653 2.7478888596131599e-06 2.684104737666611e-05
662 0.0032520289984133421 2.7289183200538207e-06 2.6655975396830672e-05
663 0.0032296671930606181 2.7101303896261345e-06 2.6472681910332935e-05
664 0.003207519694725798 2.69152281714679e-06 2.6291145038736049e-05
665 0.003185583874201061 2.6730933852228886e-06 2.6111343231156239e-05
666 0.0031638571415359544 2.6548399096547474e-06 2.5933255258491428e-05
667 0.0031423369453475428 2.6367602388508932e-06 2.5756860207766744e-05
668 0.0031210207721444889 2.6188522532548455e-06 2.5582137476594172e-05
669 0.0030999061456647371 2.6011138647835117e-06 2.5409066767743746e-05
670 0.0030789906262265209 2.5835430162769507e-06 2.5237628083823943e-05
671 0.00305827181009235 2.5661376809591036e-06 2.5067801722068442e-05
672 0.0030377473288457062 2.5488958619093699e-06 2.4899568269227102e-05
673 0.0030174148487801863 2.5318155915448243e-06 2.4732908596558905e-05
674 0.0029972720703007514 2.5148949311126378e-06 2.4567803854924191e-05
675 0.0029773167273368681 2.498131970192686e-06 2.4404235469974328e-05
676 0.0029575465867672382 2.4815248262099506e-06 2.424218513743638e-05
677 0.0029379594478558908 2.4650716439566429e-06 2.4081634818490908e-05
678 0.0029185531416993505 2.4487705951237137e-06 2.3922566735240577e-05
679 0.0028993255306846541 2.4326198778415783e-06 2.3764963366267657e-05
680 0.002880274507957976 2.4166177162298599e-06 2.3608807442278493e-05
681 0.0028613979969036264 2.4007623599559871e-06 2.3454081941833004e-05
682 0.0028426939506331953 2.3850520838024025e-06 2.3300770087157339e-05
683 0.0028241603514845889 2.3694851872420906e-06 2.3148855340037614e-05
684 0.0028057952105308183 2.3540599940225679e-06 2.2998321397793591e-05
685 0.0027875965670982254 2.3387748517577111e-06 2.2849152189329716e-05
686 0.0027695624882940299 2.3236281315276297e-06 2.2701331871262542e-05
687 0.0027516910685429371 2.3086182274861757e-06 2.2554844824122434e-05
688 0.0027339804291326431 2.293743556476056e-06 2.240967564862822e-05
689 0.0027164287177680151 2.2790025576512451e-06 2.2265809162032911e-05
690 0.0026990341081337943 2.2643936921067184e-06 2.2123230394539298e-05
691 0.0026817947994656061 2.2499154425151851e-06 2.1981924585783656e-05
692 0.0026647090161291236 2.2355663127707848e-06 2.184187718138626e-05
693 0.0026477750072071821 2.2213448276394712e-06 2.1703073829567065e-05
694 0.0026309910460947145 2.2072495324161438e-06 2.156550037782553e-05
695 0.0026143554301012945 2.1932789925881211e-06 2.1429142869682743e-05
696 0.0025978664800611661 2.1794317935050606e-06 2.1293987541484969e-05
697 0.0025815225399505723 2.1657065400550324e-06 2.1160020819266986e-05
698 0.0025653219765122471 2.1521018563466818e-06 2.1027229315674157e-05
699 0.0025492631788869022 2.1386163853973251e-06 2.0895599826941821e-05
700 0.0025333445582515855 2.1252487888268943e-06 2.076511932993103e-05
