index sum SD mean
25 0.0 0.0 0.0
26 0.0 0.0 0.0
27 0.0 0.0 0.0
28 0.0 0.0 0.0
29 0.0 0.0 0.0
30 0.0 0.0 0.0
31 0.0 0.0 0.0
32 0.0 0.0 0.0
33 0.0 0.0 0.0
34 0.0 0.0 0.0
35 0.0 0.0 0.0
36 0.0 0.0 0.0
37 0.0 0.0 0.0
38 0.0 0.0 0.0
39 0.0 0.0 0.0
40 0.0 0.0 0.0
41 0.0 0.0 0.0
42 0.0 0.0 0.0
43 0.0 0.0 0.0
44 0.0 0.0 0.0
45 0.0 0.0 0.0
46 0.0 0.0 0.0
47 0.0 0.0 0.0
48 0.0 0.0 0.0
49 0.0 0.0 0.0
50 0.0 0.0 0.0
51 0.0 0.0 0.0
52 0.0 0.0 0.0
53 0.0 0.0 0.0
54 0.0 0.0 0.0
55 0.0 0.0 0.0
56 0.0 0.0 0.0
57 0.0 0.0 0.0
58 0.0 0.0 0.0
59 0.0 0.0 0.0
60 0.026727277975394186 3.8027682745609478e-07 0.00021554256431769505
61 0.092666535150508947 2.839563188467238e-06 0.00074731076734281413
62 0.1870050448389218 9.8290582508887167e-06 0.0015081052003138855
63 0.30544032928198511 2.4145212552624807e-05 0.0024632284619514927
64 0.44521123718317873 4.862265831761993e-05 0.0035904132030901512
65 0.60425402108913928 8.5980798203074235e-05 0.0048730162991059622
66 0.78089464844190648 0.00013876573355980765 0.0062975374874347295
67 0.9737041514954774 0.00020932923052494472 0.007852452834640946
68 1.1814202076968656 0.00029982135696965677 0.0095275823201360129
69 1.4029004866393635 0.00041218985210588458 0.011313713601930351
70 1.6370929963976566 0.00054818358578855801 0.01320236287417465
71 1.8830161649999282 0.00070935814898830758 0.015185614233870388
72 2.1397442667040578 0.00089708100105387475 0.017256002150839177
73 2.4063937958166428 0.0011125303429059498 0.019406401579166475
74 2.6821030456290891 0.0013566722649412395 0.021629863271202331
75 2.9659898417748405 0.0016301820036265064 0.023919272917539036
76 3.2570635184669747 0.001933251009134616 0.026266641277959475
77 3.5540655699150983 0.0022652133627539665 0.028661819112218535
78 3.8552324391014938 0.0026239679352212104 0.03109058418630237
79 4.1580206229652656 0.0030052895537295704 0.033532424378752139
80 4.4588936963131882 0.0034022792454638678 0.035958820131557968
81 4.7533032597271765 0.0038052957288869441 0.038333090804251423
82 5.0359608453501128 0.0042026227403424033 0.040612587462500911
83 5.3013928995647905 0.0045818477221746673 0.042753168544877346
84 5.5446470016019873 0.0049315984793963956 0.044714895174209575
85 5.7619471252156149 0.0052431106770395933 0.046467315525932376
86 5.9511186225178401 0.0055111833220805265 0.047992892117079355
87 6.1116991013589477 0.0057343485518022951 0.049287895978701188
88 6.244761299096945 0.0059143679076799219 0.050360978218523748
89 6.3525472709651956 0.0060553330698893864 0.051230219927138672
90 6.4380323087827582 0.006162668963923197 0.051919615393409342
91 6.5045147357228155 0.0062422566505168416 0.052455763997764644
92 6.5552882146064064 0.0062997840401713412 0.052865227537148438
93 6.5934158865490353 0.0063403430342496726 0.053172708762492221
94 6.6216000835709163 0.0063682359564575571 0.053400000673959003
95 6.6421283429440656 0.0063869345927531317 0.053565551152774719
96 6.656873033029564 0.0063991349619177068 0.053684459943786809
97 6.6673240366853648 0.0064068617405158039 0.053768742231333586
98 6.6746383788912649 0.0064115902711455825 0.053827728862026331
99 6.6796956102270615 0.0064143646624719823 0.053868512985702111
100 6.6831514819085029 0.0064159048858034411 0.05389638291861696
101 6.6854864905880111 0.0064166926167778388 0.053915213633774287
102 6.6870469761024793 0.0064170413173616474 0.053927798194374835
103 6.6880788273395542 0.0064171483342103193 0.053936119575318985
104 6.6887541272124178 0.0064171334018966308 0.053941565542035629
105 6.6891916795021471 0.0064170658966376517 0.053945094189533443
106 6.6894724454217256 0.0064169836152182065 0.053947358430820366
107 6.689650912417993 0.006416905323017961 0.053948797680790264
108 6.6897633188300292 0.0064168388461325904 0.053949704184113136
109 6.6898334910610027 0.0064167861176056273 0.053950270089201634
110 6.6898769211981737 0.0064167462084557779 0.053950620332243335
111 6.6899035766312194 0.006416717043873141 0.053950835295413058
112 6.6899198045964914 0.0064166963177134167 0.05395096616610074
113 6.6899296070066194 0.0064166819255378335 0.05395104521779532
114 6.6899354817215491 0.0064166721647160837 0.05395109259452862
115 6.6899389770793176 0.0064166656430919696 0.053951120782897724
116 6.6899410440199159 0.0064166613735762894 0.053951137451773518
117 6.689942258348144 0.0064166585546107076 0.053951147244743099
118 6.6899429666534669 0.0064166567462304877 0.053951152956882797
119 6.6899433763696603 0.0064166555710299432 0.05395115626104565
120 6.6899436119675153 0.0064166548374527425 0.053951158161028349
121 6.6899437463502389 0.0064166543756759009 0.053951159244759989
122 6.6899438227040733 0.0064166540947263448 0.053951159860516719
123 6.6899438658466313 0.0064166539242523453 0.053951160208440575
124 6.689943890047422 0.0064166538207790893 0.053951160403608242
125 6.6899439035139858 0.0064166537582542992 0.053951160512209564
126 6.6899439110212979 0.0064166537217205102 0.053951160572752406
127 6.6899439151643705 0.006416653700155533 0.053951160606164277
128 6.689943917425361 0.0064166536873756837 0.053951160624398073
129 6.6899439186433129 0.0064166536799263058 0.053951160634220265
130 6.6899439192878196 0.0064166536756698764 0.053951160639417899
131 6.6899439196200454 0.0064166536733204918 0.053951160642097137
132 6.6899439196200454 0.0064166536733204918 0.053951160642097137
133 6.6899439196200454 0.0064166536733204918 0.053951160642097137
134 6.6899439196200454 0.0064166536733204918 0.053951160642097137
135 6.6899439196200454 0.0064166536733204918 0.053951160642097137
136 6.6899439196200454 0.0064166536733204918 0.053951160642097137
137 6.6899439196200454 0.0064166536733204918 0.053951160642097137
138 6.6899439196200454 0.0064166536733204918 0.053951160642097137
139 6.6899439196200454 0.0064166536733204918 0.053951160642097137
140 6.6899439196200454 0.0064166536733204918 0.053951160642097137
141 6.6899439196200454 0.0064166536733204918 0.053951160642097137
142 6.6899439196200454 0.0064166536733204918 0.053951160642097137
143 6.6899439196200454 0.0064166536733204918 0.053951160642097137
144 6.6899439196200454 0.0064166536733204918 0.053951160642097137
145 6.6899439196200454 0.0064166536733204918 0.053951160642097137
146 6.6899439196200454 0.0064166536733204918 0.053951160642097137
147 6.6899439196200454 0.0064166536733204918 0.053951160642097137
148 6.6899439196200454 0.0064166536733204918 0.053951160642097137
149 6.6899439196200454 0.0064166536733204918 0.053951160642097137
150 6.6899439196200454 0.0064166536733204918 0.053951160642097137
151 6.6899439196200454 0.0064166536733204918 0.053951160642097137
152 6.6899439196200454 0.0064166536733204918 0.053951160642097137
153 6.6899439196200454 0.0064166536733204918 0.053951160642097137
154 6.6899439196200454 0.0064166536733204918 0.053951160642097137
155 6.6899439196200454 0.0064166536733204918 0.053951160642097137
156 6.6899439196200454 0.0064166536733204918 0.053951160642097137
157 6.6899439196200454 0.0064166536733204918 0.053951160642097137
158 6.6899439196200454 0.0064166536733204918 0.053951160642097137
159 6.6899439196200454 0.0064166536733204918 0.053951160642097137
160 6.6899439196200454 0.0064166536733204918 0.053951160642097137
161 6.6899439196200454 0.0064166536733204918 0.053951160642097137
162 6.6899439196200454 0.0064166536733204918 0.053951160642097137
163 6.6899439196200454 0.0064166536733204918 0.053951160642097137
164 6.6899439196200454 0.0064166536733204918 0.053951160642097137
165 6.6899439196200454 0.0064166536733204918 0.053951160642097137
166 6.6899439196200454 0.0064166536733204918 0.053951160642097137
167 6.6899439196200454 0.0064166536733204918 0.053951160642097137
168 6.6899439196200454 0.0064166536733204918 0.053951160642097137
169 6.6899439196200454 0.0064166536733204918 0.053951160642097137
170 6.6899439196200454 0.0064166536733204918 0.053951160642097137
171 6.6899439196200454 0.0064166536733204918 0.053951160642097137
172 6.6899439196200454 0.0064166536733204918 0.053951160642097137
173 6.6899439196200454 0.0064166536733204918 0.053951160642097137
174 6.6899439196200454 0.0064166536733204918 0.053951160642097137
175 6.6899439196200454 0.0064166536733204918 0.053951160642097137
176 6.6899439196200454 0.0064166536733204918 0.053951160642097137
177 6.6899439196200454 0.0064166536733204918 0.053951160642097137
178 6.6899439196200454 0.0064166536733204918 0.053951160642097137
179 6.6899439196200454 0.0064166536733204918 0.053951160642097137
180 6.6899439196200454 0.0064166536733204918 0.053951160642097137
181 6.6899439196200454 0.0064166536733204918 0.053951160642097137
182 6.6899439196200454 0.0064166536733204918 0.053951160642097137
183 6.6899439196200454 0.0064166536733204918 0.053951160642097137
184 6.6899439196200454 0.0064166536733204918 0.053951160642097137
185 6.6899439196200454 0.0064166536733204918 0.053951160642097137
186 6.6899439196200454 0.0064166536733204918 0.053951160642097137
187 6.6899439196200454 0.0064166536733204918 0.053951160642097137
188 6.6899439196200454 0.0064166536733204918 0.053951160642097137
189 6.6899439196200454 0.0064166536733204918 0.053951160642097137
190 6.6899439196200454 0.0064166536733204918 0.053951160642097137
191 6.6899439196200454 0.0064166536733204918 0.053951160642097137
192 6.6899439196200454 0.0064166536733204918 0.053951160642097137
193 6.6899439196200454 0.0064166536733204918 0.053951160642097137
194 6.6899439196200454 0.0064166536733204918 0.053951160642097137
195 6.6899439196200454 0.0064166536733204918 0.053951160642097137
196 6.6899439196200454 0.0064166536733204918 0.053951160642097137
197 6.6899439196200454 0.0064166536733204918 0.053951160642097137
198 6.6899439196200454 0.0064166536733204918 0.053951160642097137
199 6.6899439196200454 0.0064166536733204918 0.053951160642097137
200 6.6899439196200454 0.0064166536733204918 0.053951160642097137
201 6.6899439196200454 0.0064166536733204918 0.053951160642097137
202 6.6899439196200454 0.0064166536733204918 0.053951160642097137
203 6.6899439196200454 0.0064166536733204918 0.053951160642097137
204 6.6899439196200454 0.0064166536733204918 0.053951160642097137
205 6.6899439196200454 0.0064166536733204918 0.053951160642097137
206 6.6899439196200454 0.0064166536733204918 0.053951160642097137
207 6.6899439196200454 0.0064166536733204918 0.053951160642097137
208 6.6899439196200454 0.0064166536733204918 0.053951160642097137
209 6.6899439196200454 0.0064166536733204918 0.053951160642097137
210 6.6899439196200454 0.0064166536733204918 0.053951160642097137
211 6.6899439196200454 0.0064166536733204918 0.053951160642097137
212 6.6899439196200454 0.0064166536733204918 0.053951160642097137
213 6.6899439196200454 0.0064166536733204918 0.053951160642097137
214 6.6899439196200454 0.0064166536733204918 0.053951160642097137
215 6.6899439196200454 0.0064166536733204918 0.053951160642097137
216 6.6899439196200454 0.0064166536733204918 0.053951160642097137
217 6.6899439196200454 0.0064166536733204918 0.053951160642097137
218 6.6899439196200454 0.0064166536733204918 0.053951160642097137
219 6.6899439196200454 0.0064166536733204918 0.053951160642097137
220 6.6899439196200454 0.0064166536733204918 0.053951160642097137
221 6.6899439196200454 0.0064166536733204918 0.053951160642097137
222 6.6899439196200454 0.0064166536733204918 0.053951160642097137
223 6.6899439196200454 0.0064166536733204918 0.053951160642097137
224 6.6899439196200454 0.0064166536733204918 0.053951160642097137
225 6.6899439196200454 0.0064166536733204918 0.053951160642097137
226 6.6899439196200454 0.0064166536733204918 0.053951160642097137
227 6.6899439196200454 0.0064166536733204918 0.053951160642097137
228 6.6899439196200454 0.0064166536733204918 0.053951160642097137
229 6.6899439196200454 0.0064166536733204918 0.053951160642097137
230 6.6899439196200454 0.0064166536733204918 0.053951160642097137
231 6.6899439196200454 0.0064166536733204918 0.053951160642097137
232 6.6899439196200454 0.0064166536733204918 0.053951160642097137
233 6.6899439196200454 0.0064166536733204918 0.053951160642097137
234 6.6899439196200454 0.0064166536733204918 0.053951160642097137
235 6.6899439196200454 0.0064166536733204918 0.053951160642097137
236 6.6899439196200454 0.0064166536733204918 0.053951160642097137
237 6.6899439196200454 0.0064166536733204918 0.053951160642097137
238 6.6899439196200454 0.0064166536733204918 0.053951160642097137
239 6.6899439196200454 0.0064166536733204918 0.053951160642097137
240 6.6899439196200454 0.0064166536733204918 0.053951160642097137
241 6.6899439196200454 0.0064166536733204918 0.053951160642097137
242 6.6899439196200454 0.0064166536733204918 0.053951160642097137
243 6.6899439196200454 0.0064166536733204918 0.053951160642097137
244 6.6899439196200454 0.0064166536733204918 0.053951160642097137
245 6.6899439196200454 0.0064166536733204918 0.053951160642097137
246 6.6899439196200454 0.0064166536733204918 0.053951160642097137
247 6.6899439196200454 0.0064166536733204918 0.053951160642097137
248 6.6899439196200454 0.0064166536733204918 0.053951160642097137
249 6.6899439196200454 0.0064166536733204918 0.053951160642097137
250 6.6899439196200454 0.0064166536733204918 0.053951160642097137
251 6.6899439196200454 0.0064166536733204918 0.053951160642097137
252 6.6899439196200454 0.0064166536733204918 0.053951160642097137
253 6.6899439196200454 0.0064166536733204918 0.053951160642097137
254 6.6899439196200454 0.0064166536733204918 0.053951160642097137
255 6.6899439196200454 0.0064166536733204918 0.053951160642097137
256 6.6899439196200454 0.0064166536733204918 0.053951160642097137
257 6.6899439196200454 0.0064166536733204918 0.053951160642097137
258 6.6899439196200454 0.0064166536733204918 0.053951160642097137
259 6.6899439196200454 0.0064166536733204918 0.053951160642097137
260 6.6899439196200454 0.0064166536733204918 0.053951160642097137
261 6.6899439196200454 0.0064166536733204918 0.053951160642097137
262 6.6899439196200454 0.0064166536733204918 0.053951160642097137
263 6.6899439196200454 0.0064166536733204918 0.053951160642097137
264 6.6899439196200454 0.0064166536733204918 0.053951160642097137
265 6.6899439196200454 0.0064166536733204918 0.053951160642097137
266 6.6899439196200454 0.0064166536733204918 0.053951160642097137
267 6.6899439196200454 0.0064166536733204918 0.053951160642097137
268 6.6899439196200454 0.0064166536733204918 0.053951160642097137
269 6.6899439196200454 0.0064166536733204918 0.053951160642097137
270 6.6899439196200454 0.0064166536733204918 0.053951160642097137
271 6.6899439196200454 0.0064166536733204918 0.053951160642097137
272 6.6899439196200454 0.0064166536733204918 0.053951160642097137
273 6.6899439196200454 0.0064166536733204918 0.053951160642097137
274 6.6899439196200454 0.0064166536733204918 0.053951160642097137
275 6.6899439196200454 0.0064166536733204918 0.053951160642097137
276 6.6899439196200454 0.0064166536733204918 0.053951160642097137
277 6.6899439196200454 0.0064166536733204918 0.053951160642097137
278 6.6899439196200454 0.0064166536733204918 0.053951160642097137
279 6.6899439196200454 0.0064166536733204918 0.053951160642097137
280 6.6899439196200454 0.0064166536733204918 0.053951160642097137
281 6.6899439196200454 0.0064166536733204918 0.053951160642097137
282 6.6899439196200454 0.0064166536733204918 0.053951160642097137
283 6.6899439196200454 0.0064166536733204918 0.053951160642097137
284 6.6899439196200454 0.0064166536733204918 0.053951160642097137
285 6.6899439196200454 0.0064166536733204918 0.053951160642097137
286 6.6899439196200454 0.0064166536733204918 0.053951160642097137
287 6.6899439196200454 0.0064166536733204918 0.053951160642097137
288 6.6899439196200454 0.0064166536733204918 0.053951160642097137
289 6.6899439196200454 0.0064166536733204918 0.053951160642097137
290 6.6899439196200454 0.0064166536733204918 0.053951160642097137
291 6.6899439196200454 0.0064166536733204918 0.053951160642097137
292 6.6899439196200454 0.0064166536733204918 0.053951160642097137
293 6.6899439196200454 0.0064166536733204918 0.053951160642097137
294 6.6899439196200454 0.0064166536733204918 0.053951160642097137
295 6.6899439196200454 0.0064166536733204918 0.053951160642097137
296 6.6899439196200454 0.0064166536733204918 0.053951160642097137
297 6.6899439196200454 0.0064166536733204918 0.053951160642097137
298 6.6899439196200454 0.0064166536733204918 0.053951160642097137
299 6.6899439196200454 0.0064166536733204918 0.053951160642097137
300 6.2613951369207275 0.0061967395808850854 0.050495122071941352
301 5.8591981979657897 0.0059612014221031937 0.047251598370691851
302 5.481993671972841 0.0057152043936200807 0.044209626386877747
303 5.1284766960486881 0.005463134233042166 0.041358683032650709
304 4.7973915341824718 0.0052086332045846164 0.038688641404697355
305 4.4875289196997663 0.0049546945364512462 0.03618974935241747
306 4.1977241380674428 0.0047037526885289477 0.033852614016672923
307 3.9268555941283401 0.0044577617061466639 0.031668190275228547
308 3.6738437235396075 0.0042182632960116109 0.029627771964029093
309 3.4376502669759121 0.0039864452429122163 0.02772298602399929
310 3.2172777721737327 0.0037631927663809728 0.025945788485272039
311 3.0117692934386486 0.0035491334614534665 0.024288462043860069
312 2.8202082120551122 0.003344676995355237 0.02274361461334768
313 2.641718123475294 0.0031500500451664398 0.021304178415123338
314 2.4754627199808237 0.0029653273294843684 0.019963409032103415
315 2.3206456345313367 0.0027904587914321295 0.018714884149446262
316 2.1765101833658047 0.002625293593834491 0.017552501478756491
317 2.0423390058594246 0.0024696009365696206 0.016470475853705039
318 1.9174535468829128 0.0023230882264382311 0.015463335055507361
319 1.8012133919233062 0.002185416629814058 0.014525914450994404
320 1.6930154450663275 0.0020562143557166417 0.013653350363438125
321 1.5922929562817421 0.0019350878339756364 0.012841072228078565
322 1.4985144092479508 0.0018216310361377321 0.012084793622967344
323 1.4111822870469841 0.0017154331245993312 0.011380502314895033
324 1.3298317340800998 0.0016160846672767435 0.010724449468387902
325 1.2540291398356647 0.0015231825439700134 0.010113138224481167
326 1.1833706539751365 0.0014363337017173424 0.0095433117256059404
327 1.1174806795659356 0.0013551581822096122 0.0090119409642414154
328 1.0560103297860768 0.0012792910856978385 0.0085162123369844894
329 0.99863590039369954 0.0012083840723430743 0.0080535153257556419
330 0.94505734594556967 0.0011421062238803313 0.0076214302092384653
331 0.89499679690034994 0.0010801445095536808 0.0072177161040350799
332 0.84819710843937746 0.0010222038922712562 0.0068402992616078831
333 0.80442046614159923 0.00096800714791626897 0.0064872618237225748
334 0.76344704622979109 0.00091729446902698211 0.0061568310179821858
335 0.72507373855017343 0.00086982294026152751 0.005847368859275592
336 0.6891129349409072 0.00082536586195488908 0.005557362378555703
337 0.65539138476343117 0.00078371202114273458 0.0052854143932534771
338 0.62374911881089945 0.00074466489528731035 0.0050302348291201568
339 0.59403844021690411 0.00070804184809668009 0.0047906325823943883
340 0.56612298155969021 0.00067367330378394652 0.0045655079158039534
341 0.53987682660531366 0.0006414019382767498 0.0043538453758493034
342 0.51518369311822021 0.00061108187505083135 0.0041547072025662924
343 0.49193617546900192 0.0005825779245452247 0.003967227221524209
344 0.47003504352970954 0.00055576484062801548 0.0037906051897557223
345 0.44938859357816296 0.00053052661352444329 0.0036241015611142174
346 0.42991209806042918 0.000506755902361119 0.0034670330488744288
347 0.41152705652744359 0.00048435300844325692 0.0033187665848987387
348 0.39416099193170162 0.0004632259073281268 0.0031787176768685614
349 0.37774677371227483 0.0004432892578687772 0.003046344949292539
350 0.36222224136191605 0.00042446400670418646 0.0029211471077573875
351 0.34752980946125284 0.00040667690756525989 0.0028026597537197809
352 0.33361610455621482 0.00038986007656578454 0.0026904524560985065
353 0.32043163165024724 0.00037395058072034102 0.0025841260616955423
354 0.30793046855850692 0.00035889005585271243 0.0024833102303105396
355 0.29606998445807009 0.00034462435434646989 0.0023876611649844364
356 0.28481058256313013 0.00033110322002921156 0.0022968595367994366
357 0.27411546337838222 0.00031827998837977953 0.0022106085756321146
358 0.26395040799140296 0.00030611130860424169 0.0021286323225113142
359 0.25428357832693721 0.0002945568903957334 0.0020506740187656225
360 0.24508533465313673 0.00028357926860596484 0.0019764946342994897
361 0.23632806755657437 0.00027314358790466559 0.0019058715125530191
362 0.22798604387076071 0.00026321740326507546 0.0018385971279900057
363 0.22003526501793991 0.00025377049771839802 0.0017744779436930638
364 0.21245333694354096 0.00024477471378557059 0.0017133333624479109
365 0.20521935053572207 0.00023620379879279936 0.0016549947623848555
366 0.19831377168135741 0.00022803326246310305 0.0015993046103335276
367 0.19171834015388228 0.000220240245787204 0.0015461156464022766
368 0.18541597656581482 0.00021280340038986963 0.0014952901335952809
369 0.17939069672014907 0.00020570277743369543 0.0014466991670979764
370 0.17362753272971468 0.00019891972533643136 0.0014002220381428604
371 0.16811246034098165 0.0001924367955416776 0.0013557456479111423
372 0.16283233196253047 0.00018623765558314063 0.0013131639674397618
373 0.15777481480871325 0.00018030700944356954 0.0012723775387799455
374 0.1529283339737334 0.00017463052331845546 0.0012332930159172047
375 0.14828201977380542 0.00016919475772316685 0.001195822740111334
376 0.14382565914150214 0.00016398710467150011 0.0011598843479153399
377 0.13954965070793449 0.00015899572967886517 0.0011254004089349555
378 0.13544496327442801 0.00015420951819368839 0.0010922980909228066
379 0.13150310226244935 0.00014961802842474462 0.0010605088892133012
380 0.12771605428099414 0.00014521143555341209 0.0010299681796854367
381 0.12407628890268253 0.00014098050751706469 0.0010006152330861494
382 0.12057669009609789 0.00013691654619996211 0.00097239266206530556
383 0.11721056345791524 0.00013301136848647518 0.0009452464794993164
384 0.11397158028110074 0.00012925725824204016 0.00091912564742823181
385 0.11085376678744988 0.00012564694376894161 0.00089398199022136993
386 0.10785149065067265 0.00012217356894768787 0.00086977008589252136
387 0.10495941651726817 0.00011883066042979024 0.00084644690739732399
388 0.10217251241035978 0.00011561210985206729 0.000823971874277095
389 0.09948600719394099 0.00011251214492308991 0.0008023065096285564
390 0.096895396683051013 0.00010952531216129831 0.00078141448937944368
391 0.09439640616863551 0.00010664645497043353 0.00076126134006964123
392 0.091984996520669882 0.00010387069429368146 0.00074181448806991839
393 0.089657330482463049 0.00010119341568591365 0.00072304298776179881
394 0.087409779682121685 9.8610244681838436e-05 0.00070491757808162651
395 0.085238893104916891 9.6117045500217555e-05 0.00068741042826545875
396 0.083141405749980676 9.3709888312687074e-05 0.0006704952076611345
397 0.081114212229508764 9.1385048999520119e-05 0.00065414687281861912
398 0.079154362477240253 8.9139007637675799e-05 0.0006383416328809698
399 0.077259056029571241 8.6968413736492628e-05 0.00062305690346428416
400 0.075425630440325492 8.4870088394013008e-05 0.0006082712132284314
401 0.07365155441548156 8.2841011398386929e-05 0.00059396414851194807
402 0.071934422259031502 8.0878303971612103e-05 0.00058011630854057665
403 0.070271937777411336 7.8979254769412453e-05 0.00056670917562428496
404 0.06866192290434335 7.714125735855489e-05 0.00055372518471244632
405 0.067102297984633921 7.5361850249039387e-05 0.00054114756439220904
406 0.065591083405131506 7.3638684749269739e-05 0.00052896035004138312
407 0.064126392374469876 7.1969524647573705e-05 0.00051714832560056348
408 0.062706422662427291 7.0352248343583714e-05 0.00050569695695505885
409 0.061329465096434728 6.8784809446714148e-05 0.00049459246045511877
410 0.059993878855234523 6.7265281912809205e-05 0.00048382160367124613
411 0.05869810117286952 6.5791821015385025e-05 0.00047337178365217353
412 0.057440638993701096 6.4362669506838523e-05 0.00046323095962662173
413 0.056220068633547372 6.2976143059899066e-05 0.00045338765027054333
414 0.055035027354609585 6.1630641231321274e-05 0.00044383086576298055
415 0.053884212764396401 6.0324635132805995e-05 0.00043455010293868066
416 0.052766381450402126 5.905665844694951e-05 0.00042553533427743651
417 0.051680342287259512 5.7825315724171494e-05 0.0004167769539295122
418 0.05062495625628121 5.6629271075242259e-05 0.00040826577626033232
419 0.049599132738263219 5.546724837150357e-05 0.00039999300595373562
420 0.048601828910796896 5.433802284275781e-05 0.00039195023315158789
421 0.047632044798232187 5.3240426576652797e-05 0.00038412939353413056
422 0.0466888228584669 5.2173340285258999e-05 0.00037652276498763629
423 0.045771245157237052 5.1135693169276817e-05 0.00036912294481642783
424 0.044878432702901552 5.0126456749838344e-05 0.00036192284437823832
425 0.044009541810394785 4.9144648506948956e-05 0.00035491565976124826
426 0.043163763546594756 4.8189325821100191e-05 0.00034809486731124801
427 0.042340321809505289 4.7259585005738834e-05 0.00034145420814117171
428 0.041538471549771958 4.6354560011505644e-05 0.00033498767378848353
429 0.040757498122418551 4.5473418275869036e-05 0.00032868950098724638
430 0.039996714792290805 4.4615362742601506e-05 0.00032255415155073232
431 0.039255462106931691 4.3779627756256911e-05 0.00031657630731396524
432 0.038533106492759803 4.2965478212674503e-05 0.00031075085881257904
433 0.037829038929139233 4.2172208481082138e-05 0.00030507289458983253
434 0.037142674309210678 4.1399139617960288e-05 0.0002995376960420216
435 0.036473449766690196 4.0645620356872827e-05 0.00029414072392492096
436 0.035820824026179615 3.9911024339998649e-05 0.00028887761311435176
437 0.035184276370172886 3.9194749378306293e-05 0.00028374416427558782
438 0.034563305624771459 3.8496216549841615e-05 0.00027873633568364079
439 0.033957429599424056 3.7814868342260842e-05 0.0002738502387050327
440 0.033366183940325596 3.7150169017174058e-05 0.00026908212855101285
441 0.032789121509841528 3.6501602733593431e-05 0.00026442839927291555
442 0.032225811555768626 3.5868673035545409e-05 0.00025988557706265022
443 0.031675839169539616 3.5250901462018554e-05 0.00025545031588338401
444 0.03113880446839137 3.4647827656145471e-05 0.00025111939087412393
445 0.030614322008830505 3.4059007961654516e-05 0.00024688969361960086
446 0.030102020177102555 3.3484014873528075e-05 0.00024275822723469803
447 0.029601540564436802 3.2922436408364552e-05 0.00023872210132610324
448 0.029112537521189166 3.2373875164836322e-05 0.00023477852839668683
449 0.028634677571208508 3.1837948209106509e-05 0.00023092481912264927
450 0.028167638901706385 3.1314286103453868e-05 0.00022715837823956763
451 0.027711110900091079 3.0802532447228059e-05 0.00022347670080718611
452 0.027264793699567483 3.0302343339995326e-05 0.00021987736854489905
453 0.026828397718574967 2.9813386883354767e-05 0.00021635804611754006
454 0.026401643295564124 2.9335342591610099e-05 0.00021291647819003326
455 0.025984260302081511 2.8867901142783512e-05 0.00020955048630710897
456 0.02557598771404963 2.8410763752598028e-05 0.00020625796543588412
457 0.025176573275510965 2.7963641805376782e-05 0.0002030368812541207
458 0.024785773155090389 2.7526256449935215e-05 0.0001998852673797612
459 0.024403351617798483 2.7098338213786029e-05 0.0001968012227241813
460 0.024029080711411938 2.6679626634733821e-05 0.0001937829089629995
461 0.023662739966705558 2.626986990897757e-05 0.00019082854811859322
462 0.02330411611084935 2.586882455489489e-05 0.00018793642024878508
463 0.022953002793319167 2.5476255091719708e-05 0.00018510486123644491
464 0.022609200323705031 2.5091933732372713e-05 0.00018233226067504058
465 0.022272515420834287 2.4715640089741783e-05 0.00017961705984543779
466 0.021942760972659504 2.4347160895751111e-05 0.00017695774977951212
467 0.021619755806391118 2.3986289732590889e-05 0.00017435286940637999
468 0.021303324468384541 2.3632826775518501e-05 0.00017180100377729468
469 0.020993297013318171 2.3286578546671874e-05 0.00016930078236546912
470 0.020689508802224164 2.2947357679366735e-05 0.00016685087743729165
471 0.020391800308957698 2.2614982692380459e-05 0.00016445000249159435
472 0.020100016934711452 2.22892777737476e-05 0.00016209691076380202
473 0.019814008830202852 2.1970072573620421e-05 0.00015979039379195847
474 0.019533630725180315 2.1657202005769848e-05 0.00015752928004177674
475 0.019258741764912095 2.1350506057322953e-05 0.00015531243358800077
476 0.018989205353338486 2.1049829606355992e-05 0.00015313875284950391
477 0.018724889002583178 2.0755022246977606e-05 0.00015100716937567078
478 0.018465664188535527 2.0465938121560257e-05 0.00014891664668173813
479 0.018211406212228429 2.0182435759788829e-05 0.00014686617913087441
480 0.017961994066751513 1.9904377924218973e-05 0.00014485479086089929
481 0.017717310309450941 1.9631631462046513e-05 0.00014288153475363661
482 0.017477240939180304 1.9364067162809317e-05 0.00014094549144500246
483 0.017241675278378457 1.9101559621754673e-05 0.00013904576837401981
484 0.017010505859760838 1.88439871086177e-05 0.00013718149886903901
485 0.016783628317421976 1.8591231441571507e-05 0.00013535184126953206
486 0.016560941282156162 1.8343177866119237e-05 0.00013355597808190452
487 0.016342346280813064 1.8099714938711061e-05 0.00013179311516784729
488 0.016127747639513579 1.7860734414878401e-05 0.00013006248096381919
489 0.015917052390559922 1.7626131141689085e-05 0.00012836332573032196
490 0.015710170182881719 1.7395802954336039e-05 0.00012669492082969128
491 0.015507013195867371 1.7169650576680826e-05 0.00012505655803118847
492 0.015307496056437046 1.6947577525582077e-05 0.00012344754884223425
493 0.015111535759220642 1.6729490018847736e-05 0.0001218672238646826
494 0.014919051589710014 1.6515296886655895e-05 0.00012031493217508076
495 0.014729965050261463 1.6304909486299089e-05 0.00011879004072791502
496 0.014544199788829384 1.6098241620109866e-05 0.00011729193378088214
497 0.014361681530318316 1.5895209456436102e-05 0.00011582001234127675
498 0.014182338010445243 1.5695731453537887e-05 0.00011437369363262292
499 0.014006098912009088 1.5499728286284803e-05 0.00011295241058071846
500 0.013832895803469076 1.5307122775537584e-05 0.000111555611318299
501 0.013662662079738076 1.5117839820104411e-05 0.00011018275870756513
502 0.013495332905101206 1.4931806331165601e-05 0.00010883332987984843
503 0.013330845158173959 1.4748951169066174e-05 0.00010750681579172548
504 0.013169137378818216 1.4569205082380916e-05 0.00010620272079692109
505 0.013010149716937655 1.4392500649158915e-05 0.00010492056223336818
506 0.012853823883078128 1.4218772220261313e-05 0.00010365987002482362
507 0.01270010310076122 1.4047955864706988e-05 0.00010242018629646145
508 0.012548932060482994 1.3879989316947705e-05 0.00010120106500389511
509 0.012400256875312302 1.3714811925994741e-05 0.00010000207157509921
510 0.012254025038026421 1.355236460632505e-05 9.8822782564729201e-05
511 0.012110185379723937 1.3392589790495937e-05 9.7662785320354334e-05
512 0.011968688029857972 1.3235431383402435e-05 9.6521677660144938e-05
513 0.011829484377634748 1.3080834718112449e-05 9.5399067561570541e-05
514 0.011692527034725207 1.2928746513219102e-05 9.4294572860687152e-05
515 0.011557769799239418 1.2779114831651191e-05 9.3207820961608214e-05
516 0.011425167620915755 1.2631889040885953e-05 9.2138448555772215e-05
517 0.011294676567478842 1.248701977451074e-05 9.1086101350635826e-05
518 0.011166253792121984 1.2344458895081002e-05 9.0050433807435347e-05
519 0.011039857502072141 1.2204159458227266e-05 8.9031108887678559e-05
520 0.010915446928196624 1.2066075677962045e-05 8.8027797808037288e-05
521 0.010792982295612843 1.1930162893142379e-05 8.7040179803329377e-05
522 0.010672424795264021 1.1796377535045317e-05 8.6067941897290497e-05
523 0.010553736556424822 1.1664677096012956e-05 8.5110778680845339e-05
524 0.010436880620103176 1.1535020099129877e-05 8.4168392097606266e-05
525 0.010321820913304915 1.1407366068891904e-05 8.3240491236329957e-05
526 0.010208522224130299 1.1281675502832584e-05 8.2326792130083055e-05
527 0.010096950177671668 1.1157909844069469e-05 8.1427017561868292e-05
528 0.0099870712126836677 1.103603145473889e-05 8.0540896876481188e-05
529 0.0098788525589979265 1.0916003590285484e-05 7.9668165798370378e-05
530 0.0097722622156556464 1.079779037457628e-05 7.8808566255287473e-05
531 0.0096672689297322058 1.0681356775808615e-05 7.7961846207517789e-05
532 0.0095638421758294598 1.0566668583184811e-05 7.7127759482495647e-05
533 0.0094619521362118101 1.045369238432499e-05 7.6306065614611371e-05
534 0.0093615696815633562 1.0342395543391925e-05 7.5496529690027066e-05
535 0.0092626663523443925 1.0232746179903147e-05 7.4698922196325741e-05
536 0.009165214340726105 1.0124713148205459e-05 7.3913018876823426e-05
537 0.0090692338174706011 1.0018312928958836e-05 7.3138982398956458e-05
538 0.0089746494977390352 9.9134675880661107e-06 7.2376205626927703e-05
539 0.0088814354663185047 9.8101481026512122e-06 7.162447956708471e-05
540 0.0087895663915291931 9.7083261076669502e-06 7.0883599931687044e-05
541 0.0086990175098103882 9.6079738783887717e-06 7.0153367014599908e-05
542 0.0086097646107727594 9.5090643134417385e-06 6.9433585570748057e-05
543 0.0085217840227012412 9.4115709183437831e-06 6.8724064699203556e-05
544 0.0084350525984930053 9.3154677895461786e-06 6.8024617729782295e-05
545 0.0083495477020160691 9.2207295989557544e-06 6.7335062113032821e-05
546 0.0082652471948741514 9.1273315789212913e-06 6.6655219313501216e-05
547 0.0081821294235643952 9.0352495076695664e-06 6.5984914706164474e-05
548 0.0081001732070145795 8.9444596951746375e-06 6.5323977475924025e-05
549 0.0080193578244874344 8.8549389694471376e-06 6.4672240520059957e-05
550 0.0079396630038397389 8.7666646632285461e-06 6.4029540353546284e-05
551 0.0078610689101245718 8.6796146010776651e-06 6.339571701713364e-05
552 0.007783556134525367 8.5937670868357175e-06 6.2770613988107803e-05
553 0.0077071056836109202 8.5091008914578191e-06 6.2154078093636458e-05
554 0.0076316989689009353 8.4255952411990767e-06 6.1545959426620447e-05
555 0.0075573177967318949 8.3432298061430274e-06 6.0946111263966894e-05
556 0.0074839443584136132 8.2619846890617645e-06 6.0354389987206555e-05
557 0.0074115612206670546 8.181840414596786e-06 5.9770655005379469e-05
558 0.0073401513163343195 8.1027779187498311e-06 5.919476868011548e-05
559 0.0072696979353522196 8.024778538674531e-06 5.8626596252840481e-05
560 0.0072001847159808632 7.9478240027583299e-06 5.8066005774039222e-05
561 0.0071315956362792048 7.8718964209856043e-06 5.7512868034509717e-05
562 0.0070639150058197722 7.7969782755733974e-06 5.6967056498546549e-05
563 0.0069971274576349314 7.7230524118705102e-06 5.6428447238991381e-05
564 0.0069312179403875056 7.6501020295121766e-06 5.589691887409279e-05
565 0.006866171710758563 7.5781106738214648e-06 5.5372352506117447e-05
566 0.0068019743260457717 7.5070622274506257e-06 5.4854631661659448e-05
567 0.0067386116369656055 7.4369409022539331e-06 5.4343642233593595e-05
568 0.0066760697806531807 7.3677312313854492e-06 5.3839272424622422e-05
569 0.0066143351738535555 7.2994180616143328e-06 5.3341412692367384e-05
570 0.0065533945062986251 7.2319865458510269e-06 5.2849955695956653e-05
571 0.0064932347342638733 7.1654221358777823e-06 5.2364796244063497e-05
572 0.0064338430742995707 7.0997105752775048e-06 5.1885831244351375e-05
573 0.0063752069971309798 7.0348378925543058e-06 5.1412959654282094e-05
574 0.0063173142217225163 6.9707903944402927e-06 5.0946082433246098e-05
575 0.0062601527095008866 6.9075546593828391e-06 5.0485102495974892e-05
576 0.006203710658732384 6.8451175312067244e-06 5.0029924667196644e-05
577 0.006147976499049748 6.7834661129460725e-06 4.958045563749797e-05
578 0.0060929388861240457 6.7225877608406153e-06 4.9136603920355204e-05
579 0.006038586696477324 6.6624700784918409e-06 4.8698279810301001e-05
580 0.005984909022431764 6.6031009111736595e-06 4.8265395342191648e-05
581 0.0059318951671913497 6.5444683402934483e-06 4.7837864251543144e-05
582 0.0058795346400521116 6.4865606779987724e-06 4.7415601935904128e-05
583 0.0058278171517371375 6.4293664619254301e-06 4.6998525417234981e-05
584 0.0057767326098527479 6.3728744500828532e-06 4.6586553305264098e-05
585 0.0057262711144622103 6.3170736158725301e-06 4.6179605761792018e-05
586 0.0056764229537736386 6.2619531432357923e-06 4.577760446591644e-05
587 0.0056271785999387177 6.2075024219270738e-06 4.5380472580150952e-05
588 0.0055785287049590522 6.1537110429089537e-06 4.4988134717411709e-05
589 0.005530464096697032 6.1005687938655053e-06 4.4600516908847031e-05
590 0.0054829757749882274 6.0480656548305352e-06 4.4217546572485704e-05
591 0.0054360549078523593 5.9961917939272923e-06 4.3839152482680316e-05
592 0.0053896928278000696 5.9449375632165631e-06 4.3465264740323141e-05
593 0.0053438810282327486 5.8942934946500156e-06 4.3095814743812489e-05
594 0.0052986111599327536 5.844250296125672e-06 4.2730735160748012e-05
595 0.0052538750276415148 5.794798847642841e-06 4.2369959900334796e-05
596 0.0052096645867229464 5.745930197553218e-06 4.2013424086475375e-05
597 0.005165971939909959 5.697635558906348e-06 4.1661064031531928e-05
598 0.0051227893341314352 5.6499063058853182e-06 4.1312817210737381e-05
599 0.0050801091574178081 5.6027339703320165e-06 4.0968622237240389e-05
600 0.0050379239358826671 5.5561102383575387e-06 4.0628418837763447e-05
601 0.0049962263307785845 5.5100269470368995e-06 4.0292147828859552e-05
602 0.0049550091356249061 5.4644760811846759e-06 3.9959751093749243e-05
603 0.0049142652734056802 5.4194497702101125e-06 3.9631171559723229e-05
604 0.0048739877938356246 5.3749402850486691e-06 3.9306353176093744e-05
605 0.0048341698706924289 5.3309400351686863e-06 3.8985240892680878e-05
606 0.0047948047992135024 5.2874415656507207e-06 3.8667780638818569e-05
607 0.0047558859935553617 5.2444375543373222e-06 3.8353919302865823e-05
608 0.0047174069843140872 5.2019208090519796e-06 3.8043604712210381e-05
609 0.0046793614161050965 5.1598842648848149e-06 3.7736785613750776e-05
610 0.0046417430452006221 5.1183209815432035e-06 3.7433411654843729e-05
611 0.0046045457372234644 5.0772241407661762e-06 3.7133433364705359e-05
612 0.0045677634648953235 5.0365870437999031e-06 3.6836802136252607e-05
613 0.0045313903058384428 4.9964031089336217e-06 3.6543470208374541e-05
614 0.0044954204404290075 4.956665869093687e-06 3.6253390648621029e-05
615 0.0044598481497009649 4.9173689694944302e-06 3.5966517336298103e-05
616 0.004424667813298977 4.8785061653444716e-06 3.5682804945959491e-05
617 0.0043898739074791004 4.8400713196065674e-06 3.5402208931283066e-05
618 0.0043554610031560862 4.802058400810254e-06 3.5124685509323274e-05
619 0.0043214237639959147 4.7644614809151512e-06 3.4850191645128342e-05
620 0.0042877569445525093 4.7272747332241183e-06 3.4578685036713783e-05
621 0.0042544553884474009 4.6904924303447281e-06 3.4310124100382262e-05
622 0.0042215140265912674 4.654108942197881e-06 3.4044467956381186e-05
623 0.0041889278754462436 4.618118734072281e-06 3.378167641488906e-05
624 0.0041566920353279429 4.5825163647235959e-06 3.352170996232212e-05
625 0.0041248016887461703 4.5472964845170696e-06 3.3264529747952988e-05
626 0.0040932520987833629 4.5124538336127277e-06 3.3010097570833571e-05
627 0.0040620386075097461 4.4779832401917296e-06 3.2758375867014081e-05
628 0.0040311566344342587 4.4438796187229209e-06 3.2509327697050474e-05
629 0.0040006016749904363 4.4101379682688754e-06 3.226291673379384e-05
630 0.0039703692990561996 4.37675337082978e-06 3.2019107250453222e-05
631 0.0039404551495068694 4.3437209897249334e-06 3.1777864108926364e-05
632 0.0039108549408004055 4.3110360680102346e-06 3.153915274839037e-05
633 0.0038815644575941909 4.2786939269312699e-06 3.1302939174146702e-05
634 0.0038525795533924725 4.2466899644107423e-06 3.1069189946713486e-05
635 0.0038238961492237538 4.2150196535696325e-06 3.0837872171159306e-05
636 0.0037955102323473586 4.1836785412810373e-06 3.0608953486672249e-05
637 0.0037674178549884536 4.1526622467560528e-06 3.0382402056358497e-05
638 0.0037396151331008033 4.1219664601606961e-06 3.0158186557264542e-05
639 0.0037120982451566242 4.0915869412634009e-06 2.9936276170617936e-05
640 0.0036848634309627902 4.0615195181119437e-06 2.9716640572280567e-05
641 0.003657906990502805 4.0317600857393539e-06 2.9499249923409719e-05
642 0.0036312252828038954 4.0023046048980895e-06 2.9284074861321738e-05
643 0.0036048147248285726 3.9731491008215143e-06 2.9071086490553004e-05
644 0.0035786717903901351 3.9442896620124121e-06 2.8860256374113994e-05
645 0.0035527930090914549 3.9157224390574884e-06 2.8651556524931086e-05
646 0.0035271749652865366 3.8874436434674862e-06 2.8444959397472068e-05
647 0.0035018142970642766 3.8594495465421949e-06 2.8240437879550619e-05
648 0.0034767076952538808 3.831736478259716e-06 2.803796528430549e-05
649 0.0034518519024514583 3.8043008261895795e-06 2.783751534235047e-05
650 0.0034272437120671986 3.7771390344287454e-06 2.7639062194090312e-05
651 0.003402879967392752 3.7502476025604654e-06 2.7442580382199612e-05
652 0.0033787575606882493 3.723623084635069e-06 2.7248044844260074e-05
653 0.0033548734322885031 3.6972620881721889e-06 2.7055430905552445e-05
654 0.0033312245697279812 3.6711612731841481e-06 2.6864714271999849e-05
655 0.0033078080068840612 3.6453173512197682e-06 2.667587102325856e-05
656 0.0032846208231381399 3.6197270844281386e-06 2.6488877605952741e-05
657 0.0032616601425542215 3.5943872846421093e-06 2.6303710827050174e-05
658 0.0032389231330745036 3.5692948124806587e-06 2.612034784737503e-05
659 0.0032164070057316323 3.5444465764700739e-06 2.5938766175255098e-05
660 0.0031941090138771847 3.5198395321832115e-06 2.5758943660299875e-05
661 0.0031720264524260303 3.4954706813965826e-06 2.5580858487306697e-05
662 0.0031501566571162029 3.4713370712648215e-06 2.5404489170291959e-05
663 0.0031284970037838973 3.4474357935120377e-06 2.5229814546644332e-05
664 0.0031070449076532839 3.42376398363985e-06 2.5056813771397451e-05
665 0.0030857978226407489 3.4003188201514274e-06 2.4885466311618943e-05
666 0.0030647532406732807 3.3770975237915271e-06 2.4715751940913553e-05
667 0.0030439086910206358 3.3540973568018183e-06 2.4547650734037385e-05
668 0.003023261739641001 3.3313156221914137e-06 2.4381143061620976e-05
669 0.0030028099885398159 3.3087496630220432e-06 2.4216209584998516e-05
670 0.0029825510751414963 3.2863968617077608e-06 2.4052831251141097e-05
671 0.0029624826716736965 3.2642546393285282e-06 2.38909892876911e-05
672 0.0029426024845639288 3.2423204549578246e-06 2.3730665198096199e-05
673 0.0029229082538481561 3.2205918050034588e-06 2.3571840756839967e-05
674 0.0029033977525911689 3.1990662225617062e-06 2.341449800476749e-05
675 0.0028840687863184232 3.17774127678415e-06 2.3258619244503412e-05
676 0.0028649191924591359 3.1566145722571993e-06 2.3104187035960773e-05
677 0.0028459468398003467 3.1356837483938434e-06 2.295118419193828e-05
678 0.0028271496279517081 3.114946478837344e-06 2.2799593773804098e-05
679 0.0028085254868208012 3.094400470876825e-06 2.2649399087264527e-05
680 0.002790072376098678 3.0740434648741209e-06 2.2500583678215147e-05
681 0.0027717882847554777 3.0538732337020466e-06 2.2353131328673208e-05
682 0.0027536712305458425 3.0338875821935385e-06 2.2207026052789052e-05
683 0.0027357192595239394 3.0140843466015406e-06 2.2062252092934994e-05
684 0.0027179304455678651 2.9944613940693621e-06 2.191879391586988e-05
685 0.0027003028899132571 2.9750166221113838e-06 2.1776636208977881e-05
686 0.0026828347206958652 2.9557479581036798e-06 2.163576387657956e-05
687 0.0026655240925029366 2.9366533587846009e-06 2.1496162036314005e-05
688 0.0026483691859331858 2.9177308097648444e-06 2.1357816015590208e-05
689 0.0026313682071651789 2.8989783250469749e-06 2.1220711348106281e-05
690 0.0026145193875339585 2.8803939465541478e-06 2.108483377043515e-05
691 0.0025978209831157124 2.8619757436677945e-06 2.0950169218675101e-05
692 0.0025812712743203368 2.8437218127741647e-06 2.0816703825164008e-05
693 0.0025648685654916931 2.825630276819397e-06 2.0684423915255591e-05
694 0.002548611184515443 2.8076992848731472e-06 2.05533160041568e-05
695 0.0025324974824342283 2.7899270117002815e-06 2.0423366793824423e-05
696 0.0025165258330701211 2.7723116573408159e-06 2.0294563169920331e-05
697 0.0025006946326541261 2.7548514466976497e-06 2.0166892198823596e-05
698 0.0024850022994626184 2.7375446291320834e-06 2.0040341124698534e-05
699 0.0024694472734605628 2.7203894780668821e-06 1.9914897366617442e-05
700 0.0024540280159513687 2.7033842905967514e-06 1.9790548515736845e-05
