index sum SD mean
25 0.0 0.0 0.0
26 0.0 0.0 0.0
27 0.0 0.0 0.0
28 0.0 0.0 0.0
29 0.0 0.0 0.0
30 0.0 0.0 0.0
31 0.0 0.0 0.0
32 0.0 0.0 0.0
33 0.0 0.0 0.0
34 0.0 0.0 0.0
35 0.0 0.0 0.0
36 0.0 0.0 0.0
37 0.0 0.0 0.0
38 0.0 0.0 0.0
39 0.0 0.0 0.0
40 0.0 0.0 0.0
41 0.0 0.0 0.0
42 0.0 0.0 0.0
43 0.0 0.0 0.0
44 0.0 0.0 0.0
45 0.0 0.0 0.0
46 0.0 0.0 0.0
47 0.0 0.0 0.0
48 0.0 0.0 0.0
49 0.0 0.0 0.0
50 0.0 0.0 0.0
51 0.0 0.0 0.0
52 0.0 0.0 0.0
53 0.0 0.0 0.0
54 0.0 0.0 0.0
55 0.0 0.0 0.0
56 0.0 0.0 0.0
57 0.0 0.0 0.0
58 0.0 0.0 0.0
59 0.0 0.0 0.0
60 0.029253387245138842 8.0860446617742987e-07 0.0002150984356260209
61 0.10119186411044021 5.9315322650705311e-06 0.00074405782434147204
62 0.20360421280373683 2.0104255173678583e-05 0.0014970898000274766
63 0.33137377190199474 4.8312383914478415e-05 0.0024365718522205496
64 0.48104640647291097 9.5190887063723557e-05 0.0035371059299478748
65 0.64991606841368632 0.00016480017057573991 0.0047787946206888704
66 0.83569554498076537 0.00026059731250102039 0.0061448201836820987
67 1.0363643329388013 0.00038546601057129861 0.0076203259774911859
68 1.2500880369868181 0.00054175529927826969 0.0091918238013736636
69 1.4751718175222477 0.00073131522542065964 0.010846851599428291
70 1.7100318952165201 0.00095552827355883496 0.012573763935415589
71 1.9531773354590862 0.0012153372699054868 0.014361598054846223
72 2.2031976879848192 0.0015112696027587921 0.016199982999888375
73 2.458752901693456 0.0018434546296398431 0.018079065453628352
74 2.7185605402021391 0.0022116225580555765 0.019989415736780435
75 2.9813716080677035 0.0026150573975651566 0.02192185005932135
76 3.2459217405095937 0.0030524558145629001 0.023867071621394072
77 3.5108437949254383 0.00352163454574056 0.025815027903863516
78 3.774538041796327 0.0040190593015283762 0.027753956189678877
79 4.0350208862963504 0.0045392591685574826 0.029669271222767281
80 4.2898049462784025 0.0050743223542937168 0.031542683428517668
81 4.5358823488738578 0.0056137645214390528 0.033352076094660718
82 4.769868043418322 0.0061450223684682698 0.035072559142781783
83 4.9883070039509061 0.0066546199971314248 0.036678727970227254
84 5.1880814770777333 0.0071297707087154038 0.038147657919689215
85 5.3668090042515564 0.0075599760023236512 0.039461830913614382
86 5.5231238229873485 0.0079381830776000823 0.040611204580789324
87 5.6567793550762699 0.0082612481585557195 0.041593965846149043
88 5.7685708484232805 0.008529705954208943 0.042415962120759418
89 5.8601255927625209 0.0087470393043123755 0.043089158770312656
90 5.9336287067711337 0.008918716752158792 0.043629622843905397
91 5.9915471128510118 0.0090512357032768234 0.044055493476845675
92 6.0363945240442343 0.0091513250441363821 0.044385253853266429
93 6.0705576807942832 0.0092253723471415958 0.044636453535252085
94 6.0961860916316004 0.0092790745894057985 0.0448248977325853
95 6.1151366075217233 0.0093172746014822602 0.044964239761189143
96 6.1289595308663873 0.0093439318703268884 0.045065878903429321
97 6.1389126285201252 0.0093621792126747927 0.045139063445000918
98 6.1459914146181474 0.009374425498854708 0.045191113342780496
99 6.1509668794925476 0.0093824759987400901 0.045227697643327555
100 6.1544246088603378 0.0093876519738549605 0.045253122123973075
101 6.1568015484804928 0.0093908990940014259 0.045270599621180095
102 6.1584185110264054 0.0093928794416751078 0.045282489051664744
103 6.1595074085795014 0.0093940470866281274 0.045290495651319866
104 6.1602336144619789 0.0093947063752009962 0.045295835400455731
105 6.1607134018540588 0.0093950569801647833 0.045299363248926902
106 6.1610275392611458 0.0093952266168655513 0.045301673082802543
107 6.1612314431858275 0.0093952948856347342 0.045303172376366378
108 6.1613626959669947 0.0093953098874318443 0.045304137470345548
109 6.1614465097807924 0.0093952996356386487 0.045304753748388181
110 6.1614996216591447 0.0093952796746885388 0.045305144276905476
111 6.161533032108423 0.0093952580599008951 0.045305389941973695
112 6.1615539025607804 0.0093952385176318681 0.045305543401182209
113 6.1615668532661685 0.0093952224012671913 0.04530563862695712
114 6.1615748386862013 0.0093952098504184716 0.045305697343280889
115 6.1615797322935357 0.0093952004966672432 0.045305733325687762
116 6.1615827139739823 0.0093951937052942462 0.045305755249808691
117 6.1615845219420242 0.0093951888824145586 0.045305768543691352
118 6.1615856130026598 0.0093951855286185295 0.045305776566196027
119 6.1615862679739388 0.0093951832307976185 0.045305781382161313
120 6.1615866592848869 0.0093951816802559599 0.045305784259447701
121 6.1615868919196179 0.0093951806470210873 0.045305785969997188
122 6.1615870297933792 0.0093951799695987659 0.045305786983774847
123 6.1615871112497596 0.00939517953087457 0.045305787582718818
124 6.1615871591464861 0.0093951792489611208 0.045305787934900636
125 6.1615871871170746 0.0093951790689651982 0.045305788140566725
126 6.1615872034590051 0.0093951789556053263 0.04530578826072798
127 6.1615872129533313 0.0093951788846601374 0.0453057883305392
128 6.1615872184938727 0.0093951788408118079 0.045305788371278473
129 6.1615872217076157 0.0093951788138251172 0.045305788394908938
130 6.1615872235416349 0.009395178797231821 0.045305788408394373
131 6.1615872245681249 0.0093951787870799105 0.045305788415942093
132 6.1615872251428865 0.0093951787809937719 0.045305788420168282
133 6.1615872254630677 0.009395178777352459 0.045305788422522558
134 6.1615872254630677 0.009395178777352459 0.045305788422522558
135 6.1615872254630677 0.009395178777352459 0.045305788422522558
136 6.1615872254630677 0.009395178777352459 0.045305788422522558
137 6.1615872254630677 0.009395178777352459 0.045305788422522558
138 6.1615872254630677 0.009395178777352459 0.045305788422522558
139 6.1615872254630677 0.009395178777352459 0.045305788422522558
140 6.1615872254630677 0.009395178777352459 0.045305788422522558
141 6.1615872254630677 0.009395178777352459 0.045305788422522558
142 6.1615872254630677 0.009395178777352459 0.045305788422522558
143 6.1615872254630677 0.009395178777352459 0.045305788422522558
144 6.1615872254630677 0.009395178777352459 0.045305788422522558
145 6.1615872254630677 0.009395178777352459 0.045305788422522558
146 6.1615872254630677 0.009395178777352459 0.045305788422522558
147 6.1615872254630677 0.009395178777352459 0.045305788422522558
148 6.1615872254630677 0.009395178777352459 0.045305788422522558
149 6.1615872254630677 0.009395178777352459 0.045305788422522558
150 6.1615872254630677 0.009395178777352459 0.045305788422522558
151 6.1615872254630677 0.009395178777352459 0.045305788422522558
152 6.1615872254630677 0.009395178777352459 0.045305788422522558
153 6.1615872254630677 0.009395178777352459 0.045305788422522558
154 6.1615872254630677 0.009395178777352459 0.045305788422522558
155 6.1615872254630677 0.009395178777352459 0.045305788422522558
156 6.1615872254630677 0.009395178777352459 0.045305788422522558
157 6.1615872254630677 0.009395178777352459 0.045305788422522558
158 6.1615872254630677 0.009395178777352459 0.045305788422522558
159 6.1615872254630677 0.009395178777352459 0.045305788422522558
160 6.1615872254630677 0.009395178777352459 0.045305788422522558
161 6.1615872254630677 0.009395178777352459 0.045305788422522558
162 6.1615872254630677 0.009395178777352459 0.045305788422522558
163 6.1615872254630677 0.009395178777352459 0.045305788422522558
164 6.1615872254630677 0.009395178777352459 0.045305788422522558
165 6.1615872254630677 0.009395178777352459 0.045305788422522558
166 6.1615872254630677 0.009395178777352459 0.045305788422522558
167 6.1615872254630677 0.009395178777352459 0.045305788422522558
168 6.1615872254630677 0.009395178777352459 0.045305788422522558
169 6.1615872254630677 0.009395178777352459 0.045305788422522558
170 6.1615872254630677 0.009395178777352459 0.045305788422522558
171 6.1615872254630677 0.009395178777352459 0.045305788422522558
172 6.1615872254630677 0.009395178777352459 0.045305788422522558
173 6.1615872254630677 0.009395178777352459 0.045305788422522558
174 6.1615872254630677 0.009395178777352459 0.045305788422522558
175 6.1615872254630677 0.009395178777352459 0.045305788422522558
176 6.1615872254630677 0.009395178777352459 0.045305788422522558
177 6.1615872254630677 0.009395178777352459 0.045305788422522558
178 6.1615872254630677 0.009395178777352459 0.045305788422522558
179 6.1615872254630677 0.009395178777352459 0.045305788422522558
180 6.1615872254630677 0.009395178777352459 0.045305788422522558
181 6.1615872254630677 0.009395178777352459 0.045305788422522558
182 6.1615872254630677 0.009395178777352459 0.045305788422522558
183 6.1615872254630677 0.009395178777352459 0.045305788422522558
184 6.1615872254630677 0.009395178777352459 0.045305788422522558
185 6.1615872254630677 0.009395178777352459 0.045305788422522558
186 6.1615872254630677 0.009395178777352459 0.045305788422522558
187 6.1615872254630677 0.009395178777352459 0.045305788422522558
188 6.1615872254630677 0.009395178777352459 0.045305788422522558
189 6.1615872254630677 0.009395178777352459 0.045305788422522558
190 6.1615872254630677 0.009395178777352459 0.045305788422522558
191 6.1615872254630677 0.009395178777352459 0.045305788422522558
192 6.1615872254630677 0.009395178777352459 0.045305788422522558
193 6.1615872254630677 0.009395178777352459 0.045305788422522558
194 6.1615872254630677 0.009395178777352459 0.045305788422522558
195 6.1615872254630677 0.009395178777352459 0.045305788422522558
196 6.1615872254630677 0.009395178777352459 0.045305788422522558
197 6.1615872254630677 0.009395178777352459 0.045305788422522558
198 6.1615872254630677 0.009395178777352459 0.045305788422522558
199 6.1615872254630677 0.009395178777352459 0.045305788422522558
200 6.1615872254630677 0.009395178777352459 0.045305788422522558
201 6.1615872254630677 0.009395178777352459 0.045305788422522558
202 6.1615872254630677 0.009395178777352459 0.045305788422522558
203 6.1615872254630677 0.009395178777352459 0.045305788422522558
204 6.1615872254630677 0.009395178777352459 0.045305788422522558
205 6.1615872254630677 0.009395178777352459 0.045305788422522558
206 6.1615872254630677 0.009395178777352459 0.045305788422522558
207 6.1615872254630677 0.009395178777352459 0.045305788422522558
208 6.1615872254630677 0.009395178777352459 0.045305788422522558
209 6.1615872254630677 0.009395178777352459 0.045305788422522558
210 6.1615872254630677 0.009395178777352459 0.045305788422522558
211 6.1615872254630677 0.009395178777352459 0.045305788422522558
212 6.1615872254630677 0.009395178777352459 0.045305788422522558
213 6.1615872254630677 0.009395178777352459 0.045305788422522558
214 6.1615872254630677 0.009395178777352459 0.045305788422522558
215 6.1615872254630677 0.009395178777352459 0.045305788422522558
216 6.1615872254630677 0.009395178777352459 0.045305788422522558
217 6.1615872254630677 0.009395178777352459 0.045305788422522558
218 6.1615872254630677 0.009395178777352459 0.045305788422522558
219 6.1615872254630677 0.009395178777352459 0.045305788422522558
220 6.1615872254630677 0.009395178777352459 0.045305788422522558
221 6.1615872254630677 0.009395178777352459 0.045305788422522558
222 6.1615872254630677 0.009395178777352459 0.045305788422522558
223 6.1615872254630677 0.009395178777352459 0.045305788422522558
224 6.1615872254630677 0.009395178777352459 0.045305788422522558
225 6.1615872254630677 0.009395178777352459 0.045305788422522558
226 6.1615872254630677 0.009395178777352459 0.045305788422522558
227 6.1615872254630677 0.009395178777352459 0.045305788422522558
228 6.1615872254630677 0.009395178777352459 0.045305788422522558
229 6.1615872254630677 0.009395178777352459 0.045305788422522558
230 6.1615872254630677 0.009395178777352459 0.045305788422522558
231 6.1615872254630677 0.009395178777352459 0.045305788422522558
232 6.1615872254630677 0.009395178777352459 0.045305788422522558
233 6.1615872254630677 0.009395178777352459 0.045305788422522558
234 6.1615872254630677 0.009395178777352459 0.045305788422522558
235 6.1615872254630677 0.009395178777352459 0.045305788422522558
236 6.1615872254630677 0.009395178777352459 0.045305788422522558
237 6.1615872254630677 0.009395178777352459 0.045305788422522558
238 6.1615872254630677 0.009395178777352459 0.045305788422522558
239 6.1615872254630677 0.009395178777352459 0.045305788422522558
240 6.1615872254630677 0.009395178777352459 0.045305788422522558
241 6.1615872254630677 0.009395178777352459 0.045305788422522558
242 6.1615872254630677 0.009395178777352459 0.045305788422522558
243 6.1615872254630677 0.009395178777352459 0.045305788422522558
244 6.1615872254630677 0.009395178777352459 0.045305788422522558
245 6.1615872254630677 0.009395178777352459 0.045305788422522558
246 6.1615872254630677 0.009395178777352459 0.045305788422522558
247 6.1615872254630677 0.009395178777352459 0.045305788422522558
248 6.1615872254630677 0.009395178777352459 0.045305788422522558
249 6.1615872254630677 0.009395178777352459 0.045305788422522558
250 6.1615872254630677 0.009395178777352459 0.045305788422522558
251 6.1615872254630677 0.009395178777352459 0.045305788422522558
252 6.1615872254630677 0.009395178777352459 0.045305788422522558
253 6.1615872254630677 0.009395178777352459 0.045305788422522558
254 6.1615872254630677 0.009395178777352459 0.045305788422522558
255 6.1615872254630677 0.009395178777352459 0.045305788422522558
256 6.1615872254630677 0.009395178777352459 0.045305788422522558
257 6.1615872254630677 0.009395178777352459 0.045305788422522558
258 6.1615872254630677 0.009395178777352459 0.045305788422522558
259 6.1615872254630677 0.009395178777352459 0.045305788422522558
260 6.1615872254630677 0.009395178777352459 0.045305788422522558
261 6.1615872254630677 0.009395178777352459 0.045305788422522558
262 6.1615872254630677 0.009395178777352459 0.045305788422522558
263 6.1615872254630677 0.009395178777352459 0.045305788422522558
264 6.1615872254630677 0.009395178777352459 0.045305788422522558
265 6.1615872254630677 0.009395178777352459 0.045305788422522558
266 6.1615872254630677 0.009395178777352459 0.045305788422522558
267 6.1615872254630677 0.009395178777352459 0.045305788422522558
268 6.1615872254630677 0.009395178777352459 0.045305788422522558
269 6.1615872254630677 0.009395178777352459 0.045305788422522558
270 6.1615872254630677 0.009395178777352459 0.045305788422522558
271 6.1615872254630677 0.009395178777352459 0.045305788422522558
272 6.1615872254630677 0.009395178777352459 0.045305788422522558
273 6.1615872254630677 0.009395178777352459 0.045305788422522558
274 6.1615872254630677 0.009395178777352459 0.045305788422522558
275 6.1615872254630677 0.009395178777352459 0.045305788422522558
276 6.1615872254630677 0.009395178777352459 0.045305788422522558
277 6.1615872254630677 0.009395178777352459 0.045305788422522558
278 6.1615872254630677 0.009395178777352459 0.045305788422522558
279 6.1615872254630677 0.009395178777352459 0.045305788422522558
280 6.1615872254630677 0.009395178777352459 0.045305788422522558
281 6.1615872254630677 0.009395178777352459 0.045305788422522558
282 6.1615872254630677 0.009395178777352459 0.045305788422522558
283 6.1615872254630677 0.009395178777352459 0.045305788422522558
284 6.1615872254630677 0.009395178777352459 0.045305788422522558
285 6.1615872254630677 0.009395178777352459 0.045305788422522558
286 6.1615872254630677 0.009395178777352459 0.045305788422522558
287 6.1615872254630677 0.009395178777352459 0.045305788422522558
288 6.1615872254630677 0.009395178777352459 0.045305788422522558
289 6.1615872254630677 0.009395178777352459 0.045305788422522558
290 6.1615872254630677 0.009395178777352459 0.045305788422522558
291 6.1615872254630677 0.009395178777352459 0.045305788422522558
292 6.1615872254630677 0.009395178777352459 0.045305788422522558
293 6.1615872254630677 0.009395178777352459 0.045305788422522558
294 6.1615872254630677 0.009395178777352459 0.045305788422522558
295 6.1615872254630677 0.009395178777352459 0.045305788422522558
296 6.1615872254630677 0.009395178777352459 0.045305788422522558
297 6.1615872254630677 0.009395178777352459 0.045305788422522558
298 6.1615872254630677 0.009395178777352459 0.045305788422522558
299 6.1615872254630677 0.009395178777352459 0.045305788422522558
300 5.7306465826257176 0.0090381660213646776 0.042137107225189097
301 5.3313772763929892 0.0086639434573470495 0.039201303502889626
302 4.9614384552508159 0.0082802962662682934 0.03648116511213835
303 4.6186759846759688 0.0078934181455752195 0.033960852828499768
304 4.3010964463289802 0.0075081914757495691 0.031625709164183675
305 4.0068522264724598 0.0071284333503517172 0.029462148724062203
306 3.7342295338515483 0.0067570919519400717 0.02745757010184962
307 3.4816379105992472 0.006396404030162498 0.025600278754406229
308 3.2476008416179551 0.006048022879925145 0.0238794179530732
309 3.0307472850725157 0.0057131232755353676 0.022284906507886143
310 2.8298039979396981 0.0053924881972586408 0.020807382337791898
311 2.6435885561394517 0.0050865809589340357 0.019438151148084202
312 2.4710029843784937 0.0047956054860382423 0.018169139591018336
313 2.3110279225418999 0.0045195568576510527 0.016992852371631617
314 2.1627172621218116 0.0042582637892163598 0.015902332809719203
315 2.0251931997986827 0.004011424337701683 0.014891126469107962
316 1.8976416551450987 0.0037786359047871951 0.013953247464302196
317 1.7793080095253819 0.0035594204142182146 0.013083147128863102
318 1.6694931366929728 0.0033532452763453671 0.012275684828624801
319 1.5675496819891241 0.0031595408699913196 0.011526100602861206
320 1.4728785779360853 0.0029777149106442248 0.010829989543647686
321 1.3849257644698196 0.0028071642307228449 0.010183277679925145
322 1.3031791052669615 0.0026472842841259599 0.00958219930343354
323 1.2271654792818782 0.0024974767491102103 0.0090232755829549871
324 1.1564480432926789 0.0023571554552295959 0.0085032944359755801
325 1.0906236490545596 0.0022257509775128153 0.0080192915371658791
326 1.0293204141014347 0.002102714018733192 0.0075685324566281964
327 0.97219543681679199 0.0019875178340207247 0.0071484958589469998
328 0.91893265017758952 0.0018796598459143049 0.0067568577218940409
329 0.8692408088917567 0.0017786626037854278 0.006391476535968799
330 0.82285160497382459 0.0016840742005590523 0.0060503794483369455
331 0.77951790754580308 0.0015954682845631285 0.0057317493201897284
332 0.73901211975859482 0.00151244371618099 0.0054339126452837856
333 0.70112464922696227 0.0014346239395814286 0.0051553283031394283
334 0.66566248619096535 0.0013616562355826761 0.0048945771043453334
335 0.63244788522933337 0.0012932107722403517 0.0046503520972745105
336 0.60131714177564899 0.001228979584057288 0.0044214495718797719
337 0.57211946255089408 0.0011686754820023771 0.004206760754050692
338 0.54471592048762163 0.0011120309443904213 0.0040052641212325116
339 0.51897849148618713 0.0010587969852473534 0.003816018319751376
340 0.4947892271409513 0.0010087422091334646 0.0036381560819187596
341 0.47203918745403645 0.00096165104073925138 0.0034708763783385032
342 0.45062807579311925 0.00091732370995141357 0.0033134417337729355
343 0.43046328215500868 0.00087557451568134306 0.0031651711923162402
344 0.41145931741057057 0.00083623103723407671 0.003025436157430666
345 0.3935372780290245 0.00079913333692523917 0.0028936564560957685
346 0.37662412267307016 0.00076413257440451695 0.0027692950196549276
347 0.36065247485318946 0.00073109097084343418 0.00265185643274404
348 0.34555997475336814 0.00069988049674442234 0.0025408821673041774
349 0.33128891900183516 0.00067038228691550651 0.0024359479338370233
350 0.31778588502259253 0.00064248596702634576 0.0023366609192837684
351 0.3050013865342539 0.00061608902527635469 0.0022426572539283375
352 0.29288955722815374 0.00059109622665694044 0.0021535996855011307
353 0.28140786249737726 0.00056741907179385395 0.0020691754595395387
354 0.27051683395101506 0.00054497529238953712 0.0019890943672868752
355 0.26017985171714847 0.00052368844495057998 0.0019130871449790328
356 0.25036282244948738 0.00050348723763267878 0.0018409031062462306
357 0.24103412911288319 0.00048430550513287046 0.001772309772888847
358 0.23216433937696243 0.00046608158270348846 0.001707090730712959
359 0.22372606151636409 0.0004487580328065485 0.0016450445699732654
360 0.21569378783077373 0.00043228133075378083 0.0015859837340498068
361 0.20804375031840469 0.00041660157473285311 0.0015297334582235638
362 0.20075378910024338 0.00040167221824073148 0.001476130802207672
363 0.1938032307682373 0.00038744982321860531 0.0014250237556488036
364 0.18717277733888332 0.00037389383220050261 0.0013762704216094361
365 0.18084440399296089 0.0003609663581673745 0.0013297382646541242
366 0.1748012648082545 0.0003486319907115026 0.0012853034177077536
367 0.16902760659198354 0.0003368576170409513 0.0012428500484704672
368 0.16350868911525449 0.00032561225678906627 0.001202269772906283
369 0.1582307119839777 0.00031486690980484145 0.0011634611175292478
370 0.15318074716463295 0.00030459441546661298 0.0011263290232693599
371 0.14834667693438888 0.00029476932241624107 0.0010907843892234478
372 0.14371713652805043 0.00028536776871584187 0.0010567436509415474
373 0.13928146133309702 0.00027636737085225338 0.0010241283921551252
374 0.13502963809298696 0.00026774712144211774 0.00099286498597784536
375 0.13095225996229623 0.00025948729394554892 0.0009628842644286488
376 0.1270404848404581 0.00025156935550750054 0.00093412121206219191
377 0.1232859970106296 0.00024397588529043317 0.00090651468390168829
378 0.11968097149769925 0.00023669049981019747 0.00088000714336543566
379 0.11621804127234522 0.00022969778292636518 0.00085454442112018543
380 0.11289026671456945 0.00022298322182928872 0.00083007549054830477
381 0.10969110745204538 0.00021653314685702446 0.00080655226067680424
382 0.10661439620009375 0.00021033467634921701 0.00078392938382421877
383 0.10365431451884653 0.00020437566513613822 0.00076216407734445979
384 0.10080537030354854 0.0001986446569906674 0.0007412159581143275
385 0.098062376929766493 0.00019313084002161015 0.00072104688918945951
386 0.095420433835805826 0.00018782400585092151 0.00070162083702798405
387 0.092874908501236253 0.00018271451113423948 0.00068290373897967834
388 0.09042141969453861 0.00017779324210569352 0.0006648633801069016
389 0.088055821887634611 0.00017305158135070119 0.00064746927858554864
390 0.085774190730356817 0.00016848137720031287 0.0006306925788996825
391 0.083572809545256185 0.0001640749149320224 0.00061450595253864843
392 0.081448156733118893 0.00015982489007235646 0.00059888350539058011
393 0.079396894036671023 0.00015572438351094475 0.00058380069144611042
394 0.077415855591847688 0.00015176683825174927 0.00056923423229299772
395 0.07550203771158108 0.00014794603779275556 0.00055516204199691972
396 0.073652589347294739 0.00014425608588043847 0.00054156315696540249
397 0.071864803179588807 0.0001406913876321856 0.00052841767043815301
398 0.070136107289276009 0.00013724663188231982 0.00051570667124467649
399 0.068464057374302237 0.0001339167747400772 0.00050341218657575177
400 0.066846329465034646 0.0001306970241387264 0.00049151712841937238
401 0.065280713106774857 0.00012758282541962498 0.00048000524343216807
402 0.063765109907814713 0.00012456982406754182 0.00046886110226334346
403 0.062297507372520586 0.00012165394856571317 0.00045806990715088666
404 0.060876008708413344 0.00011883123430527288 0.0004476177110912746
405 0.059498792526486391 0.00011609797178325488 0.00043749112151828228
406 0.058164127930073875 0.00011345060710127518 0.00042767741125054317
407 0.056870364753310629 0.00011088575454376432 0.00041816444671551934
408 0.055615929221760667 0.00010840018742269198 0.00040894065604235786
409 0.054399316588769779 0.00010599084323470338 0.00039999497491742487
410 0.053219097545609585 0.00010365477300612193 0.00039131689371771751
411 0.052073903894752152 0.00010138917763292875 0.00038289635216729525
412 0.050962431494847214 9.9191374619522855e-05 0.00037472376099152363
413 0.049883428941872955 9.7058825409592487e-05 0.00036678991869024233
414 0.048835700821197654 9.4989103390735407e-05 0.00035908603544998274
415 0.047818111118162157 9.2979862003736964e-05 0.00035160375822178058
416 0.04682956651817638 9.1028886583266474e-05 0.00034433504792776752
417 0.045869023381352805 8.9134050566386708e-05 0.00033727223074524123
418 0.044935481208690779 8.7293327188669894e-05 0.00033040795006390278
419 0.044027987457911442 8.5504756667700624e-05 0.00032373520189640765
420 0.043145623254069003 8.376649032106375e-05 0.0003172472298093309
421 0.042287514660302068 8.2076733574880939e-05 0.00031093760779633871
422 0.041452818505826328 8.0433791131355719e-05 0.00030480013607225241
423 0.040640731986570117 7.8836017600244615e-05 0.00029882891166595676
424 0.039850481567470925 7.7281851954187042e-05 0.00029301824681963914
425 0.039081325635044739 7.5769797038604359e-05 0.000287362688492976
426 0.038332555807742814 7.4298404991177204e-05 0.00028185702799810893
427 0.03760348931338988 7.2866299789495532e-05 0.00027649624495139618
428 0.03689347154959035 7.147215857765762e-05 0.00027127552609992905
429 0.036201874599186182 7.0114707963661084e-05 0.00026619025440578075
430 0.035528094880209547 6.8792729782231595e-05 0.00026123599176624667
431 0.034871552519004756 6.7505054125836813e-05 0.00025640847440444673
432 0.034231690776595269 6.6250554220643524e-05 0.00025170360865143582
433 0.033607974136730598 6.5028150970284276e-05 0.00024711745688772496
434 0.032999887654317779 6.3836807144318698e-05 0.00024264623275233662
435 0.032406936530562862 6.2675523253138198e-05 0.00023828629801884456
436 0.031828644369852895 6.1543341798888648e-05 0.00023403414977833011
437 0.031264553140549385 6.0439338753376568e-05 0.00022988642015109843
438 0.030714221822077073 5.9362627696588736e-05 0.000225839866338802
439 0.030177225814456074 5.8312355538319163e-05 0.00022189136628276526
440 0.029653156480172194 5.7287699392704824e-05 0.00021803791529538378
441 0.029141620049835927 5.6287869641557624e-05 0.00021427661801349946
442 0.028642237328959371 5.5312103601558384e-05 0.00021060468624234832
443 0.02815464285621588 5.4359668504964112e-05 0.00020701943276629322
444 0.027678484363816074 5.342985829990426e-05 0.00020351826738100056
445 0.027213422337301708 5.2521991270264136e-05 0.00020009869365663022
446 0.026759129362605379 5.1635411851851915e-05 0.00019675830413680426
447 0.026315289609062702 5.0769487922088821e-05 0.00019349477653722574
448 0.025881598469104369 4.9923608851244876e-05 0.00019030587109635565
449 0.025457762017034397 4.909718692497472e-05 0.00018718942659584116
450 0.025043496519644642 4.8289655043896164e-05 0.00018414335676209296
451 0.024638528146547031 4.7500465136171091e-05 0.00018116564813637522
452 0.02424259249446728 4.6729089510101594e-05 0.00017825435657696531
453 0.023855434198014645 4.5975017592409754e-05 0.00017540760439716649
454 0.023476806631801149 4.523775732448472e-05 0.00017262357817500844
455 0.023106471502067596 4.4516833440370184e-05 0.00016990052575049702
456 0.022744198512858926 4.3811786173254309e-05 0.00016723675377102151
457 0.02238976513059994 4.312217208744311e-05 0.00016463062596029366
458 0.022042956208019899 4.2447562618158519e-05 0.00016208056035308749
459 0.021703563680749556 4.17875429749912e-05 0.00015958502706433497
460 0.021371386392177102 4.1141712806676759e-05 0.00015714254700130223
461 0.0210462297491858 4.0509684818699342e-05 0.00015475168933224852
462 0.020727905467739442 3.989108457525745e-05 0.0001524110696157312
463 0.020416231348797904 3.928554949738668e-05 0.00015011934815292575
464 0.020111031105643183 3.8692729279377876e-05 0.00014787522871796457
465 0.019812134061462948 3.8112284888416071e-05 0.00014567745633428639
466 0.019519374940064754 3.7543887856713229e-05 0.00014352481573577026
467 0.019232593754775963 3.6987220628865143e-05 0.00014141613054982326
468 0.018951635531179775 3.6441975626238711e-05 0.00013935026125867482
469 0.018676350132243207 3.5907855067138995e-05 0.00013732610391355301
470 0.018406592077812742 3.5384570302239195e-05 0.00013534258880744664
471 0.018142220443594211 3.48718420197736e-05 0.00013339867973231038
472 0.017883098622659663 3.4369399503130476e-05 0.0001314933722254387
473 0.017629094181825438 3.3876980460559928e-05 0.00012962569251342233
474 0.017380078706077984 3.3394330504852896e-05 0.00012779469636822047
475 0.017135927720794929 3.2921203271554149e-05 0.00012599946853525683
476 0.016896520481639834 3.2457359823920006e-05 0.00012423912118852818
477 0.016661739864255155 3.2002568504342421e-05 0.0001225127931195232
478 0.016431472209627866 3.1556604499853251e-05 0.0001208196486002049
479 0.016205607283388573 3.1119249922004415e-05 0.00011915887708373951
480 0.015984038083707137 3.0690293320169144e-05 0.00011752969179196424
481 0.01576666075196154 3.0269529523750346e-05 0.00011593132905854074
482 0.015553374464714781 2.9856759423992879e-05 0.0001143630475346675
483 0.015344081329920057 2.9451789764431265e-05 0.00011282412742588277
484 0.015138686281316307 2.9054432944172246e-05 0.00011131386971556108
485 0.014937096977949762 2.8664506763630031e-05 0.00010983159542610119
486 0.014739223758634089 2.8281834390471208e-05 0.00010837664528407419
487 0.014544979498510918 2.7906244043438561e-05 0.00010694837866552146
488 0.014354279542998219 2.7537568863506367e-05 0.00010554617311028102
489 0.014167041625896638 2.7175646748919217e-05 0.00010416942371982822
490 0.01398318579060899 2.682032019656423e-05 0.00010281754257800728
491 0.013802634314332216 2.6471436149391852e-05 0.00010148995819361923
492 0.013625311635086471 2.6128845849612528e-05 0.00010018611496387111
493 0.013451144281453189 2.5792404697410464e-05 9.8905472657744042e-05
494 0.013280060804903446 2.5461972114932526e-05 9.7647505918407694e-05
495 0.013111991714608341 2.5137411415329e-05 9.6411703783884858e-05
496 0.012946869414633279 2.4818589676641089e-05 9.5197569225244702e-05
497 0.012784628143426282 2.4505377620345868e-05 9.4004618701663839e-05
498 0.012625203915515783 2.4197649494378943e-05 9.2832381731733701e-05
499 0.012468534468495438 2.3895282957533381e-05 9.1680400503642935e-05
500 0.012314559183801721 2.359815896297095e-05 9.0548229292659716e-05
501 0.012163219090526867 2.3306161694601349e-05 8.9435434489168141e-05
502 0.01201445676603103 2.3019178420329442e-05 8.8341593867875218e-05
503 0.011868216302538873 2.2737099410905092e-05 8.7266296342197595e-05
504 0.011724443260352439 2.2459817846246902e-05 8.6209141620238513e-05
505 0.011583084622717579 2.2187229725109997e-05 8.5169739872923382e-05
506 0.011444088752277027 2.1919233777961485e-05 8.4147711413801667e-05
507 0.011307405349046167 2.1655731382933558e-05 8.3142686390045344e-05
508 0.01117298540985109 2.13966264847313e-05 8.2154304484199193e-05
509 0.01104078118917149 2.1141825516378047e-05 8.118221462626096e-05
510 0.010910746161333869 2.0891237323686728e-05 8.0226074715690206e-05
511 0.010782834984003243 2.0644773092351371e-05 7.9285551352965031e-05
512 0.01065700346292396 2.0402346277557923e-05 7.8360319580323226e-05
513 0.010533208517862122 2.0163872536017067e-05 7.7450062631339133e-05
514 0.010411408149704253 1.992926966032672e-05 7.6554471689001862e-05
515 0.010291561408668326 1.9698457515574613e-05 7.5673245651972985e-05
516 0.010173628363585145 1.9471357978095548e-05 7.4806090908714301e-05
517 0.010057570072209475 1.9247894876301144e-05 7.3952721119187312e-05
518 0.009943348552521979 1.9027993933502671e-05 7.3112857003838081e-05
519 0.0098309267549845421 1.8811582712651274e-05 7.2286226139592219e-05
520 0.0097202685357131533 1.8598590562923112e-05 7.1472562762596719e-05
521 0.0096113386305339398 1.8388948568079364e-05 7.0671607577455444e-05
522 0.009504102629889535 1.8182589496534957e-05 6.9883107572717168e-05
523 0.0093985269545642878 1.7979447753071899e-05 6.9106815842384466e-05
524 0.00929457883219823 1.7779459332136278e-05 6.8342491413222279e-05
525 0.0091922262745610366 1.7582561772660974e-05 6.7589899077654685e-05
526 0.0090914380555582631 1.7388694114357215e-05 6.6848809232046059e-05
527 0.0089921836899435042 1.7197796855422309e-05 6.611899772017283e-05
528 0.0088944334127110097 1.7009811911611438e-05 6.5400245681698595e-05
529 0.0087981581591444116 1.6824682576624498e-05 6.4692339405473612e-05
530 0.0087033295454981268 1.6642353483760411e-05 6.3995070187486221e-05
531 0.008609919850288892 1.6462770568793374e-05 6.3308234193300682e-05
532 0.0085179019961759105 1.6285881034027676e-05 6.2631632324822877e-05
533 0.0084272495324086497 1.6111633313488459e-05 6.196507009124007e-05
534 0.0083379366178223842 1.5939977039208332e-05 6.1308357483988121e-05
535 0.008249938004362304 1.5770863008571296e-05 6.0661308855605175e-05
536 0.0081632290211175618 1.5604243152676188e-05 6.0023742802335013e-05
537 0.0080777855588476458 1.5440070505684185e-05 5.9395482050350337e-05
538 0.0079935840549838558 1.5278299175115689e-05 5.877635334546953e-05
539 0.0079106014790895542 1.5118884313063597e-05 5.8166187346246723e-05
540 0.0078288153187633224 1.4961782088291057e-05 5.7564818520318547e-05
541 0.007748203565969892 1.4806949659183206e-05 5.6972085043896265e-05
542 0.0076687447037841975 1.4654345147523443e-05 5.6387828704295569e-05
543 0.0075904176935345105 1.4503927613065863e-05 5.5811894805400814e-05
544 0.0075132438390100569 1.4355727566803587e-05 5.5244439992721004e-05
545 0.0074371599579824864 1.4209633450242346e-05 5.4684999691047696e-05
546 0.0073621464067018163 1.4065607042497027e-05 5.4133429461042769e-05
547 0.0072881839708951839 1.3923610964797224e-05 5.358958802128812e-05
548 0.0072152538547748677 1.3783608658755858e-05 5.3053337167462259e-05
549 0.0071433376703483476 1.3645564365241276e-05 5.2524541693737853e-05
550 0.0070724174270378835 1.3509443103866444e-05 5.2003069316455025e-05
551 0.0070024755216022711 1.3375210653080093e-05 5.14887906000167e-05
552 0.0069334947283513429 1.3242833530841066e-05 5.0981578884936343e-05
553 0.0068654581896436841 1.3112278975856395e-05 5.0481310217968264e-05
554 0.0067983494066584027 1.2983514929365194e-05 4.9987863284252963e-05
555 0.0067321522304319391 1.2856510017449601e-05 4.9501119341411318e-05
556 0.006666850853151547 1.2731233533856953e-05 4.9020962155526084e-05
557 0.0066024297996969605 1.2607655423315334e-05 4.8547277938948239e-05
558 0.0065388739194224207 1.2485746265327073e-05 4.8079955289870738e-05
559 0.006476168378171325 1.2365477258424911e-05 4.7618885133612683e-05
560 0.006414298650516093 1.2246820204875734e-05 4.7163960665559508e-05
561 0.0063532505122160946 1.2129747495817563e-05 4.6715077295706581e-05
562 0.0062930100328867601 1.2014232096816159e-05 4.627213259475559e-05
563 0.0062335635688731865 1.1900247533827802e-05 4.5835026241714609e-05
564 0.0061748977563218527 1.1787767879555266e-05 4.5403659972954798e-05
565 0.0061169995044441832 1.1676767740184741e-05 4.4977937532677821e-05
566 0.0060598559889660716 1.156722224249175e-05 4.4557764624750526e-05
567 0.006003454645757497 1.1459107021304472e-05 4.4143048865863952e-05
568 0.0059477831646367 1.1352398207313065e-05 4.3733699739975736e-05
569 0.0058928294833435254 1.1247072415214713e-05 4.3329628553996508e-05
570 0.0058385817816767492 1.1143106732183619e-05 4.2930748394681978e-05
571 0.0057850284757902919 1.1040478706655817e-05 4.2536974086693326e-05
572 0.0057321582126436087 1.093916633741977e-05 4.2148222151791243e-05
573 0.0056799598646013914 1.0839148063002448e-05 4.1764410769127875e-05
574 0.0056284225241781949 1.0740402751342583e-05 4.1385459736604374e-05
575 0.005577535498923555 1.0642909689742091e-05 4.1011290433261436e-05
576 0.0055272883064433368 1.0546648575087056e-05 4.0641825782671592e-05
577 0.0054776706695533178 1.0451599504330636e-05 4.0276990217303809e-05
578 0.0054286725115609289 1.035774296522927e-05 3.9916709643830361e-05
579 0.0053802839516714383 1.0265059827325173e-05 3.956091140934881e-05
580 0.0053324953005148409 1.0173531333167608e-05 3.9209524268491477e-05
581 0.0052852970557898593 1.0083139089765558e-05 3.8862478351396025e-05
582 0.0052386798980216488 9.9938650602652069e-06 3.8519705132512121e-05
583 0.0051926346864298355 9.9056915558455928e-06 3.8181137400219382e-05
584 0.0051471524549036342 9.8186012278255511e-06 3.7846709227232603e-05
585 0.0051022244080809942 9.7325770599764813e-06 3.7516355941772013e-05
586 0.0050578419175286229 9.6476023610340119e-06 3.719001409947517e-05
587 0.0050139965180201109 9.5636607574035598e-06 3.686762145603023e-05
588 0.0049706799039091814 9.4807361860536336e-06 3.6549116940508687e-05
589 0.0049278839255954311 9.3988128875916343e-06 3.6234440629378171e-05
590 0.0048856005860798257 9.3178753995167396e-06 3.5923533721175187e-05
591 0.0048438220376074374 9.2379085496449365e-06 3.5616338511819391e-05
592 0.004802540578394905 9.1588974497011129e-06 3.5312798370550771e-05
593 0.0047617486494402296 9.0808274890735576e-06 3.5012857716472279e-05
594 0.0047214388314125201 9.0036843287259036e-06 3.4716461995680296e-05
595 0.0046816038416195322 8.9274538952627071e-06 3.4423557658967146e-05
596 0.0046422365310506697 8.8521223751433788e-06 3.4134092140078454e-05
597 0.0046033298814934752 8.777676209041194e-06 3.3848013834510847e-05
598 0.0045648770027214231 8.7041020863425244e-06 3.3565272078833992e-05
599 0.0045268711297511326 8.6313869397829585e-06 3.3285817130523033e-05
600 0.0044893056201670131 8.5595179402161004e-06 3.3009600148286863e-05
601 0.0044521739515114627 8.4884824915113701e-06 3.2736573172878402e-05
602 0.0044154697187388644 8.4182682255775297e-06 3.2466689108374005e-05
603 0.0043791866317315631 8.3488629975079844e-06 3.2199901703908549e-05
604 0.0043433185128761752 8.2802548808449153e-06 3.193616553585423e-05
605 0.0043078592946985145 8.2124321629585973e-06 3.1675435990430252e-05
606 0.0042728030175556196 8.1453833405391357e-06 3.1417669246732496e-05
607 0.004238143827383252 8.079097115197169e-06 3.1162822260170973e-05
608 0.004203875973497407 8.0135623891708038e-06 3.0910852746304465e-05
609 0.0041699938064483659 7.9487682611358158e-06 3.0661719165061511e-05
610 0.0041364917759258574 7.8847040221162287e-06 3.0415380705337185e-05
611 0.0041033644287139983 7.8213591514927918e-06 3.0171797269955871e-05
612 0.0040706064066946216 7.7587233131064273e-06 2.9930929460989866e-05
613 0.0040382124448977534 7.6967863514542755e-06 2.9692738565424659e-05
614 0.0040061773695979587 7.6355382879758934e-06 2.9457186541161461e-05
615 0.0039744960964553412 7.5749693174270595e-06 2.9224236003348097e-05
616 0.0039431636287000065 7.5150698043388348e-06 2.899385021102946e-05
617 0.0039121750553588758 7.4558302795598779e-06 2.8765993054109382e-05
618 0.0038815255495237015 7.3972414368794981e-06 2.8540629040615452e-05
619 0.0038512103666592207 7.3392941297294999e-06 2.8317723284258976e-05
620 0.0038212248429503968 7.2819793679626988e-06 2.809724149228233e-05
621 0.0037915643936877221 7.2252883147060069e-06 2.7879149953586192e-05
622 0.0037622245116896158 7.169212283286412e-06 2.7663415527129529e-05
623 0.0037332007657609289 7.113742734227588e-06 2.7450005630595067e-05
624 0.0037044887991866415 7.05887127231557e-06 2.7238888229313542e-05
625 0.0036760843282598356 7.0045896437315904e-06 2.7030031825439969e-05
626 0.0036479831408430842 6.9508897332503954e-06 2.6823405447375618e-05
627 0.0036201810949623575 6.8977635615022208e-06 2.6618978639429099e-05
628 0.0035926741174326969 6.8452032822971247e-06 2.6416721451711007e-05
629 0.0035654582025147299 6.7932011800095233e-06 2.6216604430255366e-05
630 0.003538529410601374 6.7417496670220458e-06 2.6018598607363043e-05
631 0.0035118838669338658 6.6908412812266631e-06 2.5822675492160777e-05
632 0.0034855177603464291 6.6404686835819661e-06 2.5628807061370803e-05
633 0.0034594273420388414 6.59062465572498e-06 2.5436965750285598e-05
634 0.0034336089243762026 6.5413020976362622e-06 2.5247124443942666e-05
635 0.0034080588797152406 6.492494025356921e-06 2.5059256468494417e-05
636 0.003382773639256455 6.4441935687561273e-06 2.4873335582768053e-05
637 0.0033577496919215064 6.3963939693480703e-06 2.4689335970011076e-05
638 0.0033329835832551875 6.3490885781569838e-06 2.4507232229817554e-05
639 0.0033084719143513805 6.3022708536290277e-06 2.4326999370230739e-05
640 0.0032842113408024184 6.2559343595899791e-06 2.4148612800017781e-05
641 0.0032601985716712535 6.2100727632474391e-06 2.3972048321112157e-05
642 0.003236430368485913 6.1646798332367411e-06 2.379728212121995e-05
643 0.0032129035442556375 6.11974943770904e-06 2.3624290766585569e-05
644 0.0031896149625082397 6.0752755424610075e-06 2.3453051194913526e-05
645 0.0031665615363481283 6.0312522091048906e-06 2.3283540708442119e-05
646 0.0031437402275344838 5.9876735932778223e-06 2.3115736967165321e-05
647 0.0031211480455791583 5.9445339428898116e-06 2.2949617982199695e-05
648 0.0030987820468637542 5.9018275964090624e-06 2.2785162109292312e-05
649 0.0030766393337754668 5.8595489811839731e-06 2.2622348042466668e-05
650 0.0030547170538612364 5.8176926118009533e-06 2.2461154807803208e-05
651 0.0030330123989997294 5.7762530884768636e-06 2.2301561757350952e-05
652 0.0030115226045908114 5.7352250954858156e-06 2.2143548563167731e-05
653 0.0029902449487619839 5.6946033996188649e-06 2.1987095211485175e-05
654 0.0029691767515914991 5.6543828486764601e-06 2.1832181996996318e-05
655 0.0029483153743476509 5.6145583699922327e-06 2.167878951726214e-05
656 0.0029276582187439371 5.5751249689878887e-06 2.1526898667234832e-05
657 0.0029072027262096994 5.5360777277582601e-06 2.1376490633894847e-05
658 0.00288694637717586 5.4974118036858e-06 2.122754689099897e-05
659 0.0028668866903754195 5.459122428083827e-06 2.108004919393691e-05
660 0.0028470212221583533 5.4212049048678148e-06 2.0933979574693775e-05
661 0.0028273475658206195 5.3836546092543231e-06 2.0789320336916319e-05
662 0.0028078633509468864 5.3464669864865407e-06 2.0646054051080047e-05
663 0.0027885662427666992 5.3096375505860333e-06 2.0504163549755142e-05
664 0.002769453941523785 5.2731618831301742e-06 2.0363631922969008e-05
665 0.0027505241818581655 5.2370356320544571e-06 2.0224442513662982e-05
666 0.0027317747322007889 5.201254510479175e-06 2.0086578913241096e-05
667 0.0027132033941804257 5.1658142955600739e-06 1.9950024957209012e-05
668 0.0026948080020425158 5.1307108273622424e-06 1.9814764720900851e-05
669 0.0026765864220796866 5.0959400077566721e-06 1.9680782515291813e-05
670 0.0026585365520737322 5.0614977993392603e-06 1.9548062882895088e-05
671 0.0026406563207487135 5.0273802243713119e-06 1.941659059374054e-05
672 0.0026229436872350111 4.9935833637414891e-06 1.9286350641433906e-05
673 0.0026053966405440204 4.9601033559484208e-06 1.9157328239294269e-05
674 0.002588013199053284 4.9269363961036215e-06 1.9029508816568265e-05
675 0.0025707914100018114 4.8940787349542356e-06 1.8902878014719201e-05
676 0.0025537293489953775 4.8615266779252235e-06 1.8777421683789541e-05
677 0.002536825119521551 4.8292765841804403e-06 1.8653125878834932e-05
678 0.0025200768524742592 4.7973248657023145e-06 1.8529976856428377e-05
679 0.0025034827056876581 4.7656679863895374e-06 1.8407961071232781e-05
680 0.002487040863479137 4.7343024611726542e-06 1.8287065172640714e-05
681 0.0024707495362011967 4.7032248551467554e-06 1.8167276001479386e-05
682 0.0024546069598020727 4.6724317827213094e-06 1.8048580586779947e-05
683 0.0024386113953948573 4.6419199067863917e-06 1.7930966142609244e-05
684 0.002422761128834979 4.6116859378953083e-06 1.7814420064963082e-05
685 0.00240705447030581 4.5817266334628629e-06 1.7698929928719192e-05
686 0.00239148975391227 4.552038796979256e-06 1.7584483484649045e-05
687 0.0023760653372822218 4.5226192772391361e-06 1.7471068656486925e-05
688 0.0023607796011754999 4.4934649675854005e-06 1.7358673538055145e-05
689 0.0023456309491004194 4.4645728051676337e-06 1.724728639044426e-05
690 0.0023306178069375763 4.4359397702146435e-06 1.7136895639246883e-05
691 0.0023157386225707973 4.4075628853208433e-06 1.7027489871844097e-05
692 0.0023009918655251104 4.3794392147464208e-06 1.6919057834743459e-05
693 0.0022863760266115351 4.3515658637305951e-06 1.6811588430967169e-05
694 0.0022718896175785786 4.3239399778179567e-06 1.6705070717489549e-05
695 0.0022575311707703082 4.2965587421976138e-06 1.6599493902722853e-05
696 0.0022432992387908155 4.2694193810546599e-06 1.6494847344050115e-05
697 0.0022291923941749857 4.2425191569339665e-06 1.6391120545404306e-05
698 0.0022152092290654009 4.2158553701158329e-06 1.6288303154892652e-05
699 0.0022013483548952782 4.1894253580033661e-06 1.618638496246528e-05
700 0.00218760840207729 4.1632264945212979e-06 1.6085355897627134e-05
