index sum SD mean
25 0.0 0.0 0.0
26 0.0 0.0 0.0
27 0.0 0.0 0.0
28 0.0 0.0 0.0
29 0.0 0.0 0.0
30 0.0 0.0 0.0
31 0.0 0.0 0.0
32 0.0 0.0 0.0
33 0.0 0.0 0.0
34 0.0 0.0 0.0
35 0.0 0.0 0.0
36 0.0 0.0 0.0
37 0.0 0.0 0.0
38 0.0 0.0 0.0
39 0.0 0.0 0.0
40 0.0 0.0 0.0
41 0.0 0.0 0.0
42 0.0 0.0 0.0
43 0.0 0.0 0.0
44 0.0 0.0 0.0
45 0.0 0.0 0.0
46 0.0 0.0 0.0
47 0.0 0.0 0.0
48 0.0 0.0 0.0
49 0.0 0.0 0.0
50 0.0 0.0 0.0
51 0.0 0.0 0.0
52 0.0 0.0 0.0
53 0.0 0.0 0.0
54 0.0 0.0 0.0
55 0.0 0.0 0.0
56 0.0 0.0 0.0
57 0.0 0.0 0.0
58 0.0 0.0 0.0
59 0.0 0.0 0.0
60 0.032652403490712842 1.3049469139600157e-06 0.00021481844401784764
61 0.11278613050054663 9.1915734701262332e-06 0.00074201401645096466
62 0.22650947138998181 2.9816716920690074e-05 0.0014901938907235645
63 0.36783216287651305 6.8971054885703744e-05 0.0024199484399770595
64 0.53260811024597399 0.00013171699678675121 0.0035040007253024606
65 0.71752239918875083 0.00022230174428973675 0.0047205420999259923
66 0.91972999577415171 0.00034417276565161108 0.0060508552353562613
67 1.1366910380978614 0.00050002395457916457 0.0074782305138017197
68 1.3660851807904502 0.00069184573520279758 0.0089874025052003297
69 1.6057633462702345 0.00092097177192123779 0.010564232541251543
70 1.8537191477779904 0.0011881218677821243 0.012195520709065726
71 2.1080713935017505 0.0014934422660700056 0.013868890746722044
72 2.3670529223289409 0.0018365439047187705 0.015572716594269348
73 2.6290023324273832 0.0022165363933632381 0.017296067976495941
74 2.892354583382057 0.0026320488195808642 0.019028648574881953
75 3.1556241683140431 0.0030812160926188712 0.020760685317855548
76 3.4173716793109636 0.0035615936830393569 0.022482708416519497
77 3.6761443808611989 0.0040699563873577765 0.024185160400402625
78 3.9303884823715647 0.0046019593589888396 0.025857818962970819
79 4.1783474410097687 0.0051517082949444609 0.027489127901380056
80 4.417981850190313 0.005711386603983265 0.029065670067041534
81 4.6469591946985869 0.0062711638772699795 0.030572099965122283
82 4.8627521487923069 0.0068195884455526873 0.031991790452580965
83 5.0628494597192217 0.0073445173546212508 0.033308220129731725
84 5.2450380919686914 0.0078344178981509319 0.034506829552425601
85 5.4076831632792288 0.0082797063301585979 0.035576862916310716
86 5.549930531939637 0.0086737674670907643 0.036512700868023926
87 5.6717849310086308 0.0090134262643008622 0.037314374546109412
88 5.7740579157606682 0.0092988375436091463 0.037987223130004397
89 5.8582151261750903 0.0095329246928531966 0.038540888987994015
90 5.9261697801254742 0.009720576413342322 0.038987959079772858
91 5.9800686211701217 0.0098678038345502758 0.039342556718224488
92 6.0221041627594598 0.0099810021082497105 0.039619106333943811
93 6.0543712385134496 0.010066389733581736 0.039831389727062169
94 6.0787721620774393 0.010129640423102777 0.039991922118930524
95 6.0969656922361519 0.010175684916300101 0.040111616396290475
96 6.1103505498459461 0.010208643927735203 0.040199674670039119
97 6.1200731557647217 0.010231850571305894 0.040263639182662646
98 6.1270503125015328 0.010247926095374839 0.040309541529615349
99 6.131999453053143 0.010258881245136244 0.040342101664823306
100 6.1354711547727536 0.010266224094194559 0.040364941807715486
101 6.1378805925712907 0.010271062220022423 0.040380793372179542
102 6.1395356791119511 0.010274193398554432 0.040391682099420734
103 6.1406613957789187 0.010276181423052307 0.040399088130124466
104 6.1414198350803089 0.010277417410899551 0.040404077862370456
105 6.1419261681754636 0.010278167902304326 0.040407409001154367
106 6.1422612516328456 0.010278611141285025 0.040409613497584512
107 6.1424811554271397 0.010278864150078197 0.040411060233073288
108 6.1426243203324358 0.010279002276001996 0.040412002107450239
109 6.1427168127421119 0.010279073005935313 0.04041261061014547
110 6.1427761342091287 0.010279105603487082 0.040413000882954797
111 6.142813919509595 0.010279117641353143 0.040413249470457858
112 6.1428378297953268 0.010279119343758381 0.040413406774969254
113 6.1428528670545068 0.010279116441237125 0.040413505704305963
114 6.1428622694709514 0.010279111980819371 0.040413567562308891
115 6.1428681165217398 0.010279107459522563 0.040413606029748285
116 6.1428717340096961 0.010279103559178016 0.040413629829011158
117 6.1428739603736542 0.010279100415784318 0.040413644476142464
118 6.1428753257559316 0.010279097993949701 0.040413653458920604
119 6.14287615966954 0.010279096193022313 0.040413658945194345
120 6.1428766673537156 0.010279094905183151 0.040413662285221814
121 6.1428769751356249 0.010279093998466667 0.040413664310102793
122 6.1428771611672 0.010279093374087297 0.040413665533994739
123 6.1428772732457402 0.010279092950754147 0.040413666271353552
124 6.1428773404516805 0.010279092666338856 0.040413666713497901
125 6.1428773807610497 0.010279092479121217 0.040413666978691115
126 6.1428774048164705 0.010279092356531535 0.040413667136950465
127 6.1428774191434439 0.010279092277171741 0.040413667231206866
128 6.1428774276677016 0.010279092226349715 0.040413667287287514
129 6.1428774327434716 0.010279092194144189 0.040413667320680732
130 6.1428774357397415 0.010279092173748925 0.040413667340393034
131 6.1428774374911166 0.010279092160879728 0.04041366735191524
132 6.1428774384987346 0.010279092152845667 0.040413667358544306
133 6.1428774384987346 0.010279092152845667 0.040413667358544306
134 6.1428774384987346 0.010279092152845667 0.040413667358544306
135 6.1428774384987346 0.010279092152845667 0.040413667358544306
136 6.1428774384987346 0.010279092152845667 0.040413667358544306
137 6.1428774384987346 0.010279092152845667 0.040413667358544306
138 6.1428774384987346 0.010279092152845667 0.040413667358544306
139 6.1428774384987346 0.010279092152845667 0.040413667358544306
140 6.1428774384987346 0.010279092152845667 0.040413667358544306
141 6.1428774384987346 0.010279092152845667 0.040413667358544306
142 6.1428774384987346 0.010279092152845667 0.040413667358544306
143 6.1428774384987346 0.010279092152845667 0.040413667358544306
144 6.1428774384987346 0.010279092152845667 0.040413667358544306
145 6.1428774384987346 0.010279092152845667 0.040413667358544306
146 6.1428774384987346 0.010279092152845667 0.040413667358544306
147 6.1428774384987346 0.010279092152845667 0.040413667358544306
148 6.1428774384987346 0.010279092152845667 0.040413667358544306
149 6.1428774384987346 0.010279092152845667 0.040413667358544306
150 6.1428774384987346 0.010279092152845667 0.040413667358544306
151 6.1428774384987346 0.010279092152845667 0.040413667358544306
152 6.1428774384987346 0.010279092152845667 0.040413667358544306
153 6.1428774384987346 0.010279092152845667 0.040413667358544306
154 6.1428774384987346 0.010279092152845667 0.040413667358544306
155 6.1428774384987346 0.010279092152845667 0.040413667358544306
156 6.1428774384987346 0.010279092152845667 0.040413667358544306
157 6.1428774384987346 0.010279092152845667 0.040413667358544306
158 6.1428774384987346 0.010279092152845667 0.040413667358544306
159 6.1428774384987346 0.010279092152845667 0.040413667358544306
160 6.1428774384987346 0.010279092152845667 0.040413667358544306
161 6.1428774384987346 0.010279092152845667 0.040413667358544306
162 6.1428774384987346 0.010279092152845667 0.040413667358544306
163 6.1428774384987346 0.010279092152845667 0.040413667358544306
164 6.1428774384987346 0.010279092152845667 0.040413667358544306
165 6.1428774384987346 0.010279092152845667 0.040413667358544306
166 6.1428774384987346 0.010279092152845667 0.040413667358544306
167 6.1428774384987346 0.010279092152845667 0.040413667358544306
168 6.1428774384987346 0.010279092152845667 0.040413667358544306
169 6.1428774384987346 0.010279092152845667 0.040413667358544306
170 6.1428774384987346 0.010279092152845667 0.040413667358544306
171 6.1428774384987346 0.010279092152845667 0.040413667358544306
172 6.1428774384987346 0.010279092152845667 0.040413667358544306
173 6.1428774384987346 0.010279092152845667 0.040413667358544306
174 6.1428774384987346 0.010279092152845667 0.040413667358544306
175 6.1428774384987346 0.010279092152845667 0.040413667358544306
176 6.1428774384987346 0.010279092152845667 0.040413667358544306
177 6.1428774384987346 0.010279092152845667 0.040413667358544306
178 6.1428774384987346 0.010279092152845667 0.040413667358544306
179 6.1428774384987346 0.010279092152845667 0.040413667358544306
180 6.1428774384987346 0.010279092152845667 0.040413667358544306
181 6.1428774384987346 0.010279092152845667 0.040413667358544306
182 6.1428774384987346 0.010279092152845667 0.040413667358544306
183 6.1428774384987346 0.010279092152845667 0.040413667358544306
184 6.1428774384987346 0.010279092152845667 0.040413667358544306
185 6.1428774384987346 0.010279092152845667 0.040413667358544306
186 6.1428774384987346 0.010279092152845667 0.040413667358544306
187 6.1428774384987346 0.010279092152845667 0.040413667358544306
188 6.1428774384987346 0.010279092152845667 0.040413667358544306
189 6.1428774384987346 0.010279092152845667 0.040413667358544306
190 6.1428774384987346 0.010279092152845667 0.040413667358544306
191 6.1428774384987346 0.010279092152845667 0.040413667358544306
192 6.1428774384987346 0.010279092152845667 0.040413667358544306
193 6.1428774384987346 0.010279092152845667 0.040413667358544306
194 6.1428774384987346 0.010279092152845667 0.040413667358544306
195 6.1428774384987346 0.010279092152845667 0.040413667358544306
196 6.1428774384987346 0.010279092152845667 0.040413667358544306
197 6.1428774384987346 0.010279092152845667 0.040413667358544306
198 6.1428774384987346 0.010279092152845667 0.040413667358544306
199 6.1428774384987346 0.010279092152845667 0.040413667358544306
200 6.1428774384987346 0.010279092152845667 0.040413667358544306
201 6.1428774384987346 0.010279092152845667 0.040413667358544306
202 6.1428774384987346 0.010279092152845667 0.040413667358544306
203 6.1428774384987346 0.010279092152845667 0.040413667358544306
204 6.1428774384987346 0.010279092152845667 0.040413667358544306
205 6.1428774384987346 0.010279092152845667 0.040413667358544306
206 6.1428774384987346 0.010279092152845667 0.040413667358544306
207 6.1428774384987346 0.010279092152845667 0.040413667358544306
208 6.1428774384987346 0.010279092152845667 0.040413667358544306
209 6.1428774384987346 0.010279092152845667 0.040413667358544306
210 6.1428774384987346 0.010279092152845667 0.040413667358544306
211 6.1428774384987346 0.010279092152845667 0.040413667358544306
212 6.1428774384987346 0.010279092152845667 0.040413667358544306
213 6.1428774384987346 0.010279092152845667 0.040413667358544306
214 6.1428774384987346 0.010279092152845667 0.040413667358544306
215 6.1428774384987346 0.010279092152845667 0.040413667358544306
216 6.1428774384987346 0.010279092152845667 0.040413667358544306
217 6.1428774384987346 0.010279092152845667 0.040413667358544306
218 6.1428774384987346 0.010279092152845667 0.040413667358544306
219 6.1428774384987346 0.010279092152845667 0.040413667358544306
220 6.1428774384987346 0.010279092152845667 0.040413667358544306
221 6.1428774384987346 0.010279092152845667 0.040413667358544306
222 6.1428774384987346 0.010279092152845667 0.040413667358544306
223 6.1428774384987346 0.010279092152845667 0.040413667358544306
224 6.1428774384987346 0.010279092152845667 0.040413667358544306
225 6.1428774384987346 0.010279092152845667 0.040413667358544306
226 6.1428774384987346 0.010279092152845667 0.040413667358544306
227 6.1428774384987346 0.010279092152845667 0.040413667358544306
228 6.1428774384987346 0.010279092152845667 0.040413667358544306
229 6.1428774384987346 0.010279092152845667 0.040413667358544306
230 6.1428774384987346 0.010279092152845667 0.040413667358544306
231 6.1428774384987346 0.010279092152845667 0.040413667358544306
232 6.1428774384987346 0.010279092152845667 0.040413667358544306
233 6.1428774384987346 0.010279092152845667 0.040413667358544306
234 6.1428774384987346 0.010279092152845667 0.040413667358544306
235 6.1428774384987346 0.010279092152845667 0.040413667358544306
236 6.1428774384987346 0.010279092152845667 0.040413667358544306
237 6.1428774384987346 0.010279092152845667 0.040413667358544306
238 6.1428774384987346 0.010279092152845667 0.040413667358544306
239 6.1428774384987346 0.010279092152845667 0.040413667358544306
240 6.1428774384987346 0.010279092152845667 0.040413667358544306
241 6.1428774384987346 0.010279092152845667 0.040413667358544306
242 6.1428774384987346 0.010279092152845667 0.040413667358544306
243 6.1428774384987346 0.010279092152845667 0.040413667358544306
244 6.1428774384987346 0.010279092152845667 0.040413667358544306
245 6.1428774384987346 0.010279092152845667 0.040413667358544306
246 6.1428774384987346 0.010279092152845667 0.040413667358544306
247 6.1428774384987346 0.010279092152845667 0.040413667358544306
248 6.1428774384987346 0.010279092152845667 0.040413667358544306
249 6.1428774384987346 0.010279092152845667 0.040413667358544306
250 6.1428774384987346 0.010279092152845667 0.040413667358544306
251 6.1428774384987346 0.010279092152845667 0.040413667358544306
252 6.1428774384987346 0.010279092152845667 0.040413667358544306
253 6.1428774384987346 0.010279092152845667 0.040413667358544306
254 6.1428774384987346 0.010279092152845667 0.040413667358544306
255 6.1428774384987346 0.010279092152845667 0.040413667358544306
256 6.1428774384987346 0.010279092152845667 0.040413667358544306
257 6.1428774384987346 0.010279092152845667 0.040413667358544306
258 6.1428774384987346 0.010279092152845667 0.040413667358544306
259 6.1428774384987346 0.010279092152845667 0.040413667358544306
260 6.1428774384987346 0.010279092152845667 0.040413667358544306
261 6.1428774384987346 0.010279092152845667 0.040413667358544306
262 6.1428774384987346 0.010279092152845667 0.040413667358544306
263 6.1428774384987346 0.010279092152845667 0.040413667358544306
264 6.1428774384987346 0.010279092152845667 0.040413667358544306
265 6.1428774384987346 0.010279092152845667 0.040413667358544306
266 6.1428774384987346 0.010279092152845667 0.040413667358544306
267 6.1428774384987346 0.010279092152845667 0.040413667358544306
268 6.1428774384987346 0.010279092152845667 0.040413667358544306
269 6.1428774384987346 0.010279092152845667 0.040413667358544306
270 6.1428774384987346 0.010279092152845667 0.040413667358544306
271 6.1428774384987346 0.010279092152845667 0.040413667358544306
272 6.1428774384987346 0.010279092152845667 0.040413667358544306
273 6.1428774384987346 0.010279092152845667 0.040413667358544306
274 6.1428774384987346 0.010279092152845667 0.040413667358544306
275 6.1428774384987346 0.010279092152845667 0.040413667358544306
276 6.1428774384987346 0.010279092152845667 0.040413667358544306
277 6.1428774384987346 0.010279092152845667 0.040413667358544306
278 6.1428774384987346 0.010279092152845667 0.040413667358544306
279 6.1428774384987346 0.010279092152845667 0.040413667358544306
280 6.1428774384987346 0.010279092152845667 0.040413667358544306
281 6.1428774384987346 0.010279092152845667 0.040413667358544306
282 6.1428774384987346 0.010279092152845667 0.040413667358544306
283 6.1428774384987346 0.010279092152845667 0.040413667358544306
284 6.1428774384987346 0.010279092152845667 0.040413667358544306
285 6.1428774384987346 0.010279092152845667 0.040413667358544306
286 6.1428774384987346 0.010279092152845667 0.040413667358544306
287 6.1428774384987346 0.010279092152845667 0.040413667358544306
288 6.1428774384987346 0.010279092152845667 0.040413667358544306
289 6.1428774384987346 0.010279092152845667 0.040413667358544306
290 6.1428774384987346 0.010279092152845667 0.040413667358544306
291 6.1428774384987346 0.010279092152845667 0.040413667358544306
292 6.1428774384987346 0.010279092152845667 0.040413667358544306
293 6.1428774384987346 0.010279092152845667 0.040413667358544306
294 6.1428774384987346 0.010279092152845667 0.040413667358544306
295 6.1428774384987346 0.010279092152845667 0.040413667358544306
296 6.1428774384987346 0.010279092152845667 0.040413667358544306
297 6.1428774384987346 0.010279092152845667 0.040413667358544306
298 6.1428774384987346 0.010279092152845667 0.040413667358544306
299 6.1428774384987346 0.010279092152845667 0.040413667358544306
300 5.6876370500423459 0.0098632338734017406 0.037418664802910173
301 5.2691936694244044 0.0094317894116513409 0.034665747825160555
302 4.8844296638031413 0.0089935708789316421 0.032134405682915403
303 4.5305059030725809 0.0085553542776636952 0.029805959888635401
304 4.2048336726156794 0.0081223142618519865 0.027663379425103152
305 3.9050503476157545 0.0076983585400199729 0.025691120707998383
306 3.6289980181229797 0.0072863878652643559 0.023874986961335394
307 3.3747045290656397 0.0068885003478907636 0.022202003480694999
308 3.1403665550215232 0.006506153573705555 0.020660306283036337
309 2.9243344215159732 0.0061402942902885867 0.019239042246815614
310 2.7250984477926075 0.0057914628857969721 0.017928279261793471
311 2.5412766270026519 0.0054598780067767775 0.016718925177649026
312 2.3716034880886392 0.0051455053898999247 0.015602654526898942
313 2.2149200099200574 0.0048481140164578574 0.014571842170526693
314 2.0701644715573484 0.0045673220009112168 0.013619503102350976
315 1.93636414220247 0.0043026341074988714 0.012739237777647829
316 1.8126277208703936 0.004053472392407137 0.011925182374147325
317 1.6981384502934409 0.0038192011743818483 0.011171963488772637
318 1.5921478357017422 0.0035991472987966836 0.010474656813827251
319 1.4939699097071131 0.0033926164938315921 0.0098287494059678491
320 1.4029759889872584 0.0031989064666372497 0.0092301051907056481
321 1.3185898773637446 0.0030173172915459526 0.0086749334037088451
322 1.2402834707229409 0.0028471595253820644 0.0081597596758088212
323 1.1675727299736038 0.0026877604488925256 0.007681399539300025
324 1.1000139880915707 0.0025384687484107781 0.0072369341321813861
325 1.0372005618664564 0.0023986579083576059 0.0068236879070161603
326 0.97875964346514166 0.0022677285532372764 0.0064392081806917212
327 0.92434944713607647 0.0021451099154792042 0.0060812463627373456
328 0.87365659188292655 0.0020302606327444002 0.0057477407360718852
329 0.82639369986978239 0.0019226689688979731 0.0054368006570380423
330 0.78229719303552181 0.0018218526067941758 0.0051466920594442226
331 0.74112527338029388 0.0017273581017854046 0.0048758241669756173
332 0.70265607224162641 0.0016387600761571244 0.0046227373173791213
333 0.66668595314113333 0.0015556602277201335 0.0043860917969811399
334 0.63302795874478524 0.0014776862016162822 0.0041646576233209552
335 0.60151038986162575 0.0014044903759143363 0.0039573051964580637
336 0.57197550321307677 0.0013357485943265811 0.0037629967316649788
337 0.54427832259223641 0.0012711588777095341 0.0035807784381068184
338 0.51828555084223504 0.0012104401345032554 0.0034097733608041778
339 0.49387457582826766 0.0011533308916514961 0.0032491748409754452
340 0.47093256244952147 0.0010995880542113191 0.0030982405424310622
341 0.44935562303492338 0.0010489857100161573 0.0029562869936508116
342 0.42904806009484836 0.0010013139804414674 0.0028226846058871601
343 0.40992167465498869 0.00095637792490346285 0.0026968531227301888
344 0.39189513546756666 0.00091399650410355071 0.0025782574701813596
345 0.37489340239662605 0.00087400159696753011 0.0024664039631356978
346 0.35884720111625629 0.00083623707971275743 0.0023608368494490543
347 0.34369254252917353 0.00080055795775302362 0.0022611351482182468
348 0.32937028531043139 0.00076682955781231989 0.0021669097717791539
349 0.31582573560781957 0.00073492677059822336 0.0020778008921567078
350 0.30300828168924926 0.00070473334596406613 0.0019934755374292714
351 0.29087106116447592 0.00067614123970882061 0.0019136254023978678
352 0.27937065555665935 0.00064905000306697091 0.0018379648391885484
353 0.26846681290761593 0.00062336622068457606 0.0017662290322869468
354 0.25812221738233254 0.00059900305645537615 0.0016981724827785036
355 0.24830215677131637 0.00057587948269056217 0.0016335668208639234
356 0.23897446405521772 0.00055392027560201664 0.001572200421415906
357 0.23010921767220324 0.00053305529774625945 0.0015138764320539687
358 0.22167860933093739 0.00051321924600843886 0.0014584119034930091
359 0.21365670319750843 0.00049435108254476472 0.001405636205246766
360 0.20601940689734194 0.0004763940419396855 0.0013553908348509338
361 0.19874425212069427 0.00045929510087238979 0.0013075279744782517
362 0.19181029094530955 0.0004430047597253184 0.0012619098088507206
363 0.18519798035258933 0.00042747678524648322 0.0012184077654775615
364 0.17888907709679738 0.00041266797421134123 0.0011769018230052459
365 0.17286654042159133 0.00039853793415753173 0.0011372798711946797
366 0.16711444349241658 0.00038504888195095614 0.0010994371282395828
367 0.16161789109034111 0.00037216545686929526 0.00106327559927856
368 0.15636294488660032 0.00035985454882391958 0.0010287035847802654
369 0.1513365632946575 0.0003480851619042143 0.00099563528483327299
370 0.14652649937299242 0.00033682817330709834 0.00096399012745389744
371 0.1419213012710609 0.00032605634291797177 0.00093369277152013745
372 0.13751021765735089 0.00031574408769047258 0.00090467248458783473
373 0.13328315827376666 0.00030586739149812074 0.00087686288338004387
374 0.12923064797050918 0.00029640369758579229 0.0008502016313849288
375 0.1253437905394971 0.00028733182354890376 0.00082463020091774406
376 0.12161420320690623 0.00027863180995956756 0.00080009344215069885
377 0.11803402076792303 0.00027028492675564052 0.00077653961031528315
378 0.11459583438659024 0.00026227353112255386 0.00075391996306967265
379 0.11129266781366783 0.0002545810108164096 0.00073218860403728833
380 0.10811795318552005 0.00024719172588535054 0.00071130232358894766
381 0.10506548535951675 0.00024009090552199413 0.00069122029841787341
382 0.1021294265176018 0.0002332646515477873 0.00067190412182632764
383 0.09930426332728598 0.00022669984156406615 0.00065331752189003937
384 0.09658479092312558 0.00022038408973173667 0.00063542625607319457
385 0.093966093064569114 0.00021430569963103236 0.00061819798068795469
386 0.09144352398685536 0.00020845362096291373 0.00060160213149246949
387 0.08901269125334299 0.00020281740877192293 0.00058560981087725646
388 0.086669440088125355 0.00019738718594081883 0.00057019368479029834
389 0.084409838518881425 0.00019215360791071564 0.0005553278849926409
390 0.082230163843761347 0.00018710783022408693 0.00054098792002474567
391 0.080126889717455865 0.00018224147774291872 0.0005271505902464202
392 0.078096674414918368 0.00017754661648333364 0.0005137939106244629
393 0.076136349613740231 0.00017301572696300742 0.00050089703693250148
394 0.074242910199371362 0.00016864167962150732 0.0004884401986800747
395 0.072413504490638367 0.00016441771151900908 0.00047640463480683138
396 0.070645425354434091 0.00016033740505495616 0.00046477253522654008
397 0.068936101666640784 0.00015639466747100484 0.00045352698464895254
398 0.067283092222584717 0.00015258371461703728 0.0004426519225170047
399 0.065684071607332598 0.00014889904395264521 0.00043213205004824078
400 0.064136835092169567 0.00014533543385833309 0.00042195286244848401
401 0.062639278915814778 0.00014188791137896591 0.00041210051918299194
402 0.061189405782990501 0.00013855175156714169 0.00040256188015125332
403 0.059785318855137028 0.00013532243807147585 0.00039332446615221727
404 0.058425192423209225 0.00013219572447283252 0.00038437626594216593
405 0.057107311854023013 0.00012916749879434875 0.00037570599903962511
406 0.055830019606552823 0.0001262339069518799 0.00036730276056942646
407 0.054591756927009398 0.00012339121643484426 0.00035915629557243026
408 0.053391016750069215 0.00012063592414762037 0.00035125668914519218
409 0.052226379956977709 0.00011796463706085266 0.00034359460498011653
410 0.051096478259460676 0.00011537415534111605 0.00033616104118066236
411 0.050000005991795701 0.00011286142310760246 0.00032894740784076117
412 0.048935723739163453 0.00011042350164051332 0.00032194555091554904
413 0.047902446304179828 0.00010805758562521763 0.00031514767305381466
414 0.046899031227691061 0.00010576102222868372 0.00030854625807691486
415 0.045924398542148019 0.00010353124093089955 0.00030213420093518436
416 0.044977503731086894 0.00010136581722776601 0.00029590462980978223
417 0.044057355789793487 9.926240858767758e-05 0.00028985102493285189
418 0.043163005593570954 9.7218775158723806e-05 0.00028396714206296679
419 0.042293539855012753 9.5232787113813146e-05 0.00027824697273034707
420 0.04144808437426542 9.3302404573786441e-05 0.00027268476562016723
421 0.040625805709319514 9.1425662316077714e-05 0.0002672750375613126
422 0.039825904708587281 8.960067874651858e-05 0.0002620125309775479
423 0.039047611898733382 8.7825661694655198e-05 0.00025689218354429857
424 0.038290189793778427 8.6098892638335279e-05 0.00025190914338012123
425 0.03755293537627314 8.4418710357136913e-05 0.000247058785370218
426 0.036835168556603931 8.2783539343547698e-05 0.00024233663524081533
427 0.036136241841185648 8.119185171622156e-05 0.00023773843316569505
428 0.035455528849050191 7.9642196971404201e-05 0.00023326005821743546
429 0.034792432523626064 7.8133168216505685e-05 0.00022889758239227673
430 0.034146376239140033 7.6663425404647971e-05 0.00022464721209960548
431 0.03351680686311316 7.5231679134385202e-05 0.000220505308309955
432 0.03290319331942794 7.3836687623761874e-05 0.00021646837710149959
433 0.032305024448478478 7.2477261823773034e-05 0.00021253305558209526
434 0.03172180920697934 7.1152255957745964e-05 0.00020869611320381145
435 0.031153074676735986 6.9860570771459134e-05 0.00020495443866273675
436 0.030598367507982945 6.860114417740873e-05 0.00020130504939462463
437 0.030057249184871855 6.7372962751409158e-05 0.00019774506042678853
438 0.029529299850407868 6.6175042810379491e-05 0.00019427170954215703
439 0.029014113228746044 6.5006445884984622e-05 0.00019088232387332924
440 0.028511299988060061 6.386626090188537e-05 0.00018757434202671094
441 0.028020483749056076 6.2753616276474514e-05 0.00018434528782273733
442 0.027541302286942678 6.1667671457458269e-05 0.00018119277820357024
443 0.027073406346003932 6.0607616101825499e-05 0.00017811451543423639
444 0.026616460149082109 5.9572667186235185e-05 0.00017510829045448757
445 0.026170139009684821 5.8562073752198196e-05 0.00017217196716897909
446 0.025734130116304751 5.7575111014630868e-05 0.00016930348760726811
447 0.025308131561624255 5.6611079597432768e-05 0.00016650086553700167
448 0.024891852783747771 5.5669303262791356e-05 0.00016376218936676166
449 0.024485012649705762 5.4749132637176132e-05 0.0001610856095375379
450 0.024087340049373372 5.384994048192438e-05 0.00015846934243008798
451 0.023698573082036451 5.2971121009335241e-05 0.00015591166501339771
452 0.023318459424277242 5.2112088136173251e-05 0.00015341091726498186
453 0.022946754805411279 5.1272278339343273e-05 0.00015096549214086368
454 0.022583223286339608 5.0451147290521958e-05 0.00014857383741012899
455 0.022227637376611379 4.964816694752662e-05 0.00014623445642507487
456 0.021879776766163487 4.8862829518069584e-05 0.00014394589977739135
457 0.021539428658044302 4.8094643875966396e-05 0.00014170676748713357
458 0.02120638730554137 4.734313446373846e-05 0.00013951570595750903
459 0.020880453784088166 4.6607842785635635e-05 0.00013737140647426425
460 0.020561435672487079 4.5888324439500424e-05 0.00013527260310846763
461 0.020249146861445428 4.5184150739822513e-05 0.00013321807145687782
462 0.019943407254628263 4.44949060719976e-05 0.00013120662667518595
463 0.019644042599676965 4.382018931620007e-05 0.00012923712236629582
464 0.019350884209402858 4.3159611481147046e-05 0.00012730844874607144
465 0.019063768811680322 4.2512796959779747e-05 0.00012541953165579159
466 0.018782538289148182 4.1879381403440104e-05 0.00012356933084965911
467 0.018507039547606907 4.1259012838847884e-05 0.0001217568391289928
468 0.018237124269313197 4.0651349745552365e-05 0.00011998108071916577
469 0.017972648802987764 4.0056062062352779e-05 0.00011824111054597212
470 0.017713473923429687 3.9472829433865758e-05 0.00011653601265414268
471 0.017459464747633057 3.8901342131046156e-05 0.00011486489965548064
472 0.017210490493900926 3.8341299438434366e-05 0.00011322691114408504
473 0.016966424427024954 3.7792410507228586e-05 0.00011162121333569048
474 0.01672714361295519 3.7254392862443355e-05 0.00011004699745365256
475 0.016492528893798621 3.6726973099451055e-05 0.00010850347956446461
476 0.016262464651804056 3.6209886031400428e-05 0.00010698989902502668
477 0.016036838735149432 3.5702874200663646e-05 0.00010550551799440415
478 0.015815542358611902 3.5205688321008419e-05 0.00010404962078034146
479 0.015598469920225604 3.471808613933691e-05 0.00010262151263306319
480 0.015385518978211932 3.4239832953678947e-05 0.00010122051959349956
481 0.015176590055991753 3.3770700931102158e-05 9.9845987210472065e-05
482 0.014971586580281668 3.3310468737962918e-05 9.8497280133432024e-05
483 0.014770414808483351 3.2858921851614551e-05 9.7173781634758884e-05
484 0.014572983665663198 3.2415851678894856e-05 9.5874892537257885e-05
485 0.014379204737067143 3.1981055939561188e-05 9.4600031164915411e-05
486 0.014188992107759186 3.1554338133386548e-05 9.3348632287889379e-05
487 0.014002262297407806 3.1135507233027301e-05 9.2120146693472411e-05
488 0.013818934223440337 3.0724377885037707e-05 9.0914040943686434e-05
489 0.013638929056236107 3.032076994466527e-05 8.9729796422605973e-05
490 0.013462170175450214 2.9924508234177996e-05 8.8566909049014563e-05
491 0.013288583125284893 2.9535422686072705e-05 8.7424888982137451e-05
492 0.01311809548881087 2.9153347942044893e-05 8.630325979480835e-05
493 0.012950636848580036 2.8778123144153516e-05 8.5201558214342344e-05
494 0.012786138747726333 2.8409592050205406e-05 8.4119333866620614e-05
495 0.01262453458199626 2.8047602690011038e-05 8.3056148565764873e-05
496 0.012465759550795503 2.7692007162828197e-05 8.2011575992075675e-05
497 0.012309750636502583 2.734266175012354e-05 8.0985201555938048e-05
498 0.012156446506181029 2.6999426588769053e-05 7.9976621751190986e-05
499 0.012005787472514311 2.6662165603041012e-05 7.8985443898120468e-05
500 0.01185771543801506 2.6330746395924617e-05 7.8011285776414871e-05
501 0.011712173847214142 2.6005040061528475e-05 7.7053775310619358e-05
502 0.01156910765788054 2.5684921222540037e-05 7.611255038079303e-05
503 0.011428463269963168 2.5370267801399372e-05 7.5187258355020845e-05
504 0.011290188482617354 2.5060960952285366e-05 7.4277555806693117e-05
505 0.011154232451686005 2.4756884908865563e-05 7.3383108234776351e-05
506 0.011020545674505881 2.4457927016461895e-05 7.2503589963854483e-05
507 0.010889079917196298 2.4163977535860467e-05 7.1638683665765121e-05
508 0.010759788173059098 2.3874929520747928e-05 7.0788080085915114e-05
509 0.010632624665125897 2.3590678866391574e-05 6.9951478060038802e-05
510 0.010507544773294819 2.3311124116918489e-05 6.9128584034834335e-05
511 0.010384505011222182 2.3036166423611275e-05 6.8319111915935403e-05
512 0.010263462976353317 2.2765709409060727e-05 6.7522782739166555e-05
513 0.010144377357844028 2.2499659208783205e-05 6.6739324722658077e-05
514 0.010027207869203017 2.2237924303769652e-05 6.5968472823704061e-05
515 0.0099119152287485638 2.1980415477453836e-05 6.5209968610187925e-05
516 0.0097984611305486202 2.1727045748411997e-05 6.4463560069398813e-05
517 0.0096868082164622768 2.1477730305576353e-05 6.3729001424093928e-05
518 0.0095769200490276422 2.1232386445475422e-05 6.3006052954129227e-05
519 0.0094687610839786496 2.0990933511047103e-05 6.2294480815649011e-05
520 0.009362296632627146 2.0753292802553741e-05 6.1594056793599642e-05
521 0.0092574928688268863 2.0519387591228584e-05 6.0904558347545307e-05
522 0.009154316776862792 2.0289143003497897e-05 6.0225768268834157e-05
523 0.0090527361363158219 2.0062485984558076e-05 5.9557474581025146e-05
524 0.0089527194993268486 1.9839345246063964e-05 5.8899470390308214e-05
525 0.0088542361638695739 1.9619651206191012e-05 5.8251553709668247e-05
526 0.0087572561605074404 1.9403335957338348e-05 5.7613527371759474e-05
527 0.0086617502393082132 1.9190333230894383e-05 5.6985198942817194e-05
528 0.0085676898337548081 1.898057832219185e-05 5.6366380485228999e-05
529 0.0084750470483685326 1.8774008058926024e-05 5.5756888476108765e-05
530 0.0083837946403394377 1.8570560758818154e-05 5.515654368644367e-05
531 0.0082939060017308032 1.837017618861667e-05 5.4565171064018443e-05
532 0.0082053551421957353 1.8172795524308681e-05 5.3982599619708784e-05
533 0.0081181166721617983 1.7978361312448774e-05 5.3408662316853936e-05
534 0.0080321657864678275 1.7786817432564731e-05 5.2843195963604131e-05
535 0.007947478248465931 1.7598109060656481e-05 5.2286041108328493e-05
536 0.0078640303746181309 1.7412182633836194e-05 5.1737041938277174e-05
537 0.0077817990196155278 1.7228985816156353e-05 5.1196046181681101e-05
538 0.0077007615620277789 1.7048467465634588e-05 5.0662905013340653e-05
539 0.0076208958904628579 1.687057760243248e-05 5.0137472963571436e-05
540 0.0075421803901920183 1.6695267378095388e-05 4.961960783021065e-05
541 0.0074645939301836361 1.6522489045740629e-05 4.9109170593313395e-05
542 0.0073881158504943431 1.635219593108825e-05 4.8606025332199624e-05
543 0.0073127259499825015 1.6184342404260543e-05 4.8110039144621719e-05
544 0.0072384044743307192 1.6018883852319351e-05 4.7621082067965261e-05
545 0.0071651321043815523 1.5855776652542157e-05 4.713902700251021e-05
546 0.007092889944800721 1.5694978146460824e-05 4.666374963684685e-05
547 0.0070216595130824962 1.5536446614685679e-05 4.6195128375542741e-05
548 0.0069514227289055961 1.5380141252527956e-05 4.5733044269115762e-05
549 0.0068821619038378183 1.5226022146413312e-05 4.5277380946301434e-05
550 0.0068138597313772368 1.5074050251058961e-05 4.4828024548534455e-05
551 0.0067464992773105413 1.492418736737446e-05 4.4384863666516716e-05
552 0.0066800639703648631 1.4776396121035355e-05 4.3947789278716208e-05
553 0.0066145375931302187 1.4630639941682794e-05 4.3516694691646176e-05
554 0.0065499042732329142 1.4486883042706583e-05 4.3091475481795489e-05
555 0.0064861484747456106 1.4345090401580592e-05 4.2672029439115859e-05
556 0.0064232549898252944 1.4205227740730453e-05 4.2258256512008514e-05
557 0.0063612089305745013 1.4067261508920381e-05 4.1850058753779613e-05
558 0.0062999957211241613 1.3931158863154051e-05 4.1447340270553695e-05
559 0.0062396355178014192 1.3796955611829821e-05 4.1050233669746179e-05
560 0.0061800790050988369 1.3664550590693929e-05 4.0658414507229189e-05
561 0.0061213125214425682 1.3533913020619177e-05 4.0271792904227425e-05
562 0.0060633226875010451 1.3405012762977134e-05 3.9890280838822662e-05
563 0.0060060963990849993 1.3277820303422382e-05 3.9513792099243414e-05
564 0.0059496208203876693 1.3152306736448887e-05 3.9142242239392559e-05
565 0.0058938833775355704 1.3028443750651274e-05 3.8775548536418227e-05
566 0.0058388717523181373 1.2906203614397798e-05 3.841362994946143e-05
567 0.0057845738760853079 1.2785559161890307e-05 3.8056407079508607e-05
568 0.0057309779238116599 1.2666483779607312e-05 3.7703802130339867e-05
569 0.0056780723083225283 1.2548951393119962e-05 3.7355738870542946e-05
570 0.0056258456746769723 1.2432936454268506e-05 3.7012142596559029e-05
571 0.0055742868947028599 1.2318413928688808e-05 3.6672940096729342e-05
572 0.0055233850616793522 1.2205359283677575e-05 3.6338059616311525e-05
573 0.0054731294851623324 1.2093748476386194e-05 3.6007430823436397e-05
574 0.0054235096859484942 1.1983557942333236e-05 3.5680984775976935e-05
575 0.005374515391173844 1.1874764584225758e-05 3.5358653889301608e-05
576 0.0053261365295426194 1.1767345761080191e-05 3.5040371904885655e-05
577 0.0052783632266826851 1.1661279277633633e-05 3.4726073859754507e-05
578 0.0052311858006236674 1.1556543374036993e-05 3.4415696056734652e-05
579 0.0051845947573941255 1.1453116715821385e-05 3.4109176035487668e-05
580 0.0051385807867342865 1.1350978384129713e-05 3.3806452544304515e-05
581 0.0050931347579208641 1.1250107866205472e-05 3.3507465512637264e-05
582 0.005048247715700737 1.1150485046131263e-05 3.3212156024346952e-05
583 0.0050039108763301971 1.1052090195809394e-05 3.2920466291646032e-05
584 0.0049601156237167659 1.0954903966177753e-05 3.2632339629715568e-05
585 0.0049168535056605409 1.0858907378653829e-05 3.2347720431977245e-05
586 0.0048741162301921773 1.0764081816800184e-05 3.2066554146001168e-05
587 0.0048318956620047411 1.0670409018205127e-05 3.1788787250031191e-05
588 0.004790183818976672 1.0577871066572122e-05 3.1514367230109687e-05
589 0.0047489728687832838 1.0486450384011906e-05 3.1243242557784763e-05
590 0.0047082551255942292 1.0396129723531638e-05 3.0975362668383085e-05
591 0.0046680230468545084 1.0306892161715345e-05 3.0710677939832292e-05
592 0.0046282692301465502 1.021872109158969e-05 3.0449139672016777e-05
593 0.0045889864101312143 1.0131600215670817e-05 3.0190700066652727e-05
594 0.0045501674555653415 1.0045513539186017e-05 2.9935312207666719e-05
595 0.004511805366393745 9.9604453634658917e-06 2.9682930042064112e-05
596 0.0044738932709135794 9.8763802795020222e-06 2.9433508361273549e-05
597 0.0044364244230089981 9.7933031616654179e-06 2.9187002782953935e-05
598 0.0043993921994541869 9.7111991615813146e-06 2.8943369733251228e-05
599 0.0043627900972828294 9.6300537021558264e-06 2.87025664294923e-05
600 0.0043266117312221932 9.5498524717503381e-06 2.8464550863303903e-05
601 0.0042908508311900071 9.4705814184993672e-06 2.8229281784144785e-05
602 0.0042555012398524635 9.3922267447681412e-06 2.7996718683239891e-05
603 0.0042205569102415847 9.3147749017457512e-06 2.7766821777905163e-05
604 0.004186011903430379 9.2382125841703026e-06 2.7539551996252494e-05
605 0.0041518603862641945 9.1625267251823944e-06 2.7314870962264437e-05
606 0.0041180966291467277 9.0877044913034383e-06 2.709274098122847e-05
607 0.0040847150038792329 9.013733277535363e-06 2.6873125025521269e-05
608 0.004051709981551444 8.9406007025784327e-06 2.6655986720733184e-05
609 0.0040190761304828501 8.8682946041638168e-06 2.6441290332124014e-05
610 0.0039868081142129877 8.796803034498229e-06 2.6229000751401236e-05
611 0.0039549006895393474 8.7261142558169259e-06 2.6019083483811497e-05
612 0.0039233487046017408 8.6562167360428751e-06 2.5811504635537768e-05
613 0.0038921470970117965 8.587099144548734e-06 2.5606230901393398e-05
614 0.003861290892026427 8.5187503480191298e-06 2.5403229552805442e-05
615 0.0038307752007640827 8.4511594064103646e-06 2.5202468426079491e-05
616 0.0038005952184627045 8.3843155690053884e-06 2.5003915910938846e-05
617 0.0037707462227782092 8.3182082705608899e-06 2.4807540939330325e-05
618 0.0037412235721224945 8.2528271275445785e-06 2.4613312974490094e-05
619 0.0037120227040399207 8.1881619344600803e-06 2.4421202000262636e-05
620 0.0036831391336212467 8.1242026602571287e-06 2.4231178510666097e-05
621 0.0036545684519540653 8.0609394448248997e-06 2.4043213499697796e-05
622 0.003626306324608774 7.998362595566191e-06 2.3857278451373513e-05
623 0.0035983484901592035 7.9364625840507101e-06 2.3673345329994758e-05
624 0.0035706907587369102 7.8752300427446071e-06 2.3491386570637567e-05
625 0.0035433290106184094 7.8146557618153427e-06 2.3311375069857955e-05
626 0.0035162591948443918 7.7547306860092015e-06 2.313328417660784e-05
627 0.0034894773278701407 7.6954459115996521e-06 2.2957087683356189e-05
628 0.0034629794922463753 7.6367926834051682e-06 2.2782759817410365e-05
629 0.0034367618353297233 7.5787623918742183e-06 2.2610275232432391e-05
630 0.0034108205680220749 7.521346570236066e-06 2.2439609000145228e-05
631 0.0033851519635380929 7.464536891715501e-06 2.2270736602224297e-05
632 0.0033597523562001776 7.4083251668100598e-06 2.2103633922369589e-05
633 0.0033346181402601829 7.3527033406279866e-06 2.1938277238553836e-05
634 0.0033097457687472115 7.2976634902854577e-06 2.177464321544218e-05
635 0.0032851317523408677 7.2431978223617596e-06 2.1612708896979393e-05
636 0.0032607726582692858 7.1892986704105818e-06 2.1452451699140037e-05
637 0.0032366651092313545 7.1359584925263562e-06 2.1293849402837858e-05
638 0.003212805782342551 7.083169868964318e-06 2.1136880146990468e-05
639 0.0031891914081037471 7.0309254998125428e-06 2.0981522421735179e-05
640 0.0031658187693924672 6.9792182027150768e-06 2.0827755061792549e-05
641 0.0031426847004760489 6.9280409106447902e-06 2.0675557239974007e-05
642 0.0031197860860461336 6.8773866697246081e-06 2.0524908460829826e-05
643 0.0030971198602739998 6.8272486370960177e-06 2.0375788554434211e-05
644 0.0030746830058862263 6.777620078833817e-06 2.0228177670304121e-05
645 0.0030524725532601778 6.7284943679057209e-06 2.0082056271448539e-05
646 0.0030304855795388361 6.6798649821758978e-06 1.9937405128544975e-05
647 0.0030087192077645317 6.6317255024513804e-06 1.9794205314240341e-05
648 0.0029871706060311007 6.5840696105702911e-06 1.9652438197573029e-05
649 0.0029658369866540171 6.5368910875307589e-06 1.9512085438513271e-05
650 0.0029447156053580884 6.4901838116596819e-06 1.9373128982619001e-05
651 0.0029238037604823039 6.4439417568204392e-06 1.923555105580463e-05
652 0.002903098792201382 6.3981589906583264e-06 1.9099334159219617e-05
653 0.0028825980817636918 6.3528296728832619e-06 1.8964461064234816e-05
654 0.0028622990507450635 6.3079480535882736e-06 1.8830914807533312e-05
655 0.0028421991603182336 6.2635084716036611e-06 1.8698678686304167e-05
656 0.0028222959105374508 6.219505352885364e-06 1.856773625353586e-05
657 0.0028025868396379318 6.1759332089369165e-06 1.8438071313407445e-05
658 0.0027830695233498235 6.1327866352643538e-06 1.8309667916775155e-05
659 0.0027637415742263402 6.0900603098632539e-06 1.8182510356752237e-05
660 0.0027446006409856979 6.0477489917368374e-06 1.8056583164379591e-05
661 0.0027256444078665801 6.005847519444906e-06 1.7931871104385394e-05
662 0.0027068705939967963 5.9643508096824779e-06 1.7808359171031556e-05
663 0.0026882769527748285 5.9232538558877165e-06 1.7686032584044925e-05
664 0.002669861271263973 5.8825517268783128e-06 1.7564876784631403e-05
665 0.0026516213695987859 5.8422395655156525e-06 1.7444877431570961e-05
666 0.0026335551004035558 5.8023125873963034e-06 1.7326020397391814e-05
667 0.0026156603482225117 5.7627660795699333e-06 1.7208291764621786e-05
668 0.0025979350289615346 5.7235953992833669e-06 1.709167782211536e-05
669 0.0025803770893410623 5.6847959727498499e-06 1.6976165061454357e-05
670 0.0025629845063599751 5.6463632939432012e-06 1.686174017342089e-05
671 0.0025457552867701894 5.6082929234161439e-06 1.6748390044540719e-05
672 0.002528687466561738 5.5705804871424164e-06 1.6636101753695643e-05
673 0.0025117791104580746 5.5332216753818727e-06 1.6524862568803123e-05
674 0.0024950283114213985 5.4962122415683318e-06 1.6414659943561833e-05
675 0.0024784331901677573 5.4595480012194882e-06 1.6305481514261563e-05
676 0.0024619918946917263 5.4232248308684439e-06 1.6197315096656094e-05
677 0.0024457025998004252 5.3872386670163634e-06 1.6090148682897534e-05
678 0.0024295635066567097 5.3515855051058867e-06 1.5983970438530986e-05
679 0.002413572842331266 5.3162613985145236e-06 1.5878768699547805e-05
680 0.0023977288593634888 5.28126245756804e-06 1.5774531969496636e-05
681 0.0023820298353308981 5.2465848485730821e-06 1.5671248916650644e-05
682 0.0023664740724269047 5.2122247928685332e-06 1.5568908371229636e-05
683 0.0023510598970467871 5.1781785658956e-06 1.546749932267623e-05
684 0.0023357856593816582 5.1444424962858222e-06 1.5367010916984592e-05
685 0.0023206497330202423 5.1110129649666813e-06 1.5267432454080543e-05
686 0.0023056505145583463 5.0778864042846932e-06 1.5168753385252278e-05
687 0.0022907864232157831 5.0450592971451936e-06 1.5070963310630152e-05
688 0.0022760559004606625 5.0125281761688539e-06 1.4974051976714885e-05
689 0.0022614574096408188 4.9802896228642093e-06 1.4878009273952756e-05
690 0.0022469894356222726 4.9483402668160958e-06 1.4782825234357057e-05
691 0.0022326504844345685 4.9166767848896484e-06 1.4688490029174792e-05
692 0.0022184390829228019 4.8852959004492692e-06 1.4594993966597381e-05
693 0.0022043537784062462 4.8541943825925734e-06 1.4502327489514778e-05
694 0.0021903931383434033 4.8233690453987955e-06 1.4410481173311864e-05
695 0.0021765557500033608 4.7928167471914209e-06 1.4319445723706321e-05
696 0.0021628402201432921 4.7625343898146135e-06 1.4229211974626922e-05
697 0.0021492451746920218 4.7325189179234208e-06 1.4139770886131723e-05
698 0.0021357692584394669 4.7027673182870962e-06 1.4051113542364914e-05
699 0.002122411134731883 4.6732766191056358e-06 1.3963231149551861e-05
700 0.0021091694851727485 4.6440438893388947e-06 1.387611503403124e-05
