index sum SD mean
100 0.0 0.0 0.0
101 0.0 0.0 0.0
102 0.0 0.0 0.0
103 0.0 0.0 0.0
104 0.0 0.0 0.0
105 0.0 0.0 0.0
106 0.0 0.0 0.0
107 0.0 0.0 0.0
108 0.0 0.0 0.0
109 0.0 0.0 0.0
110 0.0 0.0 0.0
111 0.0 0.0 0.0
112 0.0 0.0 0.0
113 0.0 0.0 0.0
114 0.0 0.0 0.0
115 0.0 0.0 0.0
116 0.0 0.0 0.0
117 0.0 0.0 0.0
118 0.0 0.0 0.0
119 0.0 0.0 0.0
120 0.0052996384966128565 3.4161072626625287e-08 1.3946417096349622e-05
121 0.020429356558865349 2.7807237599005138e-07 5.3761464628593022e-05
122 0.042539819564024972 9.6391349073396084e-07 0.0001119468935895394
123 0.070519321919406047 2.3319615200804483e-06 0.0001855771629458054
124 0.10366594266226502 4.6147324205719703e-06 0.00027280511226911847
125 0.14145717756257178 8.0300546541568557e-06 0.00037225573042782049
126 0.18346916637212698 1.2778492743266993e-05 0.00048281359571612363
127 0.22933948021734635 1.904284706756678e-05 0.00060352494794038507
128 0.27874722035151384 2.6988516974441937e-05 0.00073354531671451014
129 0.33140130464452033 3.6764131717263353e-05 0.00087210869643294822
130 0.38703309697785893 4.8502195033416592e-05 0.0010185081499417339
131 0.44539153721367358 6.2319660256186121e-05 0.0011720829926675622
132 0.50623980266937962 7.831842693960634e-05 0.0013322100070246833
133 0.56935295382427253 9.6585776045957948e-05 0.0014982972469059803
134 0.63451623758908371 0.00011719476601343143 0.0016697795726028518
135 0.70152384355543029 0.00014020460842334711 0.0018461153777774482
136 0.77017798083939049 0.00016566103793541146 0.0020267841601036593
137 0.84028818621019108 0.00019359668570686036 0.0022112847005531346
138 0.9116708026714111 0.00022403146302824896 0.0023991336912405556
139 0.98414858478806655 0.00025697295812810345 0.0025898646968107015
140 1.0575504001149731 0.00029241684853100364 0.0027830273687236137
141 1.1317110035588305 0.00033034732914824641 0.0029781868514706065
142 1.2064708678209783 0.00037073755614787672 0.0031749233363709958
143 1.2816760569889238 0.00041355010589366151 0.0033728317289182207
144 1.3571781335654292 0.00045873744824388794 0.0035715214041195506
145 1.4328340909093649 0.00050624243270856186 0.0037706160287088548
146 1.5085063057905963 0.00055599878719355018 0.0039697534362910427
147 1.584062505479013 0.00060793162723440822 0.0041685855407342445
148 1.6593757460312932 0.00066195797510845667 0.0043667782790297194
149 1.7343243982330523 0.00071798728703932591 0.004564011574297506
150 1.8087921379150838 0.0007759219860581911 0.0047599793103028521
151 1.8826679365515735 0.00083565799575141141 0.0049543893067146667
152 1.9558460454617139 0.00089708526458504522 0.0051469632775308265
153 2.0282259612076619 0.00096008825876542185 0.0053374367400201624
154 2.0997123487738891 0.0010245463790997378 0.0055255588125628658
155 2.1702148818893026 0.0010903342212777631 0.0057110917944455334
156 2.2396479333517192 0.0011573215416086208 0.005893810350925577
157 2.3079300156086733 0.0012253727181586475 0.0060735000410754563
158 2.3749828429158426 0.0012943454261619403 0.0062499548497785334
159 2.4407298692521411 0.0013640881973643918 0.0064229733401372138
160 2.5050941765020101 0.0014344365599071622 0.0065923530960579216
161 2.5679956671261173 0.0015052076103982993 0.0067578833345424139
162 2.6293476536063145 0.0015761931657461952 0.0069193359305429331
163 2.6890531471084267 0.0016471521082139389 0.0070764556502853331
164 2.747001372127416 0.0017178030608620604 0.0072289509792826737
165 2.8030652287590487 0.0017878190021761357 0.0073764874441027599
166 2.8571005009306019 0.0018568256417673067 0.0075186855287647418
167 2.9089475196649279 0.00192440520137556 0.0076551250517498106
168 2.9584356974771446 0.0019901065863844698 0.0077853570986240652
169 3.0053909087700172 0.0020534619030615742 0.0079089234441316238
170 3.0496451653449035 0.0021140080856678271 0.0080253820140655362
171 3.0910475601458596 0.0021713112905948776 0.0081343356845943668
172 3.1294752166380495 0.0022249912134178142 0.0082354610964159199
173 3.1648428478842292 0.0022747422493909282 0.0083285338102216562
174 3.197109871515484 0.0023203492478355305 0.0084134470303039045
175 3.2262841569156859 0.0023616958940186469 0.0084902214655675941
176 3.2524223824330263 0.0023987659036547922 0.0085590062695605953
177 3.2756270374697918 0.002431637115109621 0.0086200711512362943
178 3.2960407354700481 0.0024604701203907492 0.0086737914091317061
179 3.3138386405228495 0.0024854931501311515 0.0087206280013759196
180 3.3292198810650833 0.0025069850543638561 0.008761104950171272
181 3.3423987777465851 0.0025252581305388847 0.0087957862572278552
182 3.3535965504951903 0.0025406420806826664 0.0088252540802505001
183 3.3630339782218539 0.002553469999820751 0.0088500894163732989
184 3.3709253365397118 0.0025640669722726468 0.0088708561487887156
185 3.3774736909232028 0.0025727413524366241 0.0088880886603242178
186 3.3828675303835376 0.0025797786493469733 0.0089022829746935195
187 3.3872786626828999 0.0025854377804419935 0.0089138912175865791
188 3.3908611519901366 0.0025899492583487493 0.008923318821026675
189 3.3937511364017174 0.0025935149551550053 0.0089309240431624144
190 3.3960673128278254 0.002596309036472802 0.0089370192442837504
191 3.3979119047107429 0.0025984797107796529 0.0089418734334493228
192 3.3993719504475677 0.0026001514961760189 0.0089457156590725465
193 3.400520775166743 0.0026014277580576274 0.0089487388820177448
194 3.4014195387171005 0.0026023933310579225 0.0089511040492555281
195 3.4021187767413759 0.0026031170872436839 0.0089529441493194101
196 3.4026598761317564 0.0026036543555314402 0.0089543680950835685
197 3.4030764458766329 0.0026040491338501647 0.0089554643312542963
198 3.4033955541244842 0.0026043360609325525 0.0089563040898012741
199 3.4036388569542968 0.0026045421445042112 0.008956944360406045
200 3.4038235197009428 0.002604688230689556 0.0089574303150024813
201 3.4039630737066036 0.0026047902560912988 0.0089577975623857994
202 3.4040681144776817 0.0026048602840985004 0.008958073985467583
203 3.404146875283939 0.0026049073550151705 0.0089582812507472079
204 3.4042057222282778 0.002604938326361082 0.008958436111127047
205 3.4042495323223951 0.0026049577413361723 0.0089585514008484086
206 3.404282063282281 0.002604969409025795 0.0089586370086375822
207 3.4043061552890035 0.0026049758809398266 0.0089587004086552728
208 3.4043239554986222 0.002604978957308211 0.0089587472513121633
209 3.4043370802254258 0.0026049798915888205 0.0089587817900669102
210 3.4043467384585697 0.0026049795707837405 0.0089588072064699202
211 3.4043538383843379 0.0026049785448859254 0.008958825890485099
212 3.4043590514330364 0.0026049771551574065 0.0089588396090343071
213 3.4043628775788748 0.0026049756599974957 0.0089588496778391438
214 3.4043656809604821 0.0026049741811489772 0.0089588570551591626
215 3.4043677356286746 0.002604972814055498 0.0089588624621807222
216 3.4043692429982233 0.0026049716037177626 0.0089588664289426932
217 3.4043703476530149 0.0026049705529338583 0.0089588693359289873
218 3.4043711585543233 0.0026049696638705349 0.0089588714698797985
219 3.4043717535585465 0.0026049689207644842 0.0089588730356803849
220 3.4043721905652582 0.0026049683081633642 0.0089588741856980476
221 3.4043725117408896 0.0026049678083086831 0.0089588750308970781
222 3.4043727483174751 0.0026049674050073047 0.008958875653467039
223 3.4043729222896388 0.0026049670807208368 0.0089588761112885228
224 3.4043730506740779 0.0026049668226964568 0.0089588764491423094
225 3.4043731454680657 0.0026049666184044694 0.0089588766986001735
226 3.4043732154832469 0.0026049664573878791 0.0089588768828506495
227 3.4043732672167053 0.0026049663310220928 0.0089588770189913298
228 3.4043733054828467 0.0026049662323066689 0.0089588771196917015
229 3.4043733338001312 0.0026049661554828209 0.0089588771942108718
230 3.4043733547680874 0.0026049660959223237 0.0089588772493897038
231 3.4043733702906209 0.0026049660498818237 0.0089588772902384761
232 3.4043733817854229 0.0026049660144106999 0.0089588773204879544
233 3.4043733903172453 0.0026049659872070452 0.0089588773429401195
234 3.4043733966532606 0.0026049659664047421 0.0089588773596138444
235 3.4043734013495222 0.002604965950520512 0.0089588773719724273
236 3.40437340481953 0.0026049659384080773 0.0089588773811040256
237 3.4043734073756684 0.0026049659291924585 0.0089588773878307056
238 3.4043734092563174 0.0026049659222006985 0.0089588773927797832
239 3.4043734106396855 0.0026049659169251021 0.0089588773964202253
240 3.4043734106396855 0.0026049659169251021 0.0089588773964202253
241 3.4043734106396855 0.0026049659169251021 0.0089588773964202253
242 3.4043734106396855 0.0026049659169251021 0.0089588773964202253
243 3.4043734106396855 0.0026049659169251021 0.0089588773964202253
244 3.4043734106396855 0.0026049659169251021 0.0089588773964202253
245 3.4043734106396855 0.0026049659169251021 0.0089588773964202253
246 3.4043734106396855 0.0026049659169251021 0.0089588773964202253
247 3.4043734106396855 0.0026049659169251021 0.0089588773964202253
248 3.4043734106396855 0.0026049659169251021 0.0089588773964202253
249 3.4043734106396855 0.0026049659169251021 0.0089588773964202253
250 3.4043734106396855 0.0026049659169251021 0.0089588773964202253
251 3.4043734106396855 0.0026049659169251021 0.0089588773964202253
252 3.4043734106396855 0.0026049659169251021 0.0089588773964202253
253 3.4043734106396855 0.0026049659169251021 0.0089588773964202253
254 3.4043734106396855 0.0026049659169251021 0.0089588773964202253
255 3.4043734106396855 0.0026049659169251021 0.0089588773964202253
256 3.4043734106396855 0.0026049659169251021 0.0089588773964202253
257 3.4043734106396855 0.0026049659169251021 0.0089588773964202253
258 3.4043734106396855 0.0026049659169251021 0.0089588773964202253
259 3.4043734106396855 0.0026049659169251021 0.0089588773964202253
260 3.4043734106396855 0.0026049659169251021 0.0089588773964202253
261 3.4043734106396855 0.0026049659169251021 0.0089588773964202253
262 3.4043734106396855 0.0026049659169251021 0.0089588773964202253
263 3.4043734106396855 0.0026049659169251021 0.0089588773964202253
264 3.4043734106396855 0.0026049659169251021 0.0089588773964202253
265 3.4043734106396855 0.0026049659169251021 0.0089588773964202253
266 3.4043734106396855 0.0026049659169251021 0.0089588773964202253
267 3.4043734106396855 0.0026049659169251021 0.0089588773964202253
268 3.4043734106396855 0.0026049659169251021 0.0089588773964202253
269 3.4043734106396855 0.0026049659169251021 0.0089588773964202253
270 3.4043734106396855 0.0026049659169251021 0.0089588773964202253
271 3.4043734106396855 0.0026049659169251021 0.0089588773964202253
272 3.4043734106396855 0.0026049659169251021 0.0089588773964202253
273 3.4043734106396855 0.0026049659169251021 0.0089588773964202253
274 3.4043734106396855 0.0026049659169251021 0.0089588773964202253
275 3.4043734106396855 0.0026049659169251021 0.0089588773964202253
276 3.4043734106396855 0.0026049659169251021 0.0089588773964202253
277 3.4043734106396855 0.0026049659169251021 0.0089588773964202253
278 3.4043734106396855 0.0026049659169251021 0.0089588773964202253
279 3.4043734106396855 0.0026049659169251021 0.0089588773964202253
280 3.4043734106396855 0.0026049659169251021 0.0089588773964202253
281 3.4043734106396855 0.0026049659169251021 0.0089588773964202253
282 3.4043734106396855 0.0026049659169251021 0.0089588773964202253
283 3.4043734106396855 0.0026049659169251021 0.0089588773964202253
284 3.4043734106396855 0.0026049659169251021 0.0089588773964202253
285 3.4043734106396855 0.0026049659169251021 0.0089588773964202253
286 3.4043734106396855 0.0026049659169251021 0.0089588773964202253
287 3.4043734106396855 0.0026049659169251021 0.0089588773964202253
288 3.4043734106396855 0.0026049659169251021 0.0089588773964202253
289 3.4043734106396855 0.0026049659169251021 0.0089588773964202253
290 3.4043734106396855 0.0026049659169251021 0.0089588773964202253
291 3.4043734106396855 0.0026049659169251021 0.0089588773964202253
292 3.4043734106396855 0.0026049659169251021 0.0089588773964202253
293 3.4043734106396855 0.0026049659169251021 0.0089588773964202253
294 3.4043734106396855 0.0026049659169251021 0.0089588773964202253
295 3.4043734106396855 0.0026049659169251021 0.0089588773964202253
296 3.4043734106396855 0.0026049659169251021 0.0089588773964202253
297 3.4043734106396855 0.0026049659169251021 0.0089588773964202253
298 3.4043734106396855 0.0026049659169251021 0.0089588773964202253
299 3.4043734106396855 0.0026049659169251021 0.0089588773964202253
300 3.4043734106396855 0.0026049659169251021 0.0089588773964202253
301 3.4043734106396855 0.0026049659169251021 0.0089588773964202253
302 3.4043734106396855 0.0026049659169251021 0.0089588773964202253
303 3.4043734106396855 0.0026049659169251021 0.0089588773964202253
304 3.4043734106396855 0.0026049659169251021 0.0089588773964202253
305 3.4043734106396855 0.0026049659169251021 0.0089588773964202253
306 3.4043734106396855 0.0026049659169251021 0.0089588773964202253
307 3.4043734106396855 0.0026049659169251021 0.0089588773964202253
308 3.4043734106396855 0.0026049659169251021 0.0089588773964202253
309 3.4043734106396855 0.0026049659169251021 0.0089588773964202253
310 3.4043734106396855 0.0026049659169251021 0.0089588773964202253
311 3.4043734106396855 0.0026049659169251021 0.0089588773964202253
312 3.4043734106396855 0.0026049659169251021 0.0089588773964202253
313 3.4043734106396855 0.0026049659169251021 0.0089588773964202253
314 3.4043734106396855 0.0026049659169251021 0.0089588773964202253
315 3.4043734106396855 0.0026049659169251021 0.0089588773964202253
316 3.4043734106396855 0.0026049659169251021 0.0089588773964202253
317 3.4043734106396855 0.0026049659169251021 0.0089588773964202253
318 3.4043734106396855 0.0026049659169251021 0.0089588773964202253
319 3.4043734106396855 0.0026049659169251021 0.0089588773964202253
320 3.4043734106396855 0.0026049659169251021 0.0089588773964202253
321 3.4043734106396855 0.0026049659169251021 0.0089588773964202253
322 3.4043734106396855 0.0026049659169251021 0.0089588773964202253
323 3.4043734106396855 0.0026049659169251021 0.0089588773964202253
324 3.4043734106396855 0.0026049659169251021 0.0089588773964202253
325 3.4043734106396855 0.0026049659169251021 0.0089588773964202253
326 3.4043734106396855 0.0026049659169251021 0.0089588773964202253
327 3.4043734106396855 0.0026049659169251021 0.0089588773964202253
328 3.4043734106396855 0.0026049659169251021 0.0089588773964202253
329 3.4043734106396855 0.0026049659169251021 0.0089588773964202253
330 3.4043734106396855 0.0026049659169251021 0.0089588773964202253
331 3.4043734106396855 0.0026049659169251021 0.0089588773964202253
332 3.4043734106396855 0.0026049659169251021 0.0089588773964202253
333 3.4043734106396855 0.0026049659169251021 0.0089588773964202253
334 3.4043734106396855 0.0026049659169251021 0.0089588773964202253
335 3.4043734106396855 0.0026049659169251021 0.0089588773964202253
336 3.4043734106396855 0.0026049659169251021 0.0089588773964202253
337 3.4043734106396855 0.0026049659169251021 0.0089588773964202253
338 3.4043734106396855 0.0026049659169251021 0.0089588773964202253
339 3.4043734106396855 0.0026049659169251021 0.0089588773964202253
340 3.4043734106396855 0.0026049659169251021 0.0089588773964202253
341 3.4043734106396855 0.0026049659169251021 0.0089588773964202253
342 3.4043734106396855 0.0026049659169251021 0.0089588773964202253
343 3.4043734106396855 0.0026049659169251021 0.0089588773964202253
344 3.4043734106396855 0.0026049659169251021 0.0089588773964202253
345 3.4043734106396855 0.0026049659169251021 0.0089588773964202253
346 3.4043734106396855 0.0026049659169251021 0.0089588773964202253
347 3.4043734106396855 0.0026049659169251021 0.0089588773964202253
348 3.4043734106396855 0.0026049659169251021 0.0089588773964202253
349 3.4043734106396855 0.0026049659169251021 0.0089588773964202253
350 3.4043734106396855 0.0026049659169251021 0.0089588773964202253
351 3.4043734106396855 0.0026049659169251021 0.0089588773964202253
352 3.4043734106396855 0.0026049659169251021 0.0089588773964202253
353 3.4043734106396855 0.0026049659169251021 0.0089588773964202253
354 3.4043734106396855 0.0026049659169251021 0.0089588773964202253
355 3.4043734106396855 0.0026049659169251021 0.0089588773964202253
356 3.4043734106396855 0.0026049659169251021 0.0089588773964202253
357 3.4043734106396855 0.0026049659169251021 0.0089588773964202253
358 3.4043734106396855 0.0026049659169251021 0.0089588773964202253
359 3.4043734106396855 0.0026049659169251021 0.0089588773964202253
360 3.4043734106396855 0.0026049659169251021 0.0089588773964202253
361 3.4043734106396855 0.0026049659169251021 0.0089588773964202253
362 3.4043734106396855 0.0026049659169251021 0.0089588773964202253
363 3.4043734106396855 0.0026049659169251021 0.0089588773964202253
364 3.4043734106396855 0.0026049659169251021 0.0089588773964202253
365 3.4043734106396855 0.0026049659169251021 0.0089588773964202253
366 3.4043734106396855 0.0026049659169251021 0.0089588773964202253
367 3.4043734106396855 0.0026049659169251021 0.0089588773964202253
368 3.4043734106396855 0.0026049659169251021 0.0089588773964202253
369 3.4043734106396855 0.0026049659169251021 0.0089588773964202253
370 3.4043734106396855 0.0026049659169251021 0.0089588773964202253
371 3.4043734106396855 0.0026049659169251021 0.0089588773964202253
372 3.4043734106396855 0.0026049659169251021 0.0089588773964202253
373 3.4043734106396855 0.0026049659169251021 0.0089588773964202253
374 3.4043734106396855 0.0026049659169251021 0.0089588773964202253
375 3.4043734106396855 0.0026049659169251021 0.0089588773964202253
376 3.4043734106396855 0.0026049659169251021 0.0089588773964202253
377 3.4043734106396855 0.0026049659169251021 0.0089588773964202253
378 3.4043734106396855 0.0026049659169251021 0.0089588773964202253
379 3.4043734106396855 0.0026049659169251021 0.0089588773964202253
380 3.4043734106396855 0.0026049659169251021 0.0089588773964202253
381 3.4043734106396855 0.0026049659169251021 0.0089588773964202253
382 3.4043734106396855 0.0026049659169251021 0.0089588773964202253
383 3.4043734106396855 0.0026049659169251021 0.0089588773964202253
384 3.4043734106396855 0.0026049659169251021 0.0089588773964202253
385 3.4043734106396855 0.0026049659169251021 0.0089588773964202253
386 3.4043734106396855 0.0026049659169251021 0.0089588773964202253
387 3.4043734106396855 0.0026049659169251021 0.0089588773964202253
388 3.4043734106396855 0.0026049659169251021 0.0089588773964202253
389 3.4043734106396855 0.0026049659169251021 0.0089588773964202253
390 3.4043734106396855 0.0026049659169251021 0.0089588773964202253
391 3.4043734106396855 0.0026049659169251021 0.0089588773964202253
392 3.4043734106396855 0.0026049659169251021 0.0089588773964202253
393 3.4043734106396855 0.0026049659169251021 0.0089588773964202253
394 3.4043734106396855 0.0026049659169251021 0.0089588773964202253
395 3.4043734106396855 0.0026049659169251021 0.0089588773964202253
396 3.4043734106396855 0.0026049659169251021 0.0089588773964202253
397 3.4043734106396855 0.0026049659169251021 0.0089588773964202253
398 3.4043734106396855 0.0026049659169251021 0.0089588773964202253
399 3.4043734106396855 0.0026049659169251021 0.0089588773964202253
400 3.4043734106396855 0.0026049659169251021 0.0089588773964202253
401 3.4043734106396855 0.0026049659169251021 0.0089588773964202253
402 3.4043734106396855 0.0026049659169251021 0.0089588773964202253
403 3.4043734106396855 0.0026049659169251021 0.0089588773964202253
404 3.4043734106396855 0.0026049659169251021 0.0089588773964202253
405 3.4043734106396855 0.0026049659169251021 0.0089588773964202253
406 3.4043734106396855 0.0026049659169251021 0.0089588773964202253
407 3.4043734106396855 0.0026049659169251021 0.0089588773964202253
408 3.4043734106396855 0.0026049659169251021 0.0089588773964202253
409 3.4043734106396855 0.0026049659169251021 0.0089588773964202253
410 3.4043734106396855 0.0026049659169251021 0.0089588773964202253
411 3.4043734106396855 0.0026049659169251021 0.0089588773964202253
412 3.4043734106396855 0.0026049659169251021 0.0089588773964202253
413 3.4043734106396855 0.0026049659169251021 0.0089588773964202253
414 3.4043734106396855 0.0026049659169251021 0.0089588773964202253
415 3.4043734106396855 0.0026049659169251021 0.0089588773964202253
416 3.4043734106396855 0.0026049659169251021 0.0089588773964202253
417 3.4043734106396855 0.0026049659169251021 0.0089588773964202253
418 3.4043734106396855 0.0026049659169251021 0.0089588773964202253
419 3.4043734106396855 0.0026049659169251021 0.0089588773964202253
420 3.4043734106396855 0.0026049659169251021 0.0089588773964202253
421 3.4043734106396855 0.0026049659169251021 0.0089588773964202253
422 3.4043734106396855 0.0026049659169251021 0.0089588773964202253
423 3.4043734106396855 0.0026049659169251021 0.0089588773964202253
424 3.4043734106396855 0.0026049659169251021 0.0089588773964202253
425 3.4043734106396855 0.0026049659169251021 0.0089588773964202253
426 3.4043734106396855 0.0026049659169251021 0.0089588773964202253
427 3.4043734106396855 0.0026049659169251021 0.0089588773964202253
428 3.4043734106396855 0.0026049659169251021 0.0089588773964202253
429 3.4043734106396855 0.0026049659169251021 0.0089588773964202253
430 3.4043734106396855 0.0026049659169251021 0.0089588773964202253
431 3.4043734106396855 0.0026049659169251021 0.0089588773964202253
432 3.4043734106396855 0.0026049659169251021 0.0089588773964202253
433 3.4043734106396855 0.0026049659169251021 0.0089588773964202253
434 3.4043734106396855 0.0026049659169251021 0.0089588773964202253
435 3.4043734106396855 0.0026049659169251021 0.0089588773964202253
436 3.4043734106396855 0.0026049659169251021 0.0089588773964202253
437 3.4043734106396855 0.0026049659169251021 0.0089588773964202253
438 3.4043734106396855 0.0026049659169251021 0.0089588773964202253
439 3.4043734106396855 0.0026049659169251021 0.0089588773964202253
440 3.4043734106396855 0.0026049659169251021 0.0089588773964202253
441 3.4043734106396855 0.0026049659169251021 0.0089588773964202253
442 3.4043734106396855 0.0026049659169251021 0.0089588773964202253
443 3.4043734106396855 0.0026049659169251021 0.0089588773964202253
444 3.4043734106396855 0.0026049659169251021 0.0089588773964202253
445 3.4043734106396855 0.0026049659169251021 0.0089588773964202253
446 3.4043734106396855 0.0026049659169251021 0.0089588773964202253
447 3.4043734106396855 0.0026049659169251021 0.0089588773964202253
448 3.4043734106396855 0.0026049659169251021 0.0089588773964202253
449 3.4043734106396855 0.0026049659169251021 0.0089588773964202253
450 3.4043734106396855 0.0026049659169251021 0.0089588773964202253
451 3.4043734106396855 0.0026049659169251021 0.0089588773964202253
452 3.4043734106396855 0.0026049659169251021 0.0089588773964202253
453 3.4043734106396855 0.0026049659169251021 0.0089588773964202253
454 3.4043734106396855 0.0026049659169251021 0.0089588773964202253
455 3.4043734106396855 0.0026049659169251021 0.0089588773964202253
456 3.4043734106396855 0.0026049659169251021 0.0089588773964202253
457 3.4043734106396855 0.0026049659169251021 0.0089588773964202253
458 3.4043734106396855 0.0026049659169251021 0.0089588773964202253
459 3.4043734106396855 0.0026049659169251021 0.0089588773964202253
460 3.4043734106396855 0.0026049659169251021 0.0089588773964202253
461 3.4043734106396855 0.0026049659169251021 0.0089588773964202253
462 3.4043734106396855 0.0026049659169251021 0.0089588773964202253
463 3.4043734106396855 0.0026049659169251021 0.0089588773964202253
464 3.4043734106396855 0.0026049659169251021 0.0089588773964202253
465 3.4043734106396855 0.0026049659169251021 0.0089588773964202253
466 3.4043734106396855 0.0026049659169251021 0.0089588773964202253
467 3.4043734106396855 0.0026049659169251021 0.0089588773964202253
468 3.4043734106396855 0.0026049659169251021 0.0089588773964202253
469 3.4043734106396855 0.0026049659169251021 0.0089588773964202253
470 3.4043734106396855 0.0026049659169251021 0.0089588773964202253
471 3.4043734106396855 0.0026049659169251021 0.0089588773964202253
472 3.4043734106396855 0.0026049659169251021 0.0089588773964202253
473 3.4043734106396855 0.0026049659169251021 0.0089588773964202253
474 3.4043734106396855 0.0026049659169251021 0.0089588773964202253
475 3.4043734106396855 0.0026049659169251021 0.0089588773964202253
476 3.4043734106396855 0.0026049659169251021 0.0089588773964202253
477 3.4043734106396855 0.0026049659169251021 0.0089588773964202253
478 3.4043734106396855 0.0026049659169251021 0.0089588773964202253
479 3.4043734106396855 0.0026049659169251021 0.0089588773964202253
480 3.4043734106396855 0.0026049659169251021 0.0089588773964202253
481 3.4043734106396855 0.0026049659169251021 0.0089588773964202253
482 3.4043734106396855 0.0026049659169251021 0.0089588773964202253
483 3.4043734106396855 0.0026049659169251021 0.0089588773964202253
484 3.4043734106396855 0.0026049659169251021 0.0089588773964202253
485 3.4043734106396855 0.0026049659169251021 0.0089588773964202253
486 3.4043734106396855 0.0026049659169251021 0.0089588773964202253
487 3.4043734106396855 0.0026049659169251021 0.0089588773964202253
488 3.4043734106396855 0.0026049659169251021 0.0089588773964202253
489 3.4043734106396855 0.0026049659169251021 0.0089588773964202253
490 3.4043734106396855 0.0026049659169251021 0.0089588773964202253
491 3.4043734106396855 0.0026049659169251021 0.0089588773964202253
492 3.4043734106396855 0.0026049659169251021 0.0089588773964202253
493 3.4043734106396855 0.0026049659169251021 0.0089588773964202253
494 3.4043734106396855 0.0026049659169251021 0.0089588773964202253
495 3.4043734106396855 0.0026049659169251021 0.0089588773964202253
496 3.4043734106396855 0.0026049659169251021 0.0089588773964202253
497 3.4043734106396855 0.0026049659169251021 0.0089588773964202253
498 3.4043734106396855 0.0026049659169251021 0.0089588773964202253
499 3.4043734106396855 0.0026049659169251021 0.0089588773964202253
500 3.4043734106396855 0.0026049659169251021 0.0089588773964202253
501 3.4043734106396855 0.0026049659169251021 0.0089588773964202253
502 3.4043734106396855 0.0026049659169251021 0.0089588773964202253
503 3.4043734106396855 0.0026049659169251021 0.0089588773964202253
504 3.4043734106396855 0.0026049659169251021 0.0089588773964202253
505 3.4043734106396855 0.0026049659169251021 0.0089588773964202253
506 3.4043734106396855 0.0026049659169251021 0.0089588773964202253
507 3.4043734106396855 0.0026049659169251021 0.0089588773964202253
508 3.4043734106396855 0.0026049659169251021 0.0089588773964202253
509 3.4043734106396855 0.0026049659169251021 0.0089588773964202253
510 3.4043734106396855 0.0026049659169251021 0.0089588773964202253
511 3.4043734106396855 0.0026049659169251021 0.0089588773964202253
512 3.4043734106396855 0.0026049659169251021 0.0089588773964202253
513 3.4043734106396855 0.0026049659169251021 0.0089588773964202253
514 3.4043734106396855 0.0026049659169251021 0.0089588773964202253
515 3.4043734106396855 0.0026049659169251021 0.0089588773964202253
516 3.4043734106396855 0.0026049659169251021 0.0089588773964202253
517 3.4043734106396855 0.0026049659169251021 0.0089588773964202253
518 3.4043734106396855 0.0026049659169251021 0.0089588773964202253
519 3.4043734106396855 0.0026049659169251021 0.0089588773964202253
520 3.4043734106396855 0.0026049659169251021 0.0089588773964202253
521 3.4043734106396855 0.0026049659169251021 0.0089588773964202253
522 3.4043734106396855 0.0026049659169251021 0.0089588773964202253
523 3.4043734106396855 0.0026049659169251021 0.0089588773964202253
524 3.4043734106396855 0.0026049659169251021 0.0089588773964202253
525 3.4043734106396855 0.0026049659169251021 0.0089588773964202253
526 3.4043734106396855 0.0026049659169251021 0.0089588773964202253
527 3.4043734106396855 0.0026049659169251021 0.0089588773964202253
528 3.4043734106396855 0.0026049659169251021 0.0089588773964202253
529 3.4043734106396855 0.0026049659169251021 0.0089588773964202253
530 3.4043734106396855 0.0026049659169251021 0.0089588773964202253
531 3.4043734106396855 0.0026049659169251021 0.0089588773964202253
532 3.4043734106396855 0.0026049659169251021 0.0089588773964202253
533 3.4043734106396855 0.0026049659169251021 0.0089588773964202253
534 3.4043734106396855 0.0026049659169251021 0.0089588773964202253
535 3.4043734106396855 0.0026049659169251021 0.0089588773964202253
536 3.4043734106396855 0.0026049659169251021 0.0089588773964202253
537 3.4043734106396855 0.0026049659169251021 0.0089588773964202253
538 3.4043734106396855 0.0026049659169251021 0.0089588773964202253
539 3.4043734106396855 0.0026049659169251021 0.0089588773964202253
540 3.4043734106396855 0.0026049659169251021 0.0089588773964202253
541 3.4043734106396855 0.0026049659169251021 0.0089588773964202253
542 3.4043734106396855 0.0026049659169251021 0.0089588773964202253
543 3.4043734106396855 0.0026049659169251021 0.0089588773964202253
544 3.4043734106396855 0.0026049659169251021 0.0089588773964202253
545 3.4043734106396855 0.0026049659169251021 0.0089588773964202253
546 3.4043734106396855 0.0026049659169251021 0.0089588773964202253
547 3.4043734106396855 0.0026049659169251021 0.0089588773964202253
548 3.4043734106396855 0.0026049659169251021 0.0089588773964202253
549 3.4043734106396855 0.0026049659169251021 0.0089588773964202253
550 3.4043734106396855 0.0026049659169251021 0.0089588773964202253
551 3.4043734106396855 0.0026049659169251021 0.0089588773964202253
552 3.4043734106396855 0.0026049659169251021 0.0089588773964202253
553 3.4043734106396855 0.0026049659169251021 0.0089588773964202253
554 3.4043734106396855 0.0026049659169251021 0.0089588773964202253
555 3.4043734106396855 0.0026049659169251021 0.0089588773964202253
556 3.4043734106396855 0.0026049659169251021 0.0089588773964202253
557 3.4043734106396855 0.0026049659169251021 0.0089588773964202253
558 3.4043734106396855 0.0026049659169251021 0.0089588773964202253
559 3.4043734106396855 0.0026049659169251021 0.0089588773964202253
560 3.4043734106396855 0.0026049659169251021 0.0089588773964202253
561 3.4043734106396855 0.0026049659169251021 0.0089588773964202253
562 3.4043734106396855 0.0026049659169251021 0.0089588773964202253
563 3.4043734106396855 0.0026049659169251021 0.0089588773964202253
564 3.4043734106396855 0.0026049659169251021 0.0089588773964202253
565 3.4043734106396855 0.0026049659169251021 0.0089588773964202253
566 3.4043734106396855 0.0026049659169251021 0.0089588773964202253
567 3.4043734106396855 0.0026049659169251021 0.0089588773964202253
568 3.4043734106396855 0.0026049659169251021 0.0089588773964202253
569 3.4043734106396855 0.0026049659169251021 0.0089588773964202253
570 3.4043734106396855 0.0026049659169251021 0.0089588773964202253
571 3.4043734106396855 0.0026049659169251021 0.0089588773964202253
572 3.4043734106396855 0.0026049659169251021 0.0089588773964202253
573 3.4043734106396855 0.0026049659169251021 0.0089588773964202253
574 3.4043734106396855 0.0026049659169251021 0.0089588773964202253
575 3.4043734106396855 0.0026049659169251021 0.0089588773964202253
576 3.4043734106396855 0.0026049659169251021 0.0089588773964202253
577 3.4043734106396855 0.0026049659169251021 0.0089588773964202253
578 3.4043734106396855 0.0026049659169251021 0.0089588773964202253
579 3.4043734106396855 0.0026049659169251021 0.0089588773964202253
580 3.4043734106396855 0.0026049659169251021 0.0089588773964202253
581 3.4043734106396855 0.0026049659169251021 0.0089588773964202253
582 3.4043734106396855 0.0026049659169251021 0.0089588773964202253
583 3.4043734106396855 0.0026049659169251021 0.0089588773964202253
584 3.4043734106396855 0.0026049659169251021 0.0089588773964202253
585 3.4043734106396855 0.0026049659169251021 0.0089588773964202253
586 3.4043734106396855 0.0026049659169251021 0.0089588773964202253
587 3.4043734106396855 0.0026049659169251021 0.0089588773964202253
588 3.4043734106396855 0.0026049659169251021 0.0089588773964202253
589 3.4043734106396855 0.0026049659169251021 0.0089588773964202253
590 3.4043734106396855 0.0026049659169251021 0.0089588773964202253
591 3.4043734106396855 0.0026049659169251021 0.0089588773964202253
592 3.4043734106396855 0.0026049659169251021 0.0089588773964202253
593 3.4043734106396855 0.0026049659169251021 0.0089588773964202253
594 3.4043734106396855 0.0026049659169251021 0.0089588773964202253
595 3.4043734106396855 0.0026049659169251021 0.0089588773964202253
596 3.4043734106396855 0.0026049659169251021 0.0089588773964202253
597 3.4043734106396855 0.0026049659169251021 0.0089588773964202253
598 3.4043734106396855 0.0026049659169251021 0.0089588773964202253
599 3.4043734106396855 0.0026049659169251021 0.0089588773964202253
600 3.2651391225555164 0.0025499101252406697 0.0085924713751460956
601 3.1323042274417734 0.0024935137202813842 0.0082429058616888765
602 3.0055510009729507 0.0024361719037441346 0.0079093447394025015
603 2.8845788576429459 0.0023782259141732062 0.007590996993797226
604 2.7691032413378873 0.0023199702410553608 0.0072871137929944405
605 2.6588546315439938 0.0022616587332766414 0.0069969858724841941
606 2.5535776405063859 0.0022035098028025195 0.0067199411592273311
607 2.4530301854672167 0.0021457108846968326 0.0064553425933347808
608 2.3569827246717301 0.0020884222805169902 0.0062025861175571849
609 2.2652175487489106 0.0020317804862370085 0.0059610988124971327
610 2.1775281210197526 0.0019759010859560873 0.0057303371605782966
611 2.0937184614511475 0.0019208812772400687 0.0055097854248714407
612 2.0136025699089135 0.001866802082304146 0.0052989541313392457
613 1.9370038859780638 0.0018137302892240242 0.0050973786473106943
614 1.863754780904489 0.0017617201605108453 0.0049046178444854972
615 1.7936960801637767 0.001710814940256721 0.0047202528425362546
616 1.7266766139954621 0.0016610481858652074 0.0045438858263038475
617 1.6625527938849518 0.0016124449468470387 0.0043751389312761887
618 1.6011882131894117 0.0015650228094543418 0.0042136531926037155
619 1.5424532702916565 0.0015187928237600878 0.0040590875533990959
620 1.4862248128417777 0.0014737603269870799 0.0039111179285309938
621 1.4323858016631357 0.0014299256752512348 0.0037694363201661463
622 1.3808249931904257 0.0013872848944543551 0.0036337499820800678
623 1.3314366392645112 0.0013458302593783308 0.0035037806296434504
624 1.2841202031428016 0.0013055508089551934 0.0033792636924810568
625 1.2387800911186468 0.0012664328047304295 0.0032599476082069653
626 1.1953253985218466 0.0012284601398068811 0.0031455931540048596
627 1.1536696686257195 0.0011916147005698069 0.0030359728121729461
628 1.1137306667113023 0.0011558766922521915 0.0029308701755560588
629 1.0754301621779758 0.0011212249221943867 0.002830079374152568
630 1.0386937263490847 0.0010876370576774195 0.0027334045430239071
631 1.0034505381922154 0.001055089850161083 0.0026406593110321458
632 0.96963320285667753 0.0010235593385287927 0.0025516663233070462
633 0.93717757600306384 0.00099302102200566136 0.002466256778955431
634 0.90602260093668252 0.00096345001939734433 0.002384270002464954
635 0.87611015307395912 0.00093482120722622984 0.0023055530344051555
636 0.84738489222180069 0.00090710934053475027 0.0022299602426889492
637 0.8197941226164448 0.00088028915897943338 0.0021573529542538022
638 0.79328765992028849 0.00085433547908054771 0.0020875991050533908
639 0.7678177061713638 0.00082922327604470557 0.0020205729109772732
640 0.74333873111949489 0.00080492775455817374 0.0019561545555776181
641 0.71980735831958609 0.00078142440777223066 0.0018942298903147003
642 0.69718225855752569 0.00075868906991668464 0.0018346901540987519
643 0.67542404820617996 0.00073669796023877058 0.0017774317058057367
644 0.65449519278890567 0.00071542771999574795 0.0017223557704971202
645 0.63435991576695405 0.00069485544364461668 0.0016693681993867212
646 0.61498411165904376 0.00067495870396185812 0.0016183792412080098
647 0.5963352638583006 0.00065571557263188599 0.0015693033259428963
648 0.57838236655729436 0.00063710463629655873 0.001522058859361301
649 0.56109585067963075 0.00061910500875119649 0.0014765680281042914
650 0.54444751357770371 0.00060169633966257767 0.0014327566146781676
651 0.52841045230325512 0.00058485882023950528 0.0013905538218506714
652 0.51295900029162655 0.00056857318630059426 0.0013498921060305963
653 0.49806866690516299 0.0005528207183090226 0.0013107070181714816
654 0.48371608115994102 0.00053758324086979135 0.0012729370556840553
655 0.46987893693785698 0.00052284311933567182 0.0012365235182575183
656 0.45653594138363052 0.00050858325407802431 0.0012014103720621855
657 0.44366676555474932 0.00049478707361841606 0.0011675441198809192
658 0.43125200004936443 0.00048143853084255361 0.0011348736843404326
659 0.41927310818396624 0.00046852208977395365 0.001103350284694648
660 0.40771238651339148 0.00045602272075484274 0.0010729273329299776
661 0.39655292264189007 0.00044392588627206254 0.0010435603227418159
662 0.38577855995223576 0.00043221753478798016 0.0010152067367164099
663 0.37537385937016932 0.00042088408595136837 0.00098782594571097189
664 0.36532406692289054 0.00040991242207278012 0.00096137912348129089
665 0.35561508024729011 0.00039928987483525707 0.0009358291585455003
666 0.34623341815823583 0.00038900421406995125 0.00091114057410062062
667 0.33716619134827697 0.00037904363590367826 0.00088727945091651836
668 0.32840107467816521 0.00036939675111257115 0.00086421335441622419
669 0.31992627972840226 0.00036005257135719216 0.00084191126244316386
670 0.31173053114488131 0.00035100049982447426 0.00082034350301284553
671 0.30380304119662649 0.00034223031680816901 0.00079948168735954341
672 0.29613348833437375 0.00033373217015988829 0.00077929865351150987
673 0.28871199409764697 0.00032549656119176275 0.00075976840552012363
674 0.28152910406256304 0.0003175143357834384 0.00074086606332253435
675 0.27457576678108131 0.00030977667063454052 0.00072256780731863503
676 0.26784331630539676 0.00030227506407680383 0.00070485083238262304
677 0.26132345366064103 0.000295001323904694 0.00068769329910695011
678 0.25500823063410638 0.00028794755781404071 0.00067107429114238518
679 0.24889003291514569 0.00028110616169667524 0.0006549737708293308
680 0.24296156571112182 0.00027446981093611823 0.00063937254134505746
681 0.23721583859043199 0.00026803144957121089 0.00062425220681692627
682 0.2316461517874063 0.00026178428087447297 0.00060959513628264814
683 0.22624608323989123 0.00025572175838162284 0.00059538442957866118
684 0.22100947561237505 0.0002498375761054827 0.00058160388319046063
685 0.21593042496391782 0.00024412566072773737 0.00056823796043136267
686 0.21100326886756951 0.00023858016221532595 0.00055527176017781455
687 0.20622257583423698 0.00023319544598523917 0.00054269098903746572
688 0.20158313484229251 0.00022796608464057162 0.0005304819337955066
689 0.19707994575477461 0.00022288685061093487 0.00051863143619677529
690 0.19270820978081907 0.00021795270838056939 0.00050712686784426075
691 0.18846332075329209 0.00021315880756474947 0.00049595610724550553
692 0.18434085626400076 0.00020850047534034862 0.00048510751648421252
693 0.18033657007683052 0.00020397321050245998 0.00047456992125481716
694 0.17644638404887344 0.00019957267639283426 0.00046433258960229854
695 0.17266638100762965 0.0001952946949793298 0.0004543852131779728
696 0.16899279747758555 0.00019113524041596466 0.00044471788809890937
697 0.16542201736509921 0.00018709043376863164 0.00043532109832920845
698 0.16195056536161703 0.00018315653706431155 0.00042618569832004484
699 0.15857510091821975 0.00017932994795707115 0.00041730289715320989
700 0.15529241253514267 0.00017560719465669749 0.00040866424351353333
701 0.15209941203695812 0.00017198493062317642 0.00040026161062357401
702 0.14899312964764011 0.00016845993026464001 0.00039208718328326346
703 0.14597070858365502 0.00016502908374207051 0.00038413344364119739
704 0.14302940062967043 0.00016168939306470694 0.00037639315955176431
705 0.14016656125142701 0.00015843796735230198 0.00036885937171428162
706 0.13737964550189471 0.00015527201911588691 0.00036152538289972296
707 0.13466620358809736 0.00015218885991965712 0.00035438474628446675
708 0.13202387719803124 0.00014918589701761446 0.00034743125578429277
709 0.12945039539807113 0.00014626062926055919 0.00034065893525808189
710 0.12694357124458625 0.00014341064393596744 0.00033406202959101642
711 0.12450129818479794 0.00014063361319599711 0.00032763499522315247
712 0.12212154686906647 0.00013792729098346132 0.00032137249176070122
713 0.11980236181147565 0.00013528950967004055 0.00031526937318809378
714 0.11754185858140748 0.00013271817737175851 0.00030932068047738811
715 0.11533822074965623 0.00013021127482914716 0.00030352163355172693
716 0.11318969755598224 0.00012776685325540589 0.00029786762514732166
717 0.11109459998286343 0.00012538302984235132 0.00029235421048121957
718 0.10905130013419961 0.00012305798793865857 0.00028697710561631479
719 0.10705822752941382 0.0001207899727388779 0.00028173217770898374
720 0.10511386832544913 0.00011857729104175389 0.00027661544296170824
721 0.10321675835412997 0.0001164183024977052 0.000271623048300342
722 0.1013654882298425 0.0001143114273528192 0.00026675128481537497
723 0.099558696475332956 0.00011225513762289496 0.00026199656967192884
724 0.097795068827490311 0.00011024795686958596 0.00025735544428286925
725 0.096073336379931748 0.0001082884582310957 0.00025282456942087305
726 0.094392274761504857 0.00010637526381198129 0.00024840072305659173
727 0.09275069869787235 0.00010450703804199472 0.00024408078604703251
728 0.091147465898450963 0.00010268249324737693 0.00023986175236434464
729 0.089581472065018805 0.0001009003833086178 0.00023574071596057581
730 0.088051650072429294 9.9159503149219815e-05 0.00023171486861165604
731 0.086556968621006578 9.7458687252216766e-05 0.00022778149637106993
732 0.085096430977104925 9.5796808344152616e-05 0.00022393797625553928
733 0.083669073343066752 9.4172775667524167e-05 0.00022018177195543882
734 0.082273964043250075 9.2585533377165035e-05 0.00021651043169276335
735 0.080910201989011873 9.103406175162112e-05 0.00021292158418161018
736 0.079576915800868814 8.9517371982712228e-05 0.00020941293631807583
737 0.078273262509577793 8.803450764516434e-05 0.00020598226976204683
738 0.076998427085203769 8.6584543123236255e-05 0.00020262743969790464
739 0.075751619251250735 8.516658144653906e-05 0.00019934636645065984
740 0.074532075858702848 8.3779754982862657e-05 0.00019613704173342854
741 0.07333905768703998 8.2423223219365145e-05 0.00019299752022905258
742 0.072171849112722453 8.1096172072299942e-05 0.00018992591871769068
743 0.071029757252701081 7.9797812971452414e-05 0.00018692041382289759
744 0.069912111290105508 7.8527381923255366e-05 0.00018397924023711977
745 0.068818261168358305 7.7284138861696434e-05 0.00018110068728515344
746 0.067747577971702611 7.6067365987015612e-05 0.00017828309992553318
747 0.06669945124107389 7.4876369231198411e-05 0.00017552487168703655
748 0.065673290258240175 7.3710474037875628e-05 0.00017282444804800047
749 0.064668522836397319 7.2569027662147613e-05 0.00017018032325367716
750 0.063684594053577334 7.1451395544510317e-05 0.00016759103698309825
751 0.062720965361877642 7.0356965468821781e-05 0.00016505517200494116
752 0.061777115720687586 6.9285141187715272e-05 0.00016257135715970418
753 0.060852539971412149 6.8235343931761515e-05 0.00016013826308266355
754 0.059946746729199613 6.7207015839310355e-05 0.00015775459665578846
755 0.059059260965632888 6.6199612243430142e-05 0.00015541910780429708
756 0.05818962184119697 6.5212604949228039e-05 0.00015313058379262361
757 0.057337380783887455 6.4245483892970932e-05 0.00015088784416812488
758 0.056502104562237532 6.3297750928513613e-05 0.00014868974884799351
759 0.055683371347254033 6.2368923926033672e-05 0.00014653518775593167
760 0.054880771953815174 6.1458536162611548e-05 0.00014442308408898729
761 0.054093909544840536 6.0566132582368474e-05 0.00014235239353905404
762 0.053322398609354067 5.9691272458674357e-05 0.00014032210160356333
763 0.052565864933355862 5.8833527471249009e-05 0.00013833122350883121
764 0.051823945125778384 5.7992481612338317e-05 0.0001363788029625747
765 0.051096286340614167 5.7167730575972003e-05 0.00013446391142266887
766 0.050382545065960356 5.635888289783029e-05 0.000132585644910422
767 0.049682389024141245 5.556555616185658e-05 0.00013074312901089803
768 0.048995495346303639 5.4787378799897979e-05 0.00012893551406922011
769 0.048321548872478824 5.4023991810684051e-05 0.00012716197071704953
770 0.047660244202620654 5.3275044908284564e-05 0.00012542169527005436
771 0.047011283768377043 5.254019868091371e-05 0.00012371390465362381
772 0.046374380184742013 5.1819120940417315e-05 0.00012203784259142636
773 0.045749252196070705 5.1111490767280153e-05 0.00012039276893702817
774 0.045135627036817873 5.0416995446841587e-05 0.00011877796588636283
775 0.044533239193817291 4.9735331083589287e-05 0.00011719273472057182
776 0.043941831045996388 4.9066201361268711e-05 0.00011563639748946418
777 0.04336115127448701 4.8409319227779122e-05 0.0001141082928275974
778 0.042790955864463805 4.7764404644379702e-05 0.00011260777859069422
779 0.042231007207109005 4.713118543466672e-05 0.00011113422949239211
780 0.041681074413616889 4.6509396445873483e-05 0.00010968703793057076
781 0.041140932525347271 4.5898779993221392e-05 0.00010826561190880861
782 0.040610362711251652 4.5299085132840232e-05 0.0001068693755559254
783 0.040089151973399746 4.4710067644434939e-05 0.00010549776835105197
784 0.039577092949874881 4.4131489804459647e-05 0.00010415024460493389
785 0.039073983620036633 4.3563120247869207e-05 0.00010282627268430693
786 0.038579627673009841 4.300473340620361e-05 0.00010152533598160484
787 0.038093833545317639 4.2456109999686499e-05 0.00010024693038241484
788 0.037616414860434454 4.1917036296438489e-05 9.8990565422195934e-05
789 0.03714719007170289 4.1387304120060036e-05 9.7755763346586558e-05
790 0.036685982264719592 4.086671077892254e-05 9.6542058591367352e-05
791 0.036232619240603399 4.0355058659241414e-05 9.5348998001587888e-05
792 0.035786933116952434 3.9852155333845996e-05 9.4176139781453774e-05
793 0.035348760324117136 3.935781329862337e-05 9.3023053484518782e-05
794 0.034917941445841323 3.8871849847518402e-05 9.1889319594319271e-05
795 0.034494321115370458 3.8394086912753895e-05 9.0774529250974882e-05
796 0.034077747912362906 3.7924350905845374e-05 8.9678283979902383e-05
797 0.033668074192583809 3.7462472653874144e-05 8.8600195243641606e-05
798 0.033265156020140511 3.700828717254749e-05 8.7539884263527666e-05
799 0.032868853186933174 3.6561633557820536e-05 8.6496982070876776e-05
800 0.032479210208322763 3.6122514525381215e-05 8.5471605811375696e-05
801 0.032095726145570262 3.5690453726495576e-05 8.4462437225184896e-05
802 0.031718630375238789 3.5265617445545744e-05 8.3470079934838925e-05
803 0.031347614438261936 3.4847700682019235e-05 8.2493722205952469e-05
804 0.030982389248192542 3.4436418177080813e-05 8.1532603284717217e-05
805 0.030623169420256609 3.4031923609486296e-05 8.0587287948043711e-05
806 0.030269509471626408 3.3633797424086616e-05 7.9656603872701068e-05
807 0.029921614916198387 3.3242185688198038e-05 7.8741091884732594e-05
808 0.029579211676206824 3.2856819299432366e-05 7.7840030726860062e-05
809 0.029242042413659852 3.2477445966429666e-05 7.6952743193841718e-05
810 0.02891029993703851 3.2104201326155545e-05 7.6079736676417135e-05
811 0.028583728538435656 3.1736835296882636e-05 7.5220338259041208e-05
812 0.028262087868794961 3.1375113102228514e-05 7.4373915444197268e-05
813 0.027945559089315175 3.1019161010477916e-05 7.3540944971882039e-05
814 0.027633770521568374 3.0668633365340892e-05 7.27204487409694e-05
815 0.027326896123260086 3.0323650751532807e-05 7.1912884534894967e-05
816 0.027024707530824851 2.9983991198901969e-05 7.1117651396907501e-05
817 0.02672698971900089 2.9649445848014385e-05 7.0334183471054966e-05
818 0.026433906542899385 2.932012745629129e-05 6.9562911954998383e-05
819 0.026145124695716428 2.8995728164338982e-05 6.8802959725569547e-05
820 0.025860801762861332 2.8676355961331311e-05 6.805474148121403e-05
821 0.025580733168368789 2.8361813096333513e-05 6.7317718864128386e-05
822 0.025304725988196879 2.8051913139367458e-05 6.6591384179465475e-05
823 0.025032929013465537 2.7746757485267035e-05 6.5876128982804042e-05
824 0.024765150465725489 2.7446161328286377e-05 6.517144859401445e-05
825 0.024501209320886563 2.714995023314922e-05 6.447686663391201e-05
826 0.024241246245493453 2.685821962641364e-05 6.3792753277614345e-05
827 0.023984979474472458 2.6570711635676634e-05 6.3118367038085419e-05
828 0.023732544553403637 2.6287518087161287e-05 6.2454064614220098e-05
829 0.023483670999802773 2.6008391893619202e-05 6.1799134210007293e-05
830 0.023238489548819265 2.5733421425645427e-05 6.1153919865313859e-05
831 0.022996740414694239 2.5462369843174645e-05 6.0517737933405893e-05
832 0.022758549775630903 2.5195322293204516e-05 5.9890920462186585e-05
833 0.022523758705777708 2.4932126832047931e-05 5.9273049225730812e-05
834 0.022292216753564308 2.4672639575973932e-05 5.8663728298853446e-05
835 0.022064043712545608 2.4416941144338475e-05 5.8063272927751603e-05
836 0.021839004203446363 2.4164817941063572e-05 5.7471063693279904e-05
837 0.021617213948811099 2.3916347867419616e-05 5.6887405128450263e-05
838 0.0213985292089738 2.3671394031078752e-05 5.6311918970983684e-05
839 0.021182894927802839 2.3429893572951424e-05 5.574446033632326e-05
840 0.020970177490640163 2.3191719252465748e-05 5.5184677606947798e-05
841 0.020760485151378912 2.295694384118915e-05 5.4632855661523449e-05
842 0.020553685011201746 2.2725441164532843e-05 5.4088644766320387e-05
843 0.020349650998625745 2.2497091352388031e-05 5.3551713154278276e-05
844 0.02014848613227721 2.2271963756021966e-05 5.3022331927045293e-05
845 0.019950065013527325 2.2049939510189239e-05 5.2500171088229801e-05
846 0.019754340230490813 2.1830964530920044e-05 5.1985105869712666e-05
847 0.019561265340902908 2.1614985847484502e-05 5.1477014055007655e-05
848 0.019370725652397967 2.1401894757570441e-05 5.0975593822099917e-05
849 0.019182748308118738 2.1191699533407828e-05 5.0480916600312467e-05
850 0.018997356508373451 2.098440532844829e-05 4.9993043443088029e-05
851 0.018814438241041929 2.0779906333226777e-05 4.9511679581689283e-05
852 0.018633951659416687 2.0578154849501601e-05 4.9036714893201809e-05
853 0.018455855785671858 2.0379104175200366e-05 4.8568041541241733e-05
854 0.018280047902829909 2.0182657237531266e-05 4.8105389217973445e-05
855 0.01810661487823886 1.9988872890252144e-05 4.7648986521681208e-05
856 0.017935454489433744 1.9797654824203223e-05 4.7198564445878273e-05
857 0.017766469434798014 1.9608911180207924e-05 4.6753866933678983e-05
858 0.017599742779278869 1.9422698453131474e-05 4.6315112577049651e-05
859 0.017435177675194379 1.9238925491177077e-05 4.588204651366942e-05
860 0.017272738564275088 1.9057551806875184e-05 4.5454575169144966e-05
861 0.017112390603100006 1.8878537731815467e-05 4.5032606850263175e-05
862 0.016954099629448785 1.870184437851439e-05 4.4616051656444172e-05
863 0.016797832156581375 1.8527433633483698e-05 4.4204821464687829e-05
864 0.01664355535238899 1.8355268133421851e-05 4.3798829874707869e-05
865 0.016491184625327487 1.8185268262627837e-05 4.3397854277177594e-05
866 0.016340794094328669 1.8017484931440757e-05 4.3002089721917551e-05
867 0.016192299523230383 1.7851839095804997e-05 4.2611314534816794e-05
868 0.016045620538225912 1.7688255158129269e-05 4.222531720585766e-05
869 0.015900828248227843 1.7526782215065322e-05 4.1844284863757482e-05
870 0.015757842611731868 1.7367345205719785e-05 4.1468006872978596e-05
871 0.015616635003347607 1.7209911584922806e-05 4.1096407903546336e-05
872 0.015477177343457516 1.705444943239294e-05 4.0729414061730306e-05
873 0.015339442089691525 1.6900927442799033e-05 4.0366952867609279e-05
874 0.015203402224217968 1.6749314911168748e-05 4.0008953221626232e-05
875 0.015069031232116874 1.6599581708372157e-05 3.9655345347675986e-05
876 0.014936303110917183 1.6451698291347209e-05 3.9306060818203114e-05
877 0.014805192341126663 1.6305635669863536e-05 3.8961032476649112e-05
878 0.0146756738814799 1.6161365400845564e-05 3.8620194424947102e-05
879 0.01454772315939626 1.6018859577366647e-05 3.8283481998411215e-05
880 0.014421316062633846 1.5878090818984107e-05 3.7950831743773282e-05
881 0.014296428927193509 1.5739032257907791e-05 3.762218138735134e-05
882 0.014172997829274668 1.5601623921003372e-05 3.7297362708617548e-05
883 0.014051081967072556 1.546590770817331e-05 3.6976531492296198e-05
884 0.013930617646021539 1.5331824031642708e-05 3.6659520121109311e-05
885 0.01381158289924379 1.5199347964083879e-05 3.6346270787483657e-05
886 0.013693956159371414 1.5068455034894415e-05 3.603672673518793e-05
887 0.0135777162515467 1.4939121222096743e-05 3.5730832240912367e-05
888 0.013462842389202527 1.4811322947337427e-05 3.5428532603164547e-05
889 0.013349314157889151 1.4685037057595e-05 3.5129774099708293e-05
890 0.013237111516627134 1.4560240826395202e-05 3.4834503991124041e-05
891 0.013126178868201397 1.4436882125713785e-05 3.4542575968951043e-05
892 0.01301656922421337 1.4314999143777573e-05 3.4254129537403605e-05
893 0.012908227164709891 1.4194540060915578e-05 3.3969018854499714e-05
894 0.012801134041422121 1.4075483741537992e-05 3.3687194845847686e-05
895 0.012695271542968529 1.3957809434560337e-05 3.3408609323601391e-05
896 0.012590621682346384 1.3841496759243824e-05 3.3133214953543113e-05
897 0.012487166787476633 1.372652569443965e-05 3.2860965230201668e-05
898 0.012384889499354703 1.3612876576293139e-05 3.2591814471986064e-05
899 0.01228374046957437 1.3500503134803243e-05 3.2325632814669392e-05
900 0.012183767977115205 1.3389440720165574e-05 3.2062547308197907e-05
901 0.012084922811814258 1.3279643312732242e-05 3.1802428452142781e-05
902 0.011987188795206579 1.3171092595782195e-05 3.1545233671596257e-05
903 0.011890550032912313 1.3063770576553577e-05 3.1290921139242933e-05
904 0.011794990902903049 1.2957659573001706e-05 3.1039449744481706e-05
905 0.011700496058747309 1.2852742217197284e-05 3.0790779101966605e-05
906 0.011607050407514285 1.2749001430591037e-05 3.0544869493458642e-05
907 0.011514639125543952 1.2646420441328326e-05 3.0301681909326189e-05
908 0.011423247638275211 1.2544982761661169e-05 3.0061177995461082e-05
909 0.011332833169110624 1.2444648254567584e-05 2.9823245181870062e-05
910 0.011243438908962183 1.2345449205056085e-05 2.958799712884785e-05
911 0.01115502218217655 1.2247345669519536e-05 2.9355321532043553e-05
912 0.011067569378122481 1.2150322258779985e-05 2.9125182574006528e-05
913 0.010981067120507402 1.2054363850492379e-05 2.8897545053966846e-05
914 0.010895502249192814 1.1959455568803502e-05 2.8672374339981087e-05
915 0.010810861832646384 1.1865582798003226e-05 2.8449636401701009e-05
916 0.010727133149130362 1.1772731161498164e-05 2.8229297760869374e-05
917 0.010644303692307582 1.168088652787467e-05 2.8011325506072583e-05
918 0.010562361162631172 1.1590035001197105e-05 2.7795687270082032e-05
919 0.010481293463258802 1.1500162916329038e-05 2.7582351219102112e-05
920 0.010401088699056697 1.1411256837683233e-05 2.7371286050149204e-05
921 0.010321735167989765 1.1323303549534521e-05 2.7162460968394117e-05
922 0.010243221364286386 1.1236290059388557e-05 2.6955845695490489e-05
923 0.010165535964204643 1.1150203582069544e-05 2.6751410432117483e-05
924 0.010088667837366795 1.1065031552148901e-05 2.6549125887807356e-05
925 0.010012606024933039 1.0980761599628025e-05 2.6348963223507997e-05
926 0.0099373397552750473 1.0897381567178599e-05 2.6150894092829072e-05
927 0.0098628584231153539 1.0814879486905468e-05 2.5954890587145669e-05
928 0.0097891516004412066 1.073324359231623e-05 2.5760925264318963e-05
929 0.0097162090235529668 1.0652462303855e-05 2.5568971114613071e-05
930 0.0096440205936666832 1.0572524229454424e-05 2.5379001562280747e-05
931 0.0095725763770247371 1.0493418164543422e-05 2.5190990465854571e-05
932 0.0095018665923383375 1.041513307803074e-05 2.500491208510089e-05
933 0.0094318816212735791 1.033765812380678e-05 2.4820741108614682e-05
934 0.0093626119908909438 1.0260982621194693e-05 2.4638452607607748e-05
935 0.0092940483850396088 1.018509606746061e-05 2.4458022065893707e-05
936 0.0092261816282262835 1.0109988119855193e-05 2.4279425337437589e-05
937 0.0091590026952344857 1.0035648606161216e-05 2.4102638671669699e-05
938 0.0090925026974879551 9.9620675095038386e-06 2.3927638677599881e-05
939 0.0090266728896098297 9.8892349755138962e-06 2.37544023410785e-05
940 0.0089615046598711685 9.8171413016655648e-06 2.358290699966097e-05
941 0.0088969895321583045 9.7457769393619798e-06 2.3413130347785013e-05
942 0.0088331191619364195 9.6751324893800928e-06 2.3245050426148471e-05
943 0.008769885332709176 9.6051986978671133e-06 2.3078645612392569e-05
944 0.0087072799564455582 9.5359664567270229e-06 2.2913894622225153e-05
945 0.0086452950688689929 9.4674267983264941e-06 2.2750776497023667e-05
946 0.008583922827229494 9.3995708929496379e-06 2.2589270597972354e-05
947 0.0085231555115065777 9.3323900500474194e-06 2.2429356609227836e-05
948 0.0084629855159913652 9.2658757088521194e-06 2.227101451576675e-05
949 0.0084034053543954705 9.2000194439486925e-06 2.2114224616830187e-05
950 0.0083444076517809017 9.1348129562780972e-06 2.1958967504686585e-05
951 0.0082859851460178983 9.0702480746755085e-06 2.1805224068468155e-05
952 0.0082281306846766142 9.0063167523623779e-06 2.1652975485991089e-05
953 0.008170837223061958 8.9430110647044054e-06 2.15022032185841e-05
954 0.0081140978221520069 8.8803232068641651e-06 2.1352889005663178e-05
955 0.0080579056476495041 8.8182454926854343e-06 2.1205014862235538e-05
956 0.008002253966773766 8.7567703510825767e-06 2.1058563070457279e-05
957 0.0079471361475850436 8.6958903252293473e-06 2.0913516177855377e-05
958 0.007892545656854412 8.6355980701423684e-06 2.0769856991722138e-05
959 0.0078384760580637886 8.5758863504098769e-06 2.0627568573852077e-05
960 0.0077849210101326189 8.5167480387247088e-06 2.0486634237191103e-05
961 0.0077318742657243493 8.4581761139542434e-06 2.0347037541379866e-05
962 0.0076793296691157146 8.4001636587294696e-06 2.0208762287146617e-05
963 0.0076272811554899617 8.3427038586072362e-06 2.0071792514447268e-05
964 0.0075757227484384952 8.285789999256087e-06 1.9936112495890777e-05
965 0.0075246485592098261 8.2294154655722767e-06 1.9801706734762701e-05
966 0.0074740527846583818 8.1735737393618479e-06 1.966855995962732e-05
967 0.0074239297061690556 8.1182583981010552e-06 1.9536657121497516e-05
968 0.0073742736879105555 8.0634631129570413e-06 1.9405983389238304e-05
969 0.0073250791756919315 8.0091816474755992e-06 1.9276524146557713e-05
970 0.007276340695354851 7.955407855757501e-06 1.9148264987775924e-05
971 0.0072280528515779362 7.9021356810909487e-06 1.9021191714678779e-05
972 0.0071802103264659248 7.8493591543475457e-06 1.8895290332805067e-05
973 0.0071328078782550517 7.7970723925075363e-06 1.877054704803961e-05
974 0.0070858403400676654 7.7452695972405395e-06 1.8646948263335961e-05
975 0.0070393026186138588 7.693945053428857e-06 1.8524480575299628e-05
976 0.0069931896929948971 7.6430931278039993e-06 1.8403130771039203e-05
977 0.0069474966134769871 7.5927082675515919e-06 1.8282885824939441e-05
978 0.006902218500318703 7.5427849989762428e-06 1.8163732895575536e-05
979 0.0068573505426011861 7.493317926170738e-06 1.8045659322634701e-05
980 0.0068128879970965651 7.4443017297279992e-06 1.7928652623938328e-05
981 0.0067688261871458218 7.3957311654644617e-06 1.7812700492489004e-05
982 0.0067251605015630073 7.3476010631734756e-06 1.769779079358686e-05
983 0.0066818863935622901 7.2999063254046913e-06 1.7583911562006028e-05
984 0.006638999379698504 7.2526419262590105e-06 1.747105099920659e-05
985 0.0065964950388352319 7.205802910215084e-06 1.735919747061903e-05
986 0.0065543690111259535 7.1593843909706209e-06 1.7248339502963037e-05
987 0.0065126169970184762 7.1133815503104559e-06 1.713846578162757e-05
988 0.0064712347562753698 7.0677896369928018e-06 1.7029565148093077e-05
989 0.006430218107014005 7.0226039656580118e-06 1.6921626597405275e-05
990 0.0063895629247637808 6.9778199157570118e-06 1.6814639275694161e-05
991 0.0063492651415409792 6.9334329304997691e-06 1.6708592477739419e-05
992 0.0063093207449407126 6.8894385158234182e-06 1.6603475644580824e-05
993 0.0062697257772455729 6.8458322393794525e-06 1.6499278361172561e-05
994 0.0062304763345506402 6.8026097295395675e-06 1.6395990354080632e-05
995 0.0061915685659045764 6.7597666744199006e-06 1.629360148922257e-05
996 0.00615299867246642 6.7172988209233146e-06 1.6192101769648474e-05
997 0.0061147629066777617 6.6752019737990887e-06 1.609148133336253e-05
998 0.0060768575714499704 6.633471994719928e-06 1.5991730451184134e-05
999 0.0060392790193662359 6.5921048013758572e-06 1.5892839524647991e-05
1000 0.0060020236518980273 6.5510963665846082e-06 1.5794799083942179e-05
1001 0.0059650879186357343 6.5104427174181347e-06 1.5697599785883512e-05
1002 0.0059284683165331956 6.4701399343450909e-06 1.5601232411929463e-05
1003 0.0058921613891657872 6.4301841503886706e-06 1.5505687866225756e-05
1004 0.0058561637260018959 6.3905715502999104e-06 1.5410957173689199e-05
1005 0.005820471961687378 6.3512983697455626e-06 1.5317031478124678e-05
1006 0.005785082775342852 6.3123608945109029e-06 1.5223902040375927e-05
1007 0.0057499928898734837 6.2737554597165597e-06 1.5131560236509168e-05
1008 0.0057151990712910961 6.2354784490495607e-06 1.50399975560292e-05
1009 0.0056806981280482869 6.1975262940080123e-06 1.4949205600127071e-05
1010 0.005646486910384301 6.1598954731591838e-06 1.4859176079958686e-05
1011 0.0056125623096825745 6.122582511411012e-06 1.4769900814954143e-05
1012 0.005578921257839463 6.0855839792961941e-06 1.4681371731156482e-05
1013 0.0055455607266441682 6.0488964922692169e-06 1.4593580859589917e-05
1014 0.0055124777271695234 6.0125167100156585e-06 1.450652033465664e-05
1015 0.0054796693091734624 5.976441335773794e-06 1.4420182392561743e-05
1016 0.0054471325605108881 5.9406671156678863e-06 1.4334559369765495e-05
1017 0.0054148646065558647 5.9051908380534298e-06 1.4249643701462803e-05
1018 0.00538286260963381 5.8700093328736688e-06 1.4165427920088974e-05
1019 0.0053511237684635751 5.8351194710274475e-06 1.4081904653851513e-05
1020 0.0053196453176091634 5.8005181637480577e-06 1.3999066625287272e-05
1021 0.0052884245269409231 5.7662023619928178e-06 1.3916906649844535e-05
1022 0.0052574587011060426 5.7321690558433314e-06 1.3835417634489585e-05
1023 0.0052267451790081318 5.6984152739160545e-06 1.3754592576337189e-05
1024 0.0051962813332957812 5.6649380827831112e-06 1.3674424561304688e-05
1025 0.0051660645698597711 5.6317345864029062e-06 1.3594906762788872e-05
1026 0.0051360923273390622 5.5988019255608957e-06 1.3516032440365953e-05
1027 0.0051063620766349585 5.5661372773194428e-06 1.3437794938513048e-05
1028 0.0050768713204337986 5.5337378544776126e-06 1.3360187685352102e-05
1029 0.0050476175927375031 5.5016009050397133e-06 1.3283204191414482e-05
1030 0.0050185984584022857 5.4697237116933071e-06 1.3206838048427068e-05
1031 0.0049898115126850171 5.4381035912958268e-06 1.3131082928118465e-05
1032 0.0049612543807972644 5.4067378943699093e-06 1.3055932581045432e-05
1033 0.0049329247174669313 5.3756240046075328e-06 1.2981380835439293e-05
1034 0.004904820206507109 5.3447593383821861e-06 1.2907421596071339e-05
1035 0.0048769385603922724 5.3141413442695112e-06 1.2834048843137559e-05
1036 0.004849277519841484 5.2837675025758191e-06 1.27612566311618e-05
1037 0.0048218348534085995 5.2536353248747222e-06 1.2689039087917368e-05
1038 0.0047946083570792877 5.2237423535514001e-06 1.2617390413366547e-05
1039 0.0047675958538746926 5.1940861613544071e-06 1.2546304878617613e-05
1040 0.0047407951934617587 5.164664350955196e-06 1.2475776824899364e-05
1041 0.0047142042517699084 5.1354745545147174e-06 1.2405800662552391e-05
1042 0.0046878209306140915 5.1065144332573374e-06 1.2336370870037084e-05
1043 0.0046616431573240679 5.0777816770518615e-06 1.2267481992958073e-05
1044 0.0046356688843796883 5.049274003999298e-06 1.2199128643104442e-05
1045 0.0046098960890523042 5.0209891600277424e-06 1.2131305497506064e-05
1046 0.0045843227730518726 4.9929249184934975e-06 1.2064007297504928e-05
1047 0.0045589469621799793 4.9650790797891782e-06 1.1997228847842051e-05
1048 0.0045337667059884091 4.9374494709579651e-06 1.1930965015758971e-05
1049 0.0045087800774433256 4.910033945314263e-06 1.1865210730114015e-05
1050 0.0044839851725948787 4.8828303820705498e-06 1.1799960980512839e-05
1051 0.0044593801102521657 4.8558366859703035e-06 1.1735210816453067e-05
1052 0.0044349630316634428 4.8290507869268447e-06 1.1670955346482745e-05
1053 0.0044107321002014917 4.8024706396681532e-06 1.1607189737372346e-05
1054 0.0043866855010540511 4.7760942233872565e-06 1.1543909213300134e-05
1055 0.0043628214409192545 4.7499195413985566e-06 1.1481109055050669e-05
1056 0.0043391381477058408 4.7239446207992741e-06 1.1418784599225897e-05
1057 0.0043156338702383208 4.6981675121368077e-06 1.1356931237469266e-05
1058 0.0042923068779667038 4.6725862890810616e-06 1.1295544415701852e-05
1059 0.0042691554606809077 4.6471990481021819e-06 1.123461963337081e-05
1060 0.0042461779282297347 4.6220039081535342e-06 1.1174152442709828e-05
1061 0.0042233726102442514 4.5969990103595145e-06 1.1114138448011187e-05
1062 0.0042007378558655602 4.5721825177084846e-06 1.1054573304909369e-05
1063 0.004178272033476909 4.5475526147506166e-06 1.0995452719676076e-05
1064 0.0041559735304399726 4.5231075073004004e-06 1.0936772448526243e-05
1065 0.0041338407528353129 4.4988454221439641e-06 1.0878528296935034e-05
1066 0.0041118721252069021 4.474764606750957e-06 1.0820716118965532e-05
1067 0.0040900660903106503 4.450863328990987e-06 1.0763331816606974e-05
1068 0.0040684211088668808 4.4271398768546085e-06 1.0706371339123371e-05
1069 0.0040469356593166106 4.4035925581784359e-06 1.0649830682412133e-05
1070 0.004025608237581739 4.3802197003749822e-06 1.0593705888372997e-05
1071 0.0040044373568288091 4.3570196501662081e-06 1.0537993044286341e-05
1072 0.0039834215472366041 4.3339907733217563e-06 1.0482688282201591e-05
1073 0.003962559355767164 4.3111314544007627e-06 1.0427787778334641e-05
1074 0.0039418493459404966 4.2884400964980842e-06 1.0373287752474991e-05
1075 0.0039212900976126602 4.2659151209942328e-06 1.0319184467401737e-05
1076 0.0039008802067573068 4.2435549673092603e-06 1.0265474228308702e-05
1077 0.0038806182852505564 4.2213580926604087e-06 1.0212153382238307e-05
1078 0.0038605029606591824 4.1993229718235229e-06 1.0159218317524165e-05
1079 0.0038405328760320332 4.1774480968981361e-06 1.0106665463242192e-05
1080 0.003820706689694637 4.1557319770761636e-06 1.0054491288670098e-05
1081 0.0038010230750469176 4.1341731384140745e-06 1.0002692302755047e-05
1082 0.0037814807203640373 4.1127701236087007e-06 9.9512650535895723e-06
1083 0.0037620783286001921 4.0915214917762894e-06 9.9002061278952431e-06
1084 0.0037428146171954299 4.0704258182350316e-06 9.8495121505142893e-06
1085 0.0037236883178853601 4.0494816942908582e-06 9.799179783908842e-06
1086 0.0037046981765137595 4.0286877270265546e-06 9.7492057276677888e-06
1087 0.0036858429528479615 4.0080425390938858e-06 9.6995867180209519e-06
1088 0.0036671214203970646 3.9875447685091338e-06 9.6503195273606954e-06
1089 0.003648532366232833 3.9671930684514988e-06 9.6014009637706139e-06
1090 0.0036300745908132742 3.9469861070645797e-06 9.5528278705612473e-06
1091 0.0036117469078088982 3.9269225672609648e-06 9.5045971258128908e-06
1092 0.0035935481439315041 3.9070011465295673e-06 9.4567056419250109e-06
1093 0.0035754771387655569 3.8872205567459898e-06 9.4091503651725185e-06
1094 0.0035575327446020579 3.8675795239856308e-06 9.3619282752685733e-06
1095 0.0035397138262748748 3.8480767883396565e-06 9.3150363849338805e-06
1096 0.0035220192609994789 3.8287111037335979e-06 9.2684717394723127e-06
1097 0.0035044479382141036 3.8094812377487959e-06 9.2222314163529036e-06
1098 0.0034869987594232034 3.7903859714463768e-06 9.176312524797904e-06
1099 0.00346967063804323 3.7714240991938412e-06 9.130712205376921e-06
1100 0.0034524624992506693 3.7525944284942437e-06 9.0854276296070249e-06
1101 0.0034353732798323186 3.7338957798179179e-06 9.0404559995587337e-06
1102 0.003418401928037741 3.7153269864366426e-06 8.9957945474677394e-06
1103 0.0034015474034338601 3.6968868942601736e-06 8.9514405353522629e-06
1104 0.003384808676761707 3.6785743616753282e-06 8.9073912546360704e-06
1105 0.0033681847297952275 3.6603882593872999e-06 8.8636440257769148e-06
1106 0.0033516745552021323 3.6423274702633186e-06 8.8201961979003489e-06
1107 0.003335277156406787 3.6243908891786154e-06 8.7770451484389129e-06
1108 0.0033189915474550616 3.6065774228645995e-06 8.7341882827764783e-06
1109 0.0033028167528811351 3.5888859897592214e-06 8.6916230338977244e-06
1110 0.0032867518075762386 3.5713155198595983e-06 8.6493468620427331e-06
1111 0.0032707957566592595 3.5538649545766394e-06 8.6073572543664732e-06
1112 0.0032549476553492174 3.5365332465918855e-06 8.5656517246032041e-06
1113 0.0032392065688395602 3.5193193597163188e-06 8.5242278127356847e-06
1114 0.0032235715721742552 3.5022222687512682e-06 8.4830830846690918e-06
1115 0.0032080417501256617 3.4852409593512622e-06 8.4422151319096365e-06
1116 0.0031926161970741323 3.4683744278889274e-06 8.4016215712477171e-06
1117 0.0031772940168893183 3.4516216813216962e-06 8.3613000444455745e-06
1118 0.0031620743228131846 3.434981737060525e-06 8.3212482179294331e-06
1119 0.0031469562373446624 3.4184536228404723e-06 8.2814637824859542e-06
1120 0.0031319388921259186 3.4020363765929837e-06 8.241944452962944e-06
1121 0.0031170214278302814 3.3857290463202316e-06 8.2026879679744253e-06
1122 0.0031022029940516757 3.3695306899709682e-06 8.163692089609673e-06
1123 0.0030874827491956763 3.3534403753183713e-06 8.1249546031465171e-06
1124 0.0030728598603720599 3.3374571798394478e-06 8.086473316768578e-06
1125 0.0030583335032888384 3.3215801905961774e-06 8.0482460612864161e-06
1126 0.0030439028621478464 3.3058085041184416e-06 8.0102706898627531e-06
1127 0.0030295671295416985 3.2901412262883926e-06 7.9725450777413125e-06
1128 0.0030153255063522463 3.2745774722266046e-06 7.9350671219795963e-06
1129 0.0030011772016504262 3.2591163661797736e-06 7.8978347411853322e-06
1130 0.0029871214325974957 3.2437570414099712e-06 7.860845875256567e-06
1131 0.0029731574243476258 3.2284986400854066e-06 7.8240984851253317e-06
1132 0.0029592844099518706 3.213340313172792e-06 7.7875905525049233e-06
1133 0.0029455016302634579 3.198281220331192e-06 7.7513200796406783e-06
1134 0.002931808333844339 3.1833205298072092e-06 7.7152850890640502e-06
1135 0.002918203776873097 3.1684574183318342e-06 7.6794836233502552e-06
1136 0.00290468722305406 3.1536910710185491e-06 7.6439137448791055e-06
1137 0.00289125794352768 3.1390206812628744e-06 7.6085735355991578e-06
1138 0.0028779152167821669 3.1244454506434139e-06 7.5734610967951758e-06
1139 0.0028646583285662653 3.1099645888240459e-06 7.538574548858593e-06
1140 0.0028514865718033029 3.0955773134576958e-06 7.5039120310613239e-06
1141 0.0028383992465063259 3.0812828500912054e-06 7.4694717013324367e-06
1142 0.0028253956596944454 3.0670804320716704e-06 7.435251736038014e-06
1143 0.002812475125310293 3.052969300453946e-06 7.4012503297639292e-06
1144 0.0027996369641386095 3.0389487039094792e-06 7.3674656951016041e-06
1145 0.0027868805037259119 3.0250178986363544e-06 7.3338960624366104e-06
1146 0.0027742050783012653 3.0111761482705351e-06 7.3005396797401716e-06
1147 0.0027616100286981062 2.9974227237983576e-06 7.2673948123634376e-06
1148 0.002749094702277138 2.9837569034701966e-06 7.2344597428345737e-06
1149 0.0027366584528502264 2.9701779727152237e-06 7.2017327706584903e-06
1150 0.0027243006406053485 2.9566852240574383e-06 7.1692122121193382e-06
1151 0.0027120206320325304 2.943277957032722e-06 7.1368964000856061e-06
1152 0.0026998177998507774 2.929955478107084e-06 7.1047836838178352e-06
1153 0.0026876915229359678 2.9167171005959226e-06 7.0728724287788629e-06
1154 0.0026756411862497199 2.9035621445844319e-06 7.0411610164466316e-06
1155 0.0026636661807691929 2.8904899368490574e-06 7.0096478441294547e-06
1156 0.0026517659034178327 2.8774998107799864e-06 6.97833132478377e-06
1157 0.0026399397569970176 2.8645911063046652e-06 6.947209886834257e-06
1158 0.0026281871501185991 2.8517631698123225e-06 6.9162819739963131e-06
1159 0.0026165074971383883 2.8390153540795871e-06 6.8855460451010218e-06
1160 0.002604900218090431 2.826347018196936e-06 6.8550005739221867e-06
1161 0.0025933647386222154 2.8137575274962104e-06 6.82464404900583e-06
1162 0.0025819004899307178 2.8012462534791389e-06 6.7944749735018887e-06
1163 0.0025705069086992523 2.7888125737466554e-06 6.7644918649980322e-06
1164 0.0025591834370351746 2.7764558719292478e-06 6.7346932553557224e-06
1165 0.002547929522408413 2.7641755376182585e-06 6.7050776905484553e-06
1166 0.0025367446175907473 2.7519709662979155e-06 6.6756437305019662e-06
1167 0.0025256281805959456 2.7398415592784812e-06 6.646389948936699e-06
1168 0.0025145796746206218 2.7277867236300944e-06 6.6173149332121623e-06
1169 0.0025035985679858928 2.7158058721175445e-06 6.5884172841734019e-06
1170 0.0024926843340797688 2.7038984231358886e-06 6.5596956159993921e-06
1171 0.0024818364513003147 2.6920638006469134e-06 6.53114855605346e-06
1172 0.0024710544029995182 2.6803014341164153e-06 6.5027747447355741e-06
1173 0.0024603376774278924 2.6686107584522601e-06 6.4745728353365589e-06
1174 0.0024496857676798056 2.6569912139433494e-06 6.4465414938942251e-06
1175 0.0024390981716394654 2.6454422461991788e-06 6.4186793990512247e-06
1176 0.0024285743919276572 2.633963306090393e-06 6.3909852419148875e-06
1177 0.0024181139358491204 2.6225538496899908e-06 6.3634577259187377e-06
1178 0.0024077163153406072 2.6112133382152425e-06 6.3360955666858083e-06
1179 0.0023973810469196137 2.5999412379705052e-06 6.3088974918937199e-06
1180 0.0023871076516337481 2.5887370202905936e-06 6.2818622411414423e-06
1181 0.0023768956550107509 2.5776001614849786e-06 6.2549885658177656e-06
1182 0.0023667445870091497 2.5665301427827014e-06 6.2282752289714465e-06
1183 0.0023566539819695445 2.5555264502779381e-06 6.2017210051830118e-06
1184 0.0023466233785664824 2.5445885748762903e-06 6.1753246804381114e-06
1185 0.0023366523197609784 2.5337160122417407e-06 6.1490850520025747e-06
1186 0.0023267403527535988 2.5229082627442905e-06 6.1230009282989438e-06
1187 0.0023168870289381675 2.5121648314082672e-06 6.0970711287846514e-06
1188 0.0023070919038560207 2.5014852278612686e-06 6.0712944838316333e-06
1189 0.0022973545371508608 2.4908689662837379e-06 6.0456698346075285e-06
1190 0.0022876744925241581 2.4803155653592184e-06 6.0201960329583106e-06
1191 0.0022780513376911369 2.4698245482252135e-06 5.9948719412924658e-06
1192 0.0022684846443372627 2.4593954424246095e-06 5.9696964324664809e-06
1193 0.0022589739880753226 2.4490277798578079e-06 5.9446683896719017e-06
1194 0.0022495189484030135 2.4387210967353939e-06 5.9197867063237194e-06
1195 0.0022401191086610477 2.428474933531346e-06 5.8950502859501258e-06
1196 0.0022307740559918085 2.4182888349369808e-06 5.8704580420837063e-06
1197 0.0022214833812984895 2.4081623498153012e-06 5.8460088981539198e-06
1198 0.0022122466792047482 2.3980950311560258e-06 5.8217017873809161e-06
1199 0.0022030635480148652 2.3880864360311352e-06 5.7975356526706978e-06
1200 0.0021939335896743761 2.3781361255509537e-06 5.773509446511516e-06
1201 0.002184856409731211 2.3682436648208067e-06 5.7496221308716075e-06
1202 0.0021758316172972823 2.3584086228981923e-06 5.7258726770981114e-06
1203 0.0021668588250105801 2.3486305727505049e-06 5.7022600658173155e-06
1204 0.0021579376489976893 2.3389090912132314e-06 5.6787832868360244e-06
1205 0.0021490677088368045 2.3292437589487139e-06 5.6554413390442221e-06
1206 0.0021402486275211518 2.3196341604053599e-06 5.6322332303188203e-06
1207 0.0021314800314229166 2.3100798837774514e-06 5.6091579774287282e-06
1208 0.0021227615502575473 2.3005805209653161e-06 5.5862146059409142e-06
1209 0.0021140928170485301 2.2911356675360836e-06 5.5634021501277109e-06
1210 0.0021054734680925769 2.2817449226848577e-06 5.5407196528752026e-06
1211 0.0020969031429252513 2.2724078891964513e-06 5.5181661655927663e-06
1212 0.0020883814842869732 2.2631241734074287e-06 5.495740748123614e-06
1213 0.002079908138089474 2.2538933851687668e-06 5.4734424686565101e-06
1214 0.0020714827533826401 2.244715137808911e-06 5.4512704036385266e-06
1215 0.0020631049823217474 2.2355890480972469e-06 5.4292236376888094e-06
1216 0.0020547744801350876 2.2265147362080197e-06 5.4073012635133883e-06
1217 0.0020464909050920085 2.2174918256847404e-06 5.3855023818210752e-06
1218 0.0020382539184713071 2.2085199434049848e-06 5.363826101240282e-06
1219 0.0020300631845300114 2.1995987195455898e-06 5.3422715382368723e-06
1220 0.00202191837047254 2.1907277875483096e-06 5.3208378170329998e-06
1221 0.0020138191464202267 2.181906784085889e-06 5.2995240695269119e-06
1222 0.0020057651853811914 2.1731353490284643e-06 5.2783294352136616e-06
1223 0.0019977561632205949 2.1644131254104659e-06 5.257253061106829e-06
1224 0.0019897917586312363 2.1557397593978851e-06 5.236294101661148e-06
1225 0.0019818716531044816 2.1471149002558654e-06 5.2154517186960043e-06
1226 0.001973995530901558 2.1385382003167488e-06 5.1947250813198899e-06
1227 0.0019661630790251913 2.13000931494853e-06 5.1741133658557661e-06
1228 0.0019583739871915414 2.1215279025235609e-06 5.1536157557672142e-06
1229 0.0019506279478025061 2.1130936243877343e-06 5.1332314415855423e-06
1230 0.0019429246559183411 2.104706144830034e-06 5.1129596208377398e-06
1231 0.0019352638092305801 2.0963651310523354e-06 5.092799497975211e-06
1232 0.0019276451080353016 2.0880702531396943e-06 5.0727502843034254e-06
1233 0.0019200682552066876 2.0798211840308978e-06 5.0528111979123358e-06
1234 0.0019125329561708994 2.0716175994893921e-06 5.0329814636076302e-06
1235 0.0019050389188802592 2.0634591780745471e-06 5.0132603128427876e-06
1236 0.0018975858537877254 2.0553456011132633e-06 4.9936469836519094e-06
1237 0.0018901734738216674 2.0472765526718838e-06 4.9741407205833353e-06
1238 0.001882801494360938 2.0392517195284732e-06 4.9547407746340474e-06
1239 0.0018754696332102287 2.0312707911453978e-06 4.9354464031848125e-06
1240 0.0018681776105757149 2.0233334596422167e-06 4.9162568699360917e-06
1241 0.0018609251490409725 2.015439419768907e-06 4.8971714448446643e-06
1242 0.0018537119735431884 2.007588368879386e-06 4.8781894040610222e-06
1243 0.0018465378113496286 1.9997800069053512e-06 4.859310029867444e-06
1244 0.0018394023920343837 1.9920140363303863e-06 4.8405326106167992e-06
1245 0.0018323054474553848 1.9842901621644361e-06 4.8218564406720655e-06
1246 0.0018252467117316922 1.9766080919185353e-06 4.8032808203465581e-06
1247 0.0018182259212209996 1.9689675355797604e-06 4.7848050558447355e-06
1248 0.0018112428144974543 1.9613682055866175e-06 4.7664284592038273e-06
1249 0.0018042971323296987 1.9538098168045931e-06 4.748150348236049e-06
1250 0.0017973886176591595 1.9462920865020171e-06 4.7299700464714725e-06
1251 0.001790517015578595 1.9388147343262223e-06 4.7118868831015657e-06
1252 0.0017836820733108866 1.931377482279964e-06 4.6939001929233861e-06
1253 0.0017768835401880578 1.923980054698086e-06 4.6760093162843626e-06
1254 0.001770121167630548 1.9166221782244999e-06 4.6582135990277577e-06
1255 0.0017633947091267054 1.9093035817893681e-06 4.6405123924386986e-06
1256 0.0017567039202125185 1.9020239965865908e-06 4.622905053190838e-06
1257 0.0017500485584515863 1.8947831560515497e-06 4.6053909432936484e-06
1258 0.001743428383415296 1.8875807958390717e-06 4.5879694300402529e-06
1259 0.0017368431566632189 1.8804166538016248e-06 4.5706398859558391e-06
1260 0.0017302926417237673 1.8732904699678672e-06 4.5534016887467558e-06
1261 0.0017237766040750127 1.8662019865212876e-06 4.5362542212500331e-06
1262 0.0017172948111257602 1.8591509477792123e-06 4.5191968713835798e-06
1263 0.0017108470321968142 1.8521371001719739e-06 4.5022290320968795e-06
1264 0.0017044330385024623 1.845160192222345e-06 4.4853501013222694e-06
1265 0.0016980526031321562 1.8382199745251789e-06 4.4685594819267266e-06
1266 0.0016917055010324093 1.8313161997273266e-06 4.4518565816642352e-06
1267 0.0016853915089888852 1.824448622507711e-06 4.4352408131286449e-06
1268 0.0016791104056086831 1.8176169995576705e-06 4.4187115937070605e-06
1269 0.0016728619713028371 1.8108210895615211e-06 4.4022683455337816e-06
1270 0.0016666459882689758 1.8040606531772824e-06 4.3859104954446731e-06
1271 0.0016604622404742192 1.7973354530177097e-06 4.3696374749321562e-06
1272 0.0016543105136382213 1.7906452536314463e-06 4.3534487201005829e-06
1273 0.0016481905952164186 1.7839898214844321e-06 4.3373436716221538e-06
1274 0.001642102274383469 1.7773689249415009e-06 4.3213217746933397e-06
1275 0.0016360453420168621 1.7707823342482128e-06 4.3053824789917422e-06
1276 0.0016300195906807061 1.7642298215128137e-06 4.2895252386334371e-06
1277 0.0016240248146097047 1.757711160688487e-06 4.2737495121308017e-06
1278 0.0016180608096933089 1.7512261275557507e-06 4.258054762350813e-06
1279 0.0016121273734600156 1.7447744997050007e-06 4.2424404564737257e-06
1280 0.0016062243050618756 1.7383560565193506e-06 4.2269060659523043e-06
1281 0.0016003514052591518 1.7319705791575977e-06 4.2114510664714522e-06
1282 0.0015945084764051279 1.7256178505373412e-06 4.1960749379082315e-06
1283 0.0015886953224311217 1.7192976553183826e-06 4.1807771642924259e-06
1284 0.0015829117488316161 1.7130097798861982e-06 4.1655572337674107e-06
1285 0.0015771575626495936 1.7067540123356946e-06 4.1504146385515625e-06
1286 0.0015714325724619858 1.700530142455018e-06 4.1353488748999624e-06
1287 0.001565736588365324 1.6943379617096897e-06 4.1203594430666419e-06
1288 0.0015600694219615086 1.688177263226778e-06 4.1054458472671276e-06
1289 0.0015544308863437591 1.6820478417793279e-06 4.0906075956414716e-06
1290 0.0015488207960826852 1.6759494937709044e-06 4.0758442002175929e-06
1291 0.0015432389672125398 1.6698820172203378e-06 4.0611551768751047e-06
1292 0.0015376852172175979 1.6638452117466333e-06 4.0465400453094682e-06
1293 0.0015321593650186867 1.6578388785540193e-06 4.031998328996544e-06
1294 0.0015266612309598594 1.6518628204171477e-06 4.0175295551575251e-06
1295 0.0015211906367952218 1.6459168416665357e-06 4.0031332547242678e-06
1296 0.0015157474056758744 1.640000748174025e-06 3.9888089623049326e-06
1297 0.00151033136213702 1.634114347338532e-06 3.9745562161500523e-06
1298 0.0015049423320851944 1.6282574480718569e-06 3.9603745581189324e-06
1299 0.0014995801427856311 1.6224298607846939e-06 3.9462635336463975e-06
1300 0.0014942446228497781 1.6166313973727957e-06 3.932222691709942e-06
1301 0.0014889356022229094 1.6108618712032089e-06 3.91825158479713e-06
1302 0.0014836529121719105 1.6051210971007508e-06 3.9043497688734487e-06
1303 0.0014783963852731678 1.599408891334599e-06 3.8905168033504416e-06
1304 0.0014731658554005915 1.5937250716049951e-06 3.8767522510541885e-06
1305 0.0014679611577137581 1.5880694570300942e-06 3.8630556781941e-06
1306 0.0014627821286461902 1.5824418681329985e-06 3.8494266543320795e-06
1307 0.0014576286058937508 1.576842126828881e-06 3.8358647523519761e-06
1308 0.0014525004284031637 1.5712700564122638e-06 3.822369548429378e-06
1309 0.0014473974363606442 1.5657254815444151e-06 3.8089406220016952e-06
1310 0.0014423194711806649 1.5602082282409064e-06 3.7955775557385917e-06
1311 0.0014372663754948273 1.5547181238592901e-06 3.7822799355127035e-06
1312 0.0014322379931408381 1.5492549970868463e-06 3.7690473503706263e-06
1313 0.0014272341691516422 1.543818677928605e-06 3.7558793925043218e-06
1314 0.0014222547497446108 1.5384089976952962e-06 3.7427756572226601e-06
1315 0.0014172995823108934 1.5330257889916142e-06 3.7297357429234039e-06
1316 0.0014123685154048507 1.5276688857044859e-06 3.7167592510653967e-06
1317 0.001407461398733595 1.5223381229914604e-06 3.7038457861410393e-06
1318 0.0014025780831466625 1.5170333372693219e-06 3.6909949556491118e-06
1319 0.0013977184206257743 1.5117543662027044e-06 3.6782063700678272e-06
1320 0.0013928822642746987 1.5065010486928773e-06 3.6654796428281546e-06
1321 0.0013880694683092341 1.5012732248666576e-06 3.6528143902874583e-06
1322 0.0013832798880472855 1.4960707360654186e-06 3.6402102317033828e-06
1323 0.0013785133798990346 1.4908934248341797e-06 3.6276667892079857e-06
1324 0.0013737698013572414 1.4857411349109178e-06 3.6151836877822141e-06
1325 0.0013690490109875952 1.4806137112158241e-06 3.6027605552305135e-06
1326 0.0013643508684192194 1.4755109998408364e-06 3.5903970221558405e-06
1327 0.0013596752343352256 1.4704328480391538e-06 3.578092721934804e-06
1328 0.0013550219704634003 1.4653791042149363e-06 3.5658472906931584e-06
1329 0.0013503909395669654 1.4603496179130762e-06 3.553660367281488e-06
1330 0.0013457820054354366 1.4553442398090748e-06 3.5415315932511491e-06
1331 0.0013411950328755782 1.4503628216990258e-06 3.5294606128304689e-06
1332 0.0013366298877024543 1.4454052164897244e-06 3.5174470729011957e-06
1333 0.0013320864367305488 1.4404712781888159e-06 3.5054906229751283e-06
1334 0.0013275645477650098 1.4355608618951223e-06 3.4935909151710783e-06
1335 0.0013230640895929529 1.4306738237890151e-06 3.4817476041919812e-06
1336 0.0013185849319748632 1.4258100211228937e-06 3.4699603473022714e-06
1337 0.001314126945636086 1.4209693122117696e-06 3.4582288043054897e-06
1338 0.0013096900022584017 1.4161515564239475e-06 3.4465526375221096e-06
1339 0.0013052739744716794 1.4113566141717835e-06 3.4349315117675774e-06
1340 0.0013008787358456293 1.4065843469025688e-06 3.4233650943306037e-06
1341 0.0012965041608816162 1.4018346170894566e-06 3.4118530549516217e-06
1342 0.0012921501250045715 1.397107288222525e-06 3.4003950658015039e-06
1343 0.0012878165045549885 1.3924022247999305e-06 3.3889908014604959e-06
1344 0.0012835031767809786 1.3877192923190898e-06 3.3776399388973123e-06
1345 0.0012792100198304221 1.3830583572680213e-06 3.3663421574484792e-06
1346 0.0012749369127431969 1.3784192871167467e-06 3.3550971387978867e-06
1347 0.0012706837354434812 1.3738019503087697e-06 3.3439045669565294e-06
1348 0.0012664503687321283 1.3692062162526471e-06 3.3327641282424428e-06
1349 0.0012622366942791215 1.3646319553136334e-06 3.321675511260846e-06
1350 0.0012580425946161066 1.3600790388054298e-06 3.3106384068844912e-06
1351 0.0012538679531289936 1.3555473389820087e-06 3.2996525082341936e-06
1352 0.001249712654050636 1.35103672902951e-06 3.2887175106595682e-06
1353 0.0012455765824535751 1.346547083058222e-06 3.2778331117199345e-06
1354 0.0012414596242428582 1.3420782760946225e-06 3.2669990111654164e-06
1355 0.0012373616661489376 1.3376301840735535e-06 3.2562149109182569e-06
1356 0.0012332825957206248 1.3332026838304191e-06 3.2454805150542756e-06
1357 0.0012292223013181237 1.3287956530934784e-06 3.234795529784536e-06
1358 0.0012251806721061229 1.3244089704762143e-06 3.2241596634371654e-06
1359 0.0012211575980469683 1.320042515469777e-06 3.2135726264393903e-06
1360 0.0012171529698938924 1.3156961684355207e-06 3.203034131299717e-06
1361 0.0012131666791843161 1.3113698105975767e-06 3.1925438925903056e-06
1362 0.0012091986182332026 1.3070633240355134e-06 3.1821016269294803e-06
1363 0.0012052486801264986 1.302776591677091e-06 3.1717070529644701e-06
1364 0.0012013167587146178 1.298509497291054e-06 3.1613598913542574e-06
1365 0.0011974027486060048 1.2942619254800317e-06 3.1510598647526441e-06
1366 0.0011935065451607449 1.2900337616734504e-06 3.1408066977914338e-06
1367 0.0011896280444842469 1.2858248921205731e-06 3.1306001170638075e-06
1368 0.0011857671434209896 1.2816352038835871e-06 3.1204398511078676e-06
1369 0.0011819237395483144 1.2774645848307315e-06 3.110325630390301e-06
1370 0.0011780977311702954 1.2733129236295389e-06 3.1002571872902511e-06
1371 0.0011742890173116554 1.2691801097401067e-06 3.0902342560833038e-06
1372 0.0011704974977117448 1.2650660334084388e-06 3.0802565729256444e-06
1373 0.0011667230728185827 1.2609705856598749e-06 3.0703238758383754e-06
1374 0.0011629656437829466 1.2568936582925481e-06 3.0604359046919647e-06
1375 0.0011592251124525298 1.2528351438709449e-06 3.0505924011908678e-06
1376 0.0011555013813661381 1.2487949357194733e-06 3.040793108858258e-06
1377 0.0011517943537479669 1.2447729279161687e-06 3.0310377730209657e-06
1378 0.001148103933501905 1.2407690152863767e-06 3.021326140794487e-06
1379 0.0011444300252059134 1.236783093396557e-06 3.0116579610681931e-06
1380 0.0011407725341064502 1.2328150585481284e-06 3.0020329844906587e-06
1381 0.0011371313661129459 1.2288648077713511e-06 2.9924509634551208e-06
1382 0.0011335064277923394 1.2249322388193205e-06 2.9829116520851037e-06
1383 0.0011298976263636527 1.2210172501619382e-06 2.9734148062201387e-06
1384 0.0011263048696926352 1.2171197409800421e-06 2.9639601834016715e-06
1385 0.0011227280662864415 1.2132396111594873e-06 2.9545475428590567e-06
1386 0.0011191671252883677 1.2093767612853621e-06 2.9451766454957045e-06
1387 0.0011156219564726383 1.2055310926362171e-06 2.9358472538753638e-06
1388 0.0011120924702392385 1.2017025071783648e-06 2.9265591322085222e-06
1389 0.0011085785776088033 1.1978909075602483e-06 2.9173120463389558e-06
1390 0.0011050801902175366 1.1940961971068089e-06 2.9081057637303597e-06
1391 0.0011015972203121996 1.1903182798139631e-06 2.8989400534531569e-06
1392 0.0010981295807451366 1.1865570603431236e-06 2.8898146861714123e-06
1393 0.0010946771849693405 1.1828124440157387e-06 2.8807294341298434e-06
1394 0.00109123994703358 1.1790843368079138e-06 2.871684071141e-06
1395 0.0010878177815775597 1.1753726453450816e-06 2.8626783725725253e-06
1396 0.0010844106038271262 1.1716772768966901e-06 2.8537121153345423e-06
1397 0.0010810183295895295 1.1679981393709934e-06 2.8447850778671828e-06
1398 0.0010776408752487185 1.164335141309852e-06 2.8358970401282066e-06
1399 0.0010742781577606816 1.1606881918835854e-06 2.827047783580741e-06
1400 0.0010709300946488318 1.1570572008858845e-06 2.8182370911811362e-06
