index sum SD mean
50 0.0 0.0 0.0
51 0.0 0.0 0.0
52 0.0 0.0 0.0
53 0.0 0.0 0.0
54 0.0 0.0 0.0
55 0.0 0.0 0.0
56 0.0 0.0 0.0
57 0.0 0.0 0.0
58 0.0 0.0 0.0
59 0.0 0.0 0.0
60 0.040759658924071955 1.6500519892229692e-06 0.0002145245206530103
61 0.1405759053688409 1.1474844421544401e-05 0.00073987318615179422
62 0.28176816529813425 3.6759051174668254e-05 0.0014829903436743908
63 0.45650112807717413 8.4032847089705575e-05 0.0024026375161956535
64 0.65923217256155187 0.00015874498234838834 0.003469643013481852
65 0.88545766331024578 0.00026524588090826522 0.0046603034911065567
66 1.1312708103570261 0.00040685125771025419 0.0059540568966159274
67 1.3931634188368285 0.00058591573313026895 0.0073324390465096239
68 1.6679251528705821 0.00080390095242598679 0.0087785534361609577
69 1.9525885470143132 0.0010614385668619643 0.010276781826391123
70 2.2443977729405042 0.0013583910739400342 0.011812619857581601
71 2.5407905588334687 0.0016939127302858297 0.013372581888597204
72 2.8393875238040756 0.0020665112348250822 0.014944144862126713
73 3.137985142054565 0.0024741084760154857 0.016515711273971397
74 3.4345486828202367 0.0029140939132931243 0.018076572014843351
75 3.7272002025049895 0.0033833557209277791 0.019616843171078892
76 4.0141949771977599 0.0038782642458415118 0.021127341985251367
77 4.2938799797182394 0.0043945776599430717 0.022599368314306523
78 4.564633235614254 0.0049272549734422424 0.024024385450601336
79 4.8247944127547404 0.0054702074275370782 0.025393654803972317
80 5.0726112223758051 0.0060160869563808646 0.026697953801977922
81 5.3062343392754121 0.0065562629876703658 0.027927549154081115
82 5.5237865886262867 0.007081127315125055 0.02907256099276993
83 5.72350863100485 0.0075807692717564665 0.03012372963686763
84 5.903952728886833 0.008045915074138375 0.031073435415193858
85 6.0641740979852417 0.008468904822163845 0.031916705778869695
86 6.2038673937379736 0.0088444555493107542 0.03265193365125249
87 6.3234141486434625 0.0091700370322129257 0.033281127098123489
88 6.4238352852755618 0.0094458192587420636 0.033809659396187165
89 6.5066681053989006 0.0096742700650963402 0.034245621607362636
90 6.5738010539559433 0.0098595469725171817 0.034598952915557597
91 6.6273005877685627 0.010006832688884342 0.034880529409308227
92 6.6692567255260116 0.010121729444151358 0.035101351186979012
93 6.7016625482159133 0.010209778229447533 0.03527190814850481
94 6.7263325072636686 0.010276124695367331 0.035401750038229832
95 6.7448568694895137 0.01032532234853864 0.035499246681523759
96 6.758585661754446 0.01036124754236197 0.035571503482918133
97 6.7686339848001946 0.010387095262250347 0.035624389393685237
98 6.7759010703289588 0.010405426931074296 0.035662637212257681
99 6.7810967822376922 0.010418246642340055 0.035689983064408903
100 6.7847708188195339 0.010427088528302382 0.035709320099050181
101 6.7873414407767152 0.010433103751032298 0.035722849688298502
102 6.7891217763267662 0.010437140230213001 0.03573221987540403
103 6.7903427338258737 0.01043981171755191 0.035738645967504597
104 6.791172194725565 0.01044155513738229 0.035743011551187184
105 6.7917305971127204 0.010442676588702189 0.035745950511119583
106 6.7921032538683734 0.010443387203605855 0.03574791186246512
107 6.7923498801807138 0.010443830389433785 0.035749209895687965
108 6.7925118121085335 0.010444102120928007 0.035750062168992285
109 6.7926173191549868 0.010444265616505719 0.035750617469236773
110 6.7926855686804073 0.010444361910721123 0.035750976677265303
111 6.7927294146981252 0.010444417221957521 0.035751207445779608
112 6.7927574006256668 0.01044444803057514 0.035751354740135091
113 6.7927751546339508 0.010444464516384687 0.03575144818228395
114 6.7927863533792099 0.010444472851250476 0.035751507123048476
115 6.7927933794037578 0.010444476697510256 0.035751544102125041
116 6.7927977642929118 0.01044447821011641 0.035751567180489011
117 6.7928004876253025 0.010444478547217922 0.035751581513817382
118 6.7928021739792168 0.010444478343216495 0.035751590389364298
119 6.7928032140977486 0.010444477963611159 0.03575159586367236
120 6.7928038533805539 0.010444477551999945 0.035751599228318706
121 6.7928042450077815 0.010444477195279708 0.035751601289514642
122 6.7928044840970552 0.010444476907786451 0.035751602547879235
123 6.7928046297748716 0.010444476691543771 0.035751603314604585
124 6.7928047181978046 0.010444476532760797 0.035751603779988449
125 6.7928047718388855 0.010444476420881935 0.03575160406230992
126 6.7928048042554812 0.010444476342971968 0.035751604232923583
127 6.7928048238139294 0.010444476289829908 0.035751604335862788
128 6.7928048355798722 0.010444476254041411 0.035751604397788801
129 6.7928048426809742 0.010444476230541837 0.035751604435163023
130 6.7928048469502258 0.010444476215163406 0.035751604457632764
131 6.7928048494943827 0.010444476205083746 0.035751604471023067
132 6.7928048509861236 0.010444476198485516 0.035751604478874335
133 6.7928048509861236 0.010444476198485516 0.035751604478874335
134 6.7928048509861236 0.010444476198485516 0.035751604478874335
135 6.7928048509861236 0.010444476198485516 0.035751604478874335
136 6.7928048509861236 0.010444476198485516 0.035751604478874335
137 6.7928048509861236 0.010444476198485516 0.035751604478874335
138 6.7928048509861236 0.010444476198485516 0.035751604478874335
139 6.7928048509861236 0.010444476198485516 0.035751604478874335
140 6.7928048509861236 0.010444476198485516 0.035751604478874335
141 6.7928048509861236 0.010444476198485516 0.035751604478874335
142 6.7928048509861236 0.010444476198485516 0.035751604478874335
143 6.7928048509861236 0.010444476198485516 0.035751604478874335
144 6.7928048509861236 0.010444476198485516 0.035751604478874335
145 6.7928048509861236 0.010444476198485516 0.035751604478874335
146 6.7928048509861236 0.010444476198485516 0.035751604478874335
147 6.7928048509861236 0.010444476198485516 0.035751604478874335
148 6.7928048509861236 0.010444476198485516 0.035751604478874335
149 6.7928048509861236 0.010444476198485516 0.035751604478874335
150 6.7928048509861236 0.010444476198485516 0.035751604478874335
151 6.7928048509861236 0.010444476198485516 0.035751604478874335
152 6.7928048509861236 0.010444476198485516 0.035751604478874335
153 6.7928048509861236 0.010444476198485516 0.035751604478874335
154 6.7928048509861236 0.010444476198485516 0.035751604478874335
155 6.7928048509861236 0.010444476198485516 0.035751604478874335
156 6.7928048509861236 0.010444476198485516 0.035751604478874335
157 6.7928048509861236 0.010444476198485516 0.035751604478874335
158 6.7928048509861236 0.010444476198485516 0.035751604478874335
159 6.7928048509861236 0.010444476198485516 0.035751604478874335
160 6.7928048509861236 0.010444476198485516 0.035751604478874335
161 6.7928048509861236 0.010444476198485516 0.035751604478874335
162 6.7928048509861236 0.010444476198485516 0.035751604478874335
163 6.7928048509861236 0.010444476198485516 0.035751604478874335
164 6.7928048509861236 0.010444476198485516 0.035751604478874335
165 6.7928048509861236 0.010444476198485516 0.035751604478874335
166 6.7928048509861236 0.010444476198485516 0.035751604478874335
167 6.7928048509861236 0.010444476198485516 0.035751604478874335
168 6.7928048509861236 0.010444476198485516 0.035751604478874335
169 6.7928048509861236 0.010444476198485516 0.035751604478874335
170 6.7928048509861236 0.010444476198485516 0.035751604478874335
171 6.7928048509861236 0.010444476198485516 0.035751604478874335
172 6.7928048509861236 0.010444476198485516 0.035751604478874335
173 6.7928048509861236 0.010444476198485516 0.035751604478874335
174 6.7928048509861236 0.010444476198485516 0.035751604478874335
175 6.7928048509861236 0.010444476198485516 0.035751604478874335
176 6.7928048509861236 0.010444476198485516 0.035751604478874335
177 6.7928048509861236 0.010444476198485516 0.035751604478874335
178 6.7928048509861236 0.010444476198485516 0.035751604478874335
179 6.7928048509861236 0.010444476198485516 0.035751604478874335
180 6.7928048509861236 0.010444476198485516 0.035751604478874335
181 6.7928048509861236 0.010444476198485516 0.035751604478874335
182 6.7928048509861236 0.010444476198485516 0.035751604478874335
183 6.7928048509861236 0.010444476198485516 0.035751604478874335
184 6.7928048509861236 0.010444476198485516 0.035751604478874335
185 6.7928048509861236 0.010444476198485516 0.035751604478874335
186 6.7928048509861236 0.010444476198485516 0.035751604478874335
187 6.7928048509861236 0.010444476198485516 0.035751604478874335
188 6.7928048509861236 0.010444476198485516 0.035751604478874335
189 6.7928048509861236 0.010444476198485516 0.035751604478874335
190 6.7928048509861236 0.010444476198485516 0.035751604478874335
191 6.7928048509861236 0.010444476198485516 0.035751604478874335
192 6.7928048509861236 0.010444476198485516 0.035751604478874335
193 6.7928048509861236 0.010444476198485516 0.035751604478874335
194 6.7928048509861236 0.010444476198485516 0.035751604478874335
195 6.7928048509861236 0.010444476198485516 0.035751604478874335
196 6.7928048509861236 0.010444476198485516 0.035751604478874335
197 6.7928048509861236 0.010444476198485516 0.035751604478874335
198 6.7928048509861236 0.010444476198485516 0.035751604478874335
199 6.7928048509861236 0.010444476198485516 0.035751604478874335
200 6.7928048509861236 0.010444476198485516 0.035751604478874335
201 6.7928048509861236 0.010444476198485516 0.035751604478874335
202 6.7928048509861236 0.010444476198485516 0.035751604478874335
203 6.7928048509861236 0.010444476198485516 0.035751604478874335
204 6.7928048509861236 0.010444476198485516 0.035751604478874335
205 6.7928048509861236 0.010444476198485516 0.035751604478874335
206 6.7928048509861236 0.010444476198485516 0.035751604478874335
207 6.7928048509861236 0.010444476198485516 0.035751604478874335
208 6.7928048509861236 0.010444476198485516 0.035751604478874335
209 6.7928048509861236 0.010444476198485516 0.035751604478874335
210 6.7928048509861236 0.010444476198485516 0.035751604478874335
211 6.7928048509861236 0.010444476198485516 0.035751604478874335
212 6.7928048509861236 0.010444476198485516 0.035751604478874335
213 6.7928048509861236 0.010444476198485516 0.035751604478874335
214 6.7928048509861236 0.010444476198485516 0.035751604478874335
215 6.7928048509861236 0.010444476198485516 0.035751604478874335
216 6.7928048509861236 0.010444476198485516 0.035751604478874335
217 6.7928048509861236 0.010444476198485516 0.035751604478874335
218 6.7928048509861236 0.010444476198485516 0.035751604478874335
219 6.7928048509861236 0.010444476198485516 0.035751604478874335
220 6.7928048509861236 0.010444476198485516 0.035751604478874335
221 6.7928048509861236 0.010444476198485516 0.035751604478874335
222 6.7928048509861236 0.010444476198485516 0.035751604478874335
223 6.7928048509861236 0.010444476198485516 0.035751604478874335
224 6.7928048509861236 0.010444476198485516 0.035751604478874335
225 6.7928048509861236 0.010444476198485516 0.035751604478874335
226 6.7928048509861236 0.010444476198485516 0.035751604478874335
227 6.7928048509861236 0.010444476198485516 0.035751604478874335
228 6.7928048509861236 0.010444476198485516 0.035751604478874335
229 6.7928048509861236 0.010444476198485516 0.035751604478874335
230 6.7928048509861236 0.010444476198485516 0.035751604478874335
231 6.7928048509861236 0.010444476198485516 0.035751604478874335
232 6.7928048509861236 0.010444476198485516 0.035751604478874335
233 6.7928048509861236 0.010444476198485516 0.035751604478874335
234 6.7928048509861236 0.010444476198485516 0.035751604478874335
235 6.7928048509861236 0.010444476198485516 0.035751604478874335
236 6.7928048509861236 0.010444476198485516 0.035751604478874335
237 6.7928048509861236 0.010444476198485516 0.035751604478874335
238 6.7928048509861236 0.010444476198485516 0.035751604478874335
239 6.7928048509861236 0.010444476198485516 0.035751604478874335
240 6.7928048509861236 0.010444476198485516 0.035751604478874335
241 6.7928048509861236 0.010444476198485516 0.035751604478874335
242 6.7928048509861236 0.010444476198485516 0.035751604478874335
243 6.7928048509861236 0.010444476198485516 0.035751604478874335
244 6.7928048509861236 0.010444476198485516 0.035751604478874335
245 6.7928048509861236 0.010444476198485516 0.035751604478874335
246 6.7928048509861236 0.010444476198485516 0.035751604478874335
247 6.7928048509861236 0.010444476198485516 0.035751604478874335
248 6.7928048509861236 0.010444476198485516 0.035751604478874335
249 6.7928048509861236 0.010444476198485516 0.035751604478874335
250 6.7928048509861236 0.010444476198485516 0.035751604478874335
251 6.7928048509861236 0.010444476198485516 0.035751604478874335
252 6.7928048509861236 0.010444476198485516 0.035751604478874335
253 6.7928048509861236 0.010444476198485516 0.035751604478874335
254 6.7928048509861236 0.010444476198485516 0.035751604478874335
255 6.7928048509861236 0.010444476198485516 0.035751604478874335
256 6.7928048509861236 0.010444476198485516 0.035751604478874335
257 6.7928048509861236 0.010444476198485516 0.035751604478874335
258 6.7928048509861236 0.010444476198485516 0.035751604478874335
259 6.7928048509861236 0.010444476198485516 0.035751604478874335
260 6.7928048509861236 0.010444476198485516 0.035751604478874335
261 6.7928048509861236 0.010444476198485516 0.035751604478874335
262 6.7928048509861236 0.010444476198485516 0.035751604478874335
263 6.7928048509861236 0.010444476198485516 0.035751604478874335
264 6.7928048509861236 0.010444476198485516 0.035751604478874335
265 6.7928048509861236 0.010444476198485516 0.035751604478874335
266 6.7928048509861236 0.010444476198485516 0.035751604478874335
267 6.7928048509861236 0.010444476198485516 0.035751604478874335
268 6.7928048509861236 0.010444476198485516 0.035751604478874335
269 6.7928048509861236 0.010444476198485516 0.035751604478874335
270 6.7928048509861236 0.010444476198485516 0.035751604478874335
271 6.7928048509861236 0.010444476198485516 0.035751604478874335
272 6.7928048509861236 0.010444476198485516 0.035751604478874335
273 6.7928048509861236 0.010444476198485516 0.035751604478874335
274 6.7928048509861236 0.010444476198485516 0.035751604478874335
275 6.7928048509861236 0.010444476198485516 0.035751604478874335
276 6.7928048509861236 0.010444476198485516 0.035751604478874335
277 6.7928048509861236 0.010444476198485516 0.035751604478874335
278 6.7928048509861236 0.010444476198485516 0.035751604478874335
279 6.7928048509861236 0.010444476198485516 0.035751604478874335
280 6.7928048509861236 0.010444476198485516 0.035751604478874335
281 6.7928048509861236 0.010444476198485516 0.035751604478874335
282 6.7928048509861236 0.010444476198485516 0.035751604478874335
283 6.7928048509861236 0.010444476198485516 0.035751604478874335
284 6.7928048509861236 0.010444476198485516 0.035751604478874335
285 6.7928048509861236 0.010444476198485516 0.035751604478874335
286 6.7928048509861236 0.010444476198485516 0.035751604478874335
287 6.7928048509861236 0.010444476198485516 0.035751604478874335
288 6.7928048509861236 0.010444476198485516 0.035751604478874335
289 6.7928048509861236 0.010444476198485516 0.035751604478874335
290 6.7928048509861236 0.010444476198485516 0.035751604478874335
291 6.7928048509861236 0.010444476198485516 0.035751604478874335
292 6.7928048509861236 0.010444476198485516 0.035751604478874335
293 6.7928048509861236 0.010444476198485516 0.035751604478874335
294 6.7928048509861236 0.010444476198485516 0.035751604478874335
295 6.7928048509861236 0.010444476198485516 0.035751604478874335
296 6.7928048509861236 0.010444476198485516 0.035751604478874335
297 6.7928048509861236 0.010444476198485516 0.035751604478874335
298 6.7928048509861236 0.010444476198485516 0.035751604478874335
299 6.7928048509861236 0.010444476198485516 0.035751604478874335
300 6.2567482981452462 0.0099973045127193568 0.032930254200764453
301 5.7681363493959461 0.00953665667847595 0.030358612365241823
302 5.3224476995549894 0.0090720521108346476 0.028012882629236787
303 4.9156222329112698 0.0086105957917847597 0.025871695962690892
304 4.54400861501672 0.0081575389414515979 0.023915834815877474
305 4.2043194276917628 0.0077167007422370591 0.022127996987851384
306 3.8935921818019592 0.0072907896095060366 0.020492590430536629
307 3.6091551152407435 0.0068816507033975689 0.018995553238109177
308 3.3485969989798212 0.0064904584084435639 0.017624194731472743
309 3.1097403652206923 0.0061178671213658609 0.016367054553793118
310 2.8906176952433595 0.0057641300847897587 0.015213777343386102
311 2.6894501903503221 0.0054291934267169375 0.0141550010018438
312 2.5046288149381737 0.0051127708021451055 0.01318225692072723
313 2.3346973428574929 0.0048144027347740235 0.012287880751881541
314 2.1783371797264337 0.0045335038099088756 0.011464932524875966
315 2.0343537651006001 0.0042694001694212353 0.010707125079476843
316 1.901664375392079 0.0040213592266477366 0.010008759870484626
317 1.7792871802237449 0.0037886131227199988 0.009364669369598658
318 1.6663314137791856 0.0035703771287236038 0.0087701653356799247
319 1.5619885432913925 0.0033658639633536765 0.0082209923331125912
320 1.4655243283472921 0.0031742948057915761 0.007713285938669958
321 1.3762716765419685 0.002994907632695967 0.0072435351396945707
322 1.2936242127858868 0.0028269633979784796 0.0068085484883467729
323 1.2170304876273084 0.0026697504726441875 0.0064054236190910965
324 1.1459887573663858 0.0025225876838062713 0.0060315197756125568
325 1.0800422784987427 0.0023848262395057425 0.0056844330447302248
326 1.0187750644162776 0.0022558507726235014 0.0053619740232435662
327 0.96180805402132286 0.002135079682868113 0.0050621476527438047
328 0.90879565421294717 0.0020219649420242713 0.0047831350221734063
329 0.85942261828451016 0.0019159914889106853 0.0045232769383395273
330 0.8134012253006031 0.0018166763128397042 0.0042810590805294904
331 0.77046873067898736 0.0017235673120328564 0.0040550985825209863
332 0.73038506202629228 0.0016362419957683975 0.0038441319054015382
333 0.69293073614862455 0.001554306085384542 0.0036470038744664448
334 0.65790497455205055 0.0014773920549865189 0.0034626577608002662
335 0.62512399840627364 0.0014051576486784091 0.0032901263074014402
336 0.59441948589989857 0.0013372843995752871 0.0031285236099994661
337 0.56563717640444455 0.0012734761724217023 0.0029770377705497083
338 0.53863560510277153 0.0012134577426181721 0.0028349242373830082
339 0.51328495840044219 0.0011569734258905402 0.002701499781054959
340 0.48946603624248364 0.0011037857643185244 0.002576137032855177
341 0.46706931195556062 0.0010536742753376287 0.002458259536608214
342 0.445994079649774 0.0010064342641882677 0.0023473372613145999
343 0.42614768165321448 0.000961875706449566 0.0022428825350169182
344 0.40744480707871872 0.00091982219418275976 0.002144446353045888
345 0.38980685513555718 0.0008801099478894604 0.0020516150270292483
346 0.37316135814631635 0.00084258689626287976 0.0019640071481385069
347 0.35744145590743776 0.00080711181220865505 0.0018812708205654619
348 0.34258541989133828 0.0007735535142618697 0.0018030811573228331
349 0.32853621872079813 0.00074179011805795749 0.0017291379932673585
350 0.31524112506142637 0.00071170834760496296 0.0016591638161127704
351 0.30265135637679469 0.00068320289215975812 0.0015929018756673404
352 0.29072174825594366 0.00065617581170532421 0.0015301144645049666
353 0.27941045764784134 0.00063053598876520989 0.0014705813560412701
354 0.26867869142325868 0.00060619861872091962 0.0014140983759118877
355 0.25849045913090102 0.0005830847395211663 0.0013604761006889526
356 0.24881234821723658 0.00056112079900183119 0.0013095386748275609
357 0.23961333910083565 0.00054023831435182535 0.0012611228373728192
358 0.23086452991697934 0.00052037324915506352 0.0012150764732472596
359 0.22253909957790277 0.00050146606186102249 0.0011712584188310672
360 0.21461205812580625 0.00048346112225676957 0.0011295371480305593
361 0.20706012749963046 0.00046630649062621364 0.0010897901447348972
362 0.19986162514500666 0.00044995369189354176 0.0010519032902368771
363 0.19299627993727558 0.00043435728865797975 0.0010157698944067135
364 0.18644521969361677 0.00041947492810053509 0.00098129062996640403
365 0.18019080305497373 0.00040526694213787259 0.00094837264765775648
366 0.17421654361762598 0.00039169620028754103 0.00091692917693487357
367 0.1685070252344775 0.00037872793154764326 0.00088687908018146046
368 0.16304782282098157 0.00036632955522034955 0.00085814643589990304
369 0.15782543065066373 0.0003544705285667068 0.00083066016131928279
370 0.15282719629505614 0.00034312220493901109 0.00080435366471082181
371 0.14804125919977906 0.00033225770165300265 0.00077916452210410035
372 0.14345649498581023 0.00032185177930646263 0.00075503418413584331
373 0.1390624630822028 0.00031188072824497144 0.0007319077004326463
374 0.13484935983537419 0.00030232226633484941 0.00070973347281775884
375 0.130807973373117 0.00029315544025282564 0.00068846301775324738
376 0.12692964380825661 0.00028436053808645446 0.00066805075688556106
377 0.12320622515023459 0.00027591900569533836 0.00064845381658018206
378 0.11963005091564666 0.00026781337067976942 0.00062963184692445609
379 0.11619390714113535 0.00026002718406330602 0.00061154687969018607
380 0.11289098063149719 0.00025254490009813231 0.00059416305595524834
381 0.10971486538526939 0.00024535189870694468 0.00057744665992247052
382 0.10665951842745376 0.00023843438217085864 0.00056136588646028298
383 0.10371922348100357 0.00023177929279356244 0.00054589064990001883
384 0.10088859756400821 0.00022537433170853393 0.00053099261875793799
385 0.098162551237351431 0.00021920786696626006 0.00051664500651237596
386 0.095536274600335161 0.00021326890271300858 0.00050282249789650082
387 0.093005219656834448 0.00020754703970407665 0.00048950115608860237
388 0.090565084113793284 0.00020203243866269926 0.00047665833744101727
389 0.088211796034285625 0.00019671578575087786 0.00046427261070676646
390 0.08594149984419977 0.00019158826080965656 0.00045232368339052513
391 0.083750542984476498 0.00018664150737465315 0.00044079233149724471
392 0.081635463806936578 0.00018186760502805386 0.00042966033582598199
393 0.079592979930855443 0.00017725904320392666 0.00041891042068871285
394 0.07761997783070064 0.0001728086974003507 0.00040852619910895072
395 0.075713504737651469 0.00016850981037579268 0.00039849213019816564
396 0.073870750748792818 0.00016435595342531754 0.00038879342499364641
397 0.072089053462532623 0.0001603410339064425 0.00037941607085543484
398 0.070365880783303386 0.00015645925811907284 0.00037034674096475469
399 0.068698825697542029 0.00015270511879802645 0.00036157276682916858
400 0.067085600628720418 0.00014907338178815041 0.00035308210857221275
401 0.065524024340098214 0.00014555905844629738 0.00034486328600051694
402 0.064012032898506072 0.00014215739841599837 0.00033690543630792672
403 0.062547637682680207 0.00013886391157019929 0.00032919809306673791
404 0.061128972843546861 0.00013567427599824321 0.00032173143601866769
405 0.059754233754109203 0.00013258441678523476 0.00031449596712689054
406 0.0584217197213798 0.0001295904194909108 0.00030748273537568318
407 0.057129807623779651 0.00012668855266414832 0.0003006831980198929
408 0.055876933143686768 0.00012387528384360925 0.00029408912180887775
409 0.054661624164387197 0.00012114720853724018 0.00028769275875993263
410 0.053482456024640822 0.00011850110961755818 0.00028148661065600434
411 0.052338086286256538 0.0001159338847221058 0.00027546361203292915
412 0.051227219443488778 0.00011344259297371172 0.00026961694443941462
413 0.050148620854034112 0.00011102441986432216 0.00026394010975807426
414 0.049101112447610215 0.00010867666986590163 0.00025842690761900114
415 0.048083566323463327 0.00010639676898116783 0.00025307140170243857
416 0.047094901441283282 0.00010418225899952681 0.00024786790232254359
417 0.04613409075936422 0.00010203077563862175 0.00024281100399665379
418 0.04520014256125901 9.9940072269538575e-05 0.00023789548716452111
419 0.044292109504221237 9.7907992298905598e-05 0.00023311636581169074
420 0.043409087478472587 9.5932466405324304e-05 0.00022846888146564519
421 0.042550208260097713 9.4011515479141012e-05 0.00022394846452683008
422 0.04171464164881402 9.2143239102257906e-05 0.00021955074552007379
423 0.040901586013021109 9.0325827971585024e-05 0.00021527150533169005
424 0.040110278386268024 8.8557535470251689e-05 0.00021110672834877907
425 0.039339986516289831 8.6836687009631387e-05 0.00020705256061205173
426 0.038590003129054348 8.5161686615826051e-05 0.00020310527962660182
427 0.037859654072918462 8.3530992550020738e-05 0.00019926133722588665
428 0.037148291798906628 8.1943125398462947e-05 0.00019551732525740332
429 0.036455290681283253 8.0396673769222266e-05 0.00019186995095412239
430 0.035780054606218727 7.889027059969826e-05 0.00018831607687483541
431 0.035122007306695832 7.7422611187957725e-05 0.00018485267003524121
432 0.034480595091545843 7.5992441476680612e-05 0.00018147681627129391
433 0.033855288529531041 7.4598548820867908e-05 0.00017818572910279496
434 0.033245575692705955 7.323977480329251e-05 0.0001749767141721366
435 0.032650964361215298 7.1915005186925574e-05 0.00017184718084850158
436 0.032070983190515795 7.0623161741240184e-05 0.00016879464837113578
437 0.03150517569962253 6.936321549592611e-05 0.00016581671420853964
438 0.030953105165214784 6.8134168240203773e-05 0.0001629110798169199
439 0.030414349071990601 6.693506572806368e-05 0.00016007552143152949
440 0.029888501417600969 6.5764984918321613e-05 0.00015730790219789983
441 0.029375170765696061 6.462303982171306e-05 0.00015460616192471612
442 0.028873979764700877 6.3508375897120291e-05 0.00015196831455105726
443 0.028384565970254221 6.242016709101232e-05 0.00014939245247502222
444 0.027906578223689853 6.1357622595448479e-05 0.00014687672749310449
445 0.027439679658189272 6.0319974517452083e-05 0.00014441936662204879
446 0.026983544185042348 5.9306486627090807e-05 0.00014201865360548605
447 0.026537857537174997 5.8316447874975051e-05 0.00013967293440618418
448 0.026102316625674755 5.7349171565408631e-05 0.00013738061381934083
449 0.025676628912366741 5.6403995615918107e-05 0.00013514015217035128
450 0.025260512021770501 5.5480281060382159e-05 0.00013295006327247632
451 0.024853693369604874 5.457741088285428e-05 0.00013080891247160459
452 0.024455909613451534 5.3694790493813993e-05 0.00012871531375500806
453 0.024066906483925878 5.2831844555594103e-05 0.00012666792886276777
454 0.023686438316754783 5.198801780851406e-05 0.00012466546482502516
455 0.023314267731243527 5.1162773853705883e-05 0.00012270667226970278
456 0.022950165307461204 5.0355594395547425e-05 0.00012079034372348002
457 0.022593909274384767 4.9565978545135937e-05 0.00011891531197044615
458 0.022245285212071433 4.8793442135996711e-05 0.00011708044848458649
459 0.021904085795183367 4.8037516808867451e-05 0.00011528466207991246
460 0.021570110417562113 4.7297750571445502e-05 0.00011352689693453744
461 0.021243165068574561 4.6573705290084178e-05 0.0001118061319398661
462 0.020923062013989611 4.5864957500493477e-05 0.00011012137902099795
463 0.020609619565694404 4.517109748380568e-05 0.00010847168192470739
464 0.020302661861258686 4.4491728515040487e-05 0.00010685611505925624
465 0.020002018631726265 4.3826467319006798e-05 0.0001052737822722435
466 0.019707525006977977 4.3174942086589963e-05 0.00010372381582619989
467 0.019419021316102705 4.2536793103208393e-05 0.00010220537534790898
468 0.019136352894642432 4.1911671822214809e-05 0.00010071764681390753
469 0.018859369895312214 4.1299241232562299e-05 9.9259841554274813e-05
470 0.018587927114200299 4.0699174215540775e-05 9.7831195337896309e-05
471 0.018321883830550837 4.0111154055710947e-05 9.6430967529214932e-05
472 0.018061103636400889 3.9534873656692046e-05 9.505844019158362e-05
473 0.017805454296574041 3.8970035869994483e-05 9.3712917350389688e-05
474 0.017554807573131638 3.8416352095169114e-05 9.2393724069113879e-05
475 0.017309039108713557 3.7873542569523809e-05 9.1100205835334514e-05
476 0.017068028281995683 3.7341336425864862e-05 8.9831727799977282e-05
477 0.01683165806682203 3.681947048565334e-05 8.8587674035905416e-05
478 0.016599814922677002 3.6307689504077724e-05 8.7367446961457909e-05
479 0.016372388666165964 3.5805746213584285e-05 8.6170466664031389e-05
480 0.016149272347593887 3.531340026934697e-05 8.4996170250494147e-05
481 0.015930362151902046 3.4830418456533717e-05 8.3844011325800248e-05
482 0.015715557292929578 3.4356574737062244e-05 8.2713459436471458e-05
483 0.015504759891459028 3.3891649306471882e-05 8.160399942873172e-05
484 0.015297874891794823 3.343542877849558e-05 8.0515131009446439e-05
485 0.015094809980323679 3.2987706241735647e-05 7.9446368317493053e-05
486 0.014895475458098422 3.2548280317403852e-05 7.8397239253149588e-05
487 0.014699784180286175 3.2116955772972223e-05 7.7367285159400927e-05
488 0.014507651459726142 3.1693542641428898e-05 7.6356060314348119e-05
489 0.014318994989058609 3.1277856365210792e-05 7.5363131521361107e-05
490 0.0141337347818749 3.0869717846486577e-05 7.4388077799341574e-05
491 0.013951793051872021 3.0468952654021496e-05 7.3430489746694852e-05
492 0.013773094189305583 3.007539156557127e-05 7.24899694173978e-05
493 0.013597564650465532 2.9688869732371518e-05 7.1566129739292266e-05
494 0.01342513292514484 2.9309227174954284e-05 7.0658594342867578e-05
495 0.013255729441005394 2.8936308013454571e-05 6.9766997057923132e-05
496 0.013089286530396899 2.856996092555322e-05 6.8890981738931048e-05
497 0.012925738340788539 2.8210038430241258e-05 6.8030201793623895e-05
498 0.012765020808249454 2.7856397319358125e-05 6.7184320043418171e-05
499 0.012607071566912747 2.7508897981837186e-05 6.6353008246909198e-05
500 0.012451829939062698 2.7167404775104638e-05 6.5535947047698417e-05
501 0.012299236828507308 2.6831785622537261e-05 6.4732825413196359e-05
502 0.012149234714360432 2.6501911839403431e-05 6.3943340601897009e-05
503 0.012001767593210864 2.6177658307470131e-05 6.3167197859004544e-05
504 0.011856780917668387 2.5858903139799297e-05 6.2404110092991507e-05
505 0.011714221558767236 2.5545527679828384e-05 6.1653797677722297e-05
506 0.011574037771815229 2.5237416272804325e-05 6.0915988272711729e-05
507 0.011436179151533079 2.4934456421300943e-05 6.0190416587016204e-05
508 0.011300596575595236 2.4636538380303574e-05 5.9476824082080188e-05
509 0.011167242194846546 2.4343555363534024e-05 5.8774958920244977e-05
510 0.011036069369163116 2.4055403302646951e-05 5.8084575627174292e-05
511 0.010907032631932368 2.3771980681099075e-05 5.7405434904907202e-05
512 0.010780087681539069 2.34931886847155e-05 5.6737303587047729e-05
513 0.010655191319756192 2.3218930952280797e-05 5.6079954314506273e-05
514 0.010532301430326215 2.2949113553007051e-05 5.5433165422769554e-05
515 0.010411376951075942 2.2683644943596243e-05 5.4796720795136538e-05
516 0.010292377821709265 2.2422435771666784e-05 5.4170409587943502e-05
517 0.010175264994551273 2.2165399015670127e-05 5.3554026287111962e-05
518 0.010060000366643361 2.191244977888432e-05 5.2947370350754533e-05
519 0.0099465467636185231 2.1663505188713713e-05 5.2350246124308019e-05
520 0.009834867933844001 2.1418484499203646e-05 5.176246280970527e-05
521 0.0097249284949566025 2.1177308897779768e-05 5.1183834183982118e-05
522 0.00961669391655578 2.0939901484092897e-05 5.0614178508188313e-05
523 0.009510130498317549 2.0706187219708091e-05 5.0053318412197626e-05
524 0.0094052053502978617 2.0476092882252523e-05 4.9501080791041377e-05
525 0.00930188636669637 2.0249547022001029e-05 4.8957296666822997e-05
526 0.0092001422044717118 2.0026479855142195e-05 4.8421801076166904e-05
527 0.0090999422671429169 1.9806823313449588e-05 4.7894432984962723e-05
528 0.0090012566758550273 1.9590510922939882e-05 4.7375035136079091e-05
529 0.0089040562500996567 1.9377477787286183e-05 4.6863453947892929e-05
530 0.0088083124865107731 1.9167660491291002e-05 4.6359539402688281e-05
531 0.0087139975560322786 1.8960997163508732e-05 4.5863145031748836e-05
532 0.0086210842684240896 1.8757427352292629e-05 4.5374127728547841e-05
533 0.008529546061054093 1.8556892010925122e-05 4.4892347689758383e-05
534 0.0084393569823638485 1.8359333460214026e-05 4.4417668328230782e-05
535 0.0083504916753667051 1.8164695351341761e-05 4.3949956186140556e-05
536 0.0082629253611491548 1.7972922628898062e-05 4.3489080848153445e-05
537 0.0081766338226810925 1.7783961494671552e-05 4.3034914856216277e-05
538 0.0080915933894012606 1.7597759373083658e-05 4.2587333628427684e-05
539 0.0080077809229125423 1.7414264878907741e-05 4.2146215383750222e-05
540 0.0079251738036861842 1.7233427787080237e-05 4.171144107203255e-05
541 0.0078437499182292935 1.7055199003556186e-05 4.1282894306469965e-05
542 0.0077634876461261416 1.6879530536067957e-05 4.0860461295400748e-05
543 0.0076843658467944977 1.670637546447045e-05 4.044403077260262e-05
544 0.007606363846319698 1.653568791136002e-05 4.0033493927998411e-05
545 0.0075294614249027747 1.6367423013995625e-05 3.962874434159355e-05
546 0.0074536388051989729 1.6201536898055534e-05 3.9229677922099858e-05
547 0.0073788766413995692 1.6037986652946857e-05 3.8836192849471417e-05
548 0.0073051560087014243 1.5876730307978864e-05 3.8448189519481179e-05
549 0.0072324583930290041 1.5717726809135085e-05 3.806557048962634e-05
550 0.0071607656782805146 1.5560935994975974e-05 3.7688240412002706e-05
551 0.0070900601340391257 1.5406318554212093e-05 3.731610596862698e-05
552 0.0070203244178068643 1.5253836050490655e-05 3.6949075883194024e-05
553 0.0069515415545469573 1.5103450864029773e-05 3.6587060813405039e-05
554 0.0068836949214514699 1.4955126166249621e-05 3.6229973270797209e-05
555 0.0068168094556786659 1.4808906311297466e-05 3.5877944503571927e-05
556 0.0067508269236262698 1.4664673529805842e-05 3.5530668019085632e-05
557 0.0066857317676119223 1.4522393352826866e-05 3.518806193479959e-05
558 0.0066215087554650446 1.4382032037376963e-05 3.4850046081394973e-05
559 0.0065581429718602558 1.4243556547026235e-05 3.4516541957159244e-05
560 0.0064956198112317461 1.4106934535958888e-05 3.4187472690693401e-05
561 0.0064339249700365265 1.3972134331625899e-05 3.3862763000192245e-05
562 0.0063730444394139978 1.3839124918279323e-05 3.3542339154810517e-05
563 0.0063129644980870281 1.3707875921048336e-05 3.3226128937300151e-05
564 0.0062536717054231484 1.3578357590379832e-05 3.2914061607490252e-05
565 0.0061951528946963654 1.3450540786930341e-05 3.2606067866822973e-05
566 0.0061373951665352981 1.3324396966878488e-05 3.2302079823869991e-05
567 0.0060803858825499687 1.3199898167640217e-05 3.2002030960789308e-05
568 0.0060241126591328497 1.3077016993976857e-05 3.1705856100699211e-05
569 0.0059685633614287754 1.2955726604484039e-05 3.1413491375940925e-05
570 0.0059137260974683626 1.2836000698448737e-05 3.1124874197201907e-05
571 0.0058595892124601564 1.2717813503064576e-05 3.0839943223474505e-05
572 0.0058061412832364516 1.2601139760992781e-05 3.0558638332823429e-05
573 0.0057533711128482786 1.2485954718259358e-05 3.028090059393831e-05
574 0.0057012677253050143 1.2372234112478262e-05 3.0006672238447444e-05
575 0.0056498203604541915 1.2259954161389919e-05 2.9735896633969429e-05
576 0.0055990184689973773 1.2149091551706195e-05 2.9468518257880933e-05
577 0.0055488517076380198 1.2039623428252654e-05 2.9204482671779051e-05
578 0.0054993099343573206 1.1931527383398625e-05 2.8943736496617477e-05
579 0.0054503832038143157 1.1824781446767086e-05 2.8686227388496398e-05
580 0.0054020617628665482 1.1719364075215772e-05 2.8431904015087096e-05
581 0.0053543360462076743 1.1615254143081239e-05 2.8180716032671972e-05
582 0.0053071966721186664 1.1512430932678619e-05 2.7932614063782454e-05
583 0.0052606344383292038 1.1410874125049036e-05 2.7687549675416862e-05
584 0.0052146403179860528 1.1310563790947654e-05 2.7445475357821332e-05
585 0.0051692054557253694 1.1211480382065349e-05 2.7206344503817732e-05
586 0.0051243211638458208 1.1113604722476997e-05 2.6970111388662214e-05
587 0.0050799789185796713 1.1016918000309953e-05 2.6736731150419322e-05
588 0.0050361703564590276 1.0921401759626406e-05 2.6506159770836989e-05
589 0.0049928872707743705 1.0827037892512785e-05 2.6278354056707212e-05
590 0.0049501216081229652 1.0733808631371597e-05 2.6053271621699816e-05
591 0.0049078654650443415 1.0641696541408297e-05 2.583087086865443e-05
592 0.0048661110847405186 1.0550684513308807e-05 2.5611110972318519e-05
593 0.0048248508538785437 1.0460755756101745e-05 2.5393951862518651e-05
594 0.0047840772994729415 1.0371893790199958e-05 2.5179354207752322e-05
595 0.0047437830858459403 1.0284082440616788e-05 2.4967279399189159e-05
596 0.0047039610116631969 1.019730583035173e-05 2.4757689535069458e-05
597 0.0046646040070429462 1.0111548373940775e-05 2.455054740548919e-05
598 0.0046257051307365283 1.0026794771167024e-05 2.4345816477560676e-05
599 0.0045872575673782745 9.9430300009267336e-06 2.4143460880938288e-05
600 0.0045492546248028795 9.8602393152468631e-06 2.3943445393699367e-05
601 0.004511689731428346 9.7784082334495966e-06 2.3745735428570243e-05
602 0.0044745564337027406 9.6975225364600163e-06 2.3550297019488109e-05
603 0.0044378483936129386 9.6175682612526064e-06 2.3357096808489149e-05
604 0.0044015593862537601 9.5385316954333028e-06 2.3166102032914525e-05
605 0.0043656832974557427 9.4603993719527897e-06 2.2977280512924962e-05
606 0.0043302141214700499 9.3831580639480317e-06 2.2790600639316052e-05
607 0.0042951459587088877 9.3067947797079927e-06 2.2606031361625726e-05
608 0.0042604730135399728 9.2312967577604891e-06 2.2423542176526174e-05
609 0.0042261895921335843 9.1566514620768532e-06 2.2243103116492548e-05
610 0.0041922901003607913 9.0828465773912585e-06 2.2064684738741007e-05
611 0.0041587690417414832 9.0098700046315062e-06 2.1888258114428859e-05
612 0.0041256210154408338 8.9377098564581425e-06 2.1713794818109651e-05
613 0.0040928407143129989 8.8663544529095887e-06 2.1541266917436835e-05
614 0.0040604229229906866 8.7957923171496077e-06 2.1370646963108876e-05
615 0.004028362516019483 8.7260121713153209e-06 2.120190797904991e-05
616 0.0039966544560356672 8.6570029324620992e-06 2.1035023452819301e-05
617 0.0039652937919864599 8.5887537086038431e-06 2.0869967326244526e-05
618 0.0039342756573914886 8.5212537948450644e-06 2.0706713986270993e-05
619 0.0039035952686444922 8.4544926696032498e-06 2.0545238256023642e-05
620 0.0038732479233541651 8.3884599909186531e-06 2.0385515386074552e-05
621 0.0038432289987231035 8.3231455928492185e-06 2.0227521045911073e-05
622 0.0038135339499639344 8.2585394819488456e-06 2.0071231315599655e-05
623 0.0037841583087515926 8.1946318338262087e-06 1.991662267763996e-05
624 0.0037550976817108546 8.1314129897825384e-06 1.9763672009004498e-05
625 0.0037263477489382474 8.068873453526232e-06 1.9612356573359196e-05
626 0.0036979042625573692 8.0070038879620397e-06 1.9462654013459838e-05
627 0.0036697630453068632 7.9457951120532388e-06 1.9314542343720333e-05
628 0.0036419199891601687 7.885238097754896e-06 1.9167999942948255e-05
629 0.0036143710539762023 7.8253239670159933e-06 1.902300554724317e-05
630 0.0035871122661803026 7.7660439888494332e-06 1.8879538243054226e-05
631 0.0035601397174745424 7.7073895764673881e-06 1.873757746039233e-05
632 0.0035334495635767475 7.6493522844808336e-06 1.8597102966193407e-05
633 0.0035070380229874879 7.5919238061615447e-06 1.8458094857828883e-05
634 0.0034809013757843539 7.5350959707650296e-06 1.8320533556759759e-05
635 0.0034550359624427613 7.4788607409125094e-06 1.8184399802330322e-05
636 0.0034294381826827751 7.4232102100312224e-06 1.8049674645698816e-05
637 0.0034041044943411243 7.3681365998506872e-06 1.7916339443900653e-05
638 0.0033790314122679379 7.3136322579542683e-06 1.7784375854041779e-05
639 0.0033542155072475194 7.2596896553843585e-06 1.7653765827618523e-05
640 0.0033296534049425479 7.2063013842997369e-06 1.752449160496078e-05
641 0.0033053417848612123 7.153460155684128e-06 1.7396535709795854e-05
642 0.0032812773793466378 7.1011587971045376e-06 1.7269880943929672e-05
643 0.0032574569725880901 7.0493902505178944e-06 1.7144510382042578e-05
644 0.0032338773996534692 6.9981475701255476e-06 1.7020407366597208e-05
645 0.0032105355455424862 6.9474239202735282e-06 1.6897555502855189e-05
646 0.0031874283442601056 6.897212573398083e-06 1.6775938654000556e-05
647 0.003164552777909742 6.8475069080153738e-06 1.6655540936367062e-05
648 0.0031419058758056996 6.7983004067538117e-06 1.653634671476684e-05
649 0.0031194847136044343 6.7495866544285061e-06 1.6418340597918075e-05
650 0.0030972864124542004 6.7013593361566246e-06 1.6301507433969476e-05
651 0.003075308138162574 6.6536122355125673e-06 1.6185832306118809e-05
652 0.003053547100381505 6.6063392327221419e-06 1.6071300528323709e-05
653 0.0030320005518094449 6.5595343028948519e-06 1.5957897641102341e-05
654 0.0030106657874101406 6.5131915142931794e-06 1.5845609407421791e-05
655 0.0029895401436477254 6.4673050266383072e-06 1.5734421808672238e-05
656 0.0029686209977377101 6.4218690894510979e-06 1.5624321040724791e-05
657 0.0029479057669134744 6.3768780404275795e-06 1.5515293510070916e-05
658 0.002927391907707984 6.332326303848504e-06 1.5407325830042021e-05
659 0.002907076915250246 6.2882083890213927e-06 1.5300404817106559e-05
660 0.0028869583225762901 6.2445188887552341e-06 1.5194517487243632e-05
661 0.0028670336999542397 6.2012524778662747e-06 1.5089651052390736e-05
662 0.0028473006542232148 6.1584039117146939e-06 1.4985792916964288e-05
663 0.0028277568281457051 6.1159680247712604e-06 1.488293067445108e-05
664 0.0028083998997731193 6.0739397292132236e-06 1.478105210406905e-05
665 0.0027892275818242125 6.0323140135488915e-06 1.4680145167495856e-05
666 0.0027702376210760895 5.9910859412701822e-06 1.4580198005663629e-05
667 0.0027514277977674947 5.9502506495324479e-06 1.4481198935618393e-05
668 0.002732795925014111 5.9098033478610167e-06 1.4383136447442689e-05
669 0.0027143398482356151 5.8697393168839075e-06 1.4285999201240079e-05
670 0.0026960574445941761 5.8300539070899101e-06 1.4189776024179874e-05
671 0.0026779466224441779 5.7907425376116212e-06 1.4094455907600937e-05
672 0.0026600053207929252 5.7518006950330015e-06 1.400002800417329e-05
673 0.0026422315087720211 5.7132239322204511e-06 1.3906481625115902e-05
674 0.002624623185119248 5.6750078671773566e-06 1.3813806237469727e-05
675 0.0026071783776706763 5.6371481819213279e-06 1.3721991461424612e-05
676 0.0025898951428627993 5.5996406213837224e-06 1.3631027067698943e-05
677 0.0025727715652444226 5.5624809923307606e-06 1.3540902974970645e-05
678 0.0025558057569981651 5.5256651623060702e-06 1.3451609247358764e-05
679 0.0025389958574712759 5.4891890585938478e-06 1.3363136091954084e-05
680 0.0025223400327156632 5.4530486672025677e-06 1.3275473856398228e-05
681 0.0025058364750367994 5.4172400318682889e-06 1.318861302650947e-05
682 0.002489483402551449 5.3817592530775986e-06 1.3102544223954995e-05
683 0.002473279058753912 5.3466024871094756e-06 1.3017258203967958e-05
684 0.0024572217120906689 5.3117659450957276e-06 1.2932745853108783e-05
685 0.0024413096555432052 5.2772458920996899e-06 1.2848998187069501e-05
686 0.0024255412062188651 5.2430386462126445e-06 1.2766006348520343e-05
687 0.0024099147049495232 5.2091405776676228e-06 1.2683761604997491e-05
688 0.0023944285158979516 5.1755481079702457e-06 1.2602255346831325e-05
689 0.0023790810261716784 5.1422577090462655e-06 1.2521479085114097e-05
690 0.0023638706454441952 5.1092659024053287e-06 1.244142444970629e-05
691 0.0023487958055833529 5.0765692583206891e-06 1.2362083187280806e-05
692 0.0023338549602867856 5.0441643950245399e-06 1.2283447159404135e-05
693 0.0023190465847242165 5.0120479779185694e-06 1.220550834065377e-05
694 0.0023043691751865069 4.9802167187995034e-06 1.212825881677109e-05
695 0.0022898212487412958 4.9486673750992372e-06 1.2051690782848925e-05
696 0.0022754013428950832 4.9173967491392493e-06 1.197579654155307e-05
697 0.0022611080152616391 4.8864016873990239e-06 1.1900568501377048e-05
698 0.0022469398432365863 4.855679079798171e-06 1.1825999174929402e-05
699 0.0022328954236780644 4.8252258589920784e-06 1.1752081177252971e-05
700 0.0022189733725932665 4.7950389996804423e-06 1.1678807224175087e-05
