index sum SD mean
25 0.0 0.0 0.0
26 0.0 0.0 0.0
27 0.0 0.0 0.0
28 0.0 0.0 0.0
29 0.0 0.0 0.0
30 0.0 0.0 0.0
31 0.0 0.0 0.0
32 0.0 0.0 0.0
33 0.0 0.0 0.0
34 0.0 0.0 0.0
35 0.0 0.0 0.0
36 0.0 0.0 0.0
37 0.0 0.0 0.0
38 0.0 0.0 0.0
39 0.0 0.0 0.0
40 0.0 0.0 0.0
41 0.0 0.0 0.0
42 0.0 0.0 0.0
43 0.0 0.0 0.0
44 0.0 0.0 0.0
45 0.0 0.0 0.0
46 0.0 0.0 0.0
47 0.0 0.0 0.0
48 0.0 0.0 0.0
49 0.0 0.0 0.0
50 0.0 0.0 0.0
51 0.0 0.0 0.0
52 0.0 0.0 0.0
53 0.0 0.0 0.0
54 0.0 0.0 0.0
55 0.0 0.0 0.0
56 0.0 0.0 0.0
57 0.0 0.0 0.0
58 0.0 0.0 0.0
59 0.0 0.0 0.0
60 0.069840490363870231 1.7884584293169339e-06 0.00021423463301800685
61 0.24051039547508418 1.2367875852332499e-05 0.00073776194931007421
62 0.48114016792362757 3.9531325700635588e-05 0.0014758900856552994
63 0.77770391841501807 9.0355874549579685e-05 0.0023855948417638591
64 1.1200971324043794 0.00017069086573693508 0.0034358807742465624
65 1.5000105240437036 0.00028493655177655892 0.0046012592762076799
66 1.9101911705649408 0.00043607753931997978 0.0058594821182973642
67 2.3441179800743801 0.00062584894146631423 0.0071905459511484053
68 2.7958395773411966 0.00085491428557747575 0.0085761950225190075
69 3.2598862935889081 0.0011230000780393322 0.0099996512073279396
70 3.7312206350494983 0.0014289860748970529 0.011445462070703983
71 4.2052099794650539 0.0017709722448310953 0.012899417114923479
72 4.677612402363704 0.0021463429609289626 0.014348504301729154
73 5.1445692454857559 0.0025518393923050181 0.015780887256091277
74 5.6025989670060152 0.0029836401897634429 0.017185886401858943
75 6.0485865878407106 0.0034374415901891023 0.018553946588468439
76 6.4797624059150829 0.003908522051797367 0.019876571797285532
77 6.893664518905366 0.0043917755577735631 0.021146210180691308
78 7.2880846109208814 0.0048817060296362054 0.022356087763560985
79 7.6610062711087004 0.0053723958924192126 0.023500019236529755
80 8.010556616178663 0.0058574904990999748 0.024572259558830255
81 8.3349979896834832 0.0063302622539301266 0.025567478495961606
82 8.6327801755697031 0.0067838151462308116 0.026480920783956145
83 8.9026538681194385 0.0072114518595712725 0.027308754196685395
84 9.1438208996357115 0.0076071625360880479 0.028048530366980712
85 9.356078588692565 0.007966136198751219 0.028699627572676578
86 9.5399135875551906 0.0082851727715348104 0.029263538612132486
87 9.6965158594117309 0.0085628984934335729 0.02974391367917709
88 9.8277076665717775 0.0087997459660394683 0.030146342535496251
89 9.9358041341681798 0.0089977230853578102 0.030477926791926933
90 10.023436390944219 0.0091600410698085104 0.030746737395534414
91 10.09336871932104 0.0092906851557224609 0.030961253740248589
92 10.148335707377337 0.0093940018202945466 0.031129864133059314
93 10.190914918398599 0.009474352520023455 0.031260475209811657
94 10.223440561910865 0.0095358572017922635 0.031360247122425966
95 10.247955716420599 0.0095822289450604066 0.031435446982885272
96 10.266197066709726 0.0096166892608112158 0.031491402045121859
97 10.279603300575404 0.0096419451458828222 0.031532525461887742
98 10.289339316357296 0.0096602096221139015 0.031562390540973304
99 10.296329103033218 0.0096732487882605876 0.031583831604396373
100 10.301291825726119 0.0096824416880092763 0.031599054680141472
101 10.304777694941908 0.0096888444018424589 0.031609747530496647
102 10.307200870389641 0.0096932510130886846 0.031617180584017301
103 10.30886845413038 0.0096962486788124917 0.031622295871565585
104 10.310004876052924 0.009698264549797447 0.031625781828383201
105 10.310772158726477 0.0096996052055421996 0.031628135456216191
106 10.311285478300373 0.0097004868531808917 0.031629710056136115
107 10.311625895336686 0.0097010602961896952 0.031630754280173881
108 10.311849747391154 0.0097014292097319012 0.03163144094291765
109 10.311995751012686 0.0097016639532538571 0.031631888806787384
110 10.312090248445488 0.0097018117107332165 0.031632178676213152
111 10.312150949680699 0.0097019036819229829 0.031632364876321165
112 10.31218966494427 0.0097019602882796752 0.031632483634798376
113 10.312214189457084 0.009701994723123367 0.031632558863365287
114 10.31222962707888 0.0097020154265487473 0.031632606218033377
115 10.312239285443628 0.009702027718419012 0.031632635844919106
116 10.312245294346502 0.0097020349216475066 0.031632654277136511
117 10.312249008706122 0.0097020391046554119 0.03163266567087767
118 10.312251297426068 0.009702041471787045 0.031632672691491004
119 10.312252701236057 0.0097020427945192084 0.031632676997656616
120 10.312253558986079 0.0097020435110671405 0.031632679628791655
121 10.312254080867392 0.0097020438901596253 0.031632681229654576
122 10.312254397181409 0.0097020440824956075 0.031632682199942974
123 10.31225458827724 0.0097020441739869116 0.031632682786126499
124 10.312254703330161 0.0097020442133782542 0.031632683139049572
125 10.312254772424074 0.0097020442274861843 0.03163268335099409
126 10.31225481380587 0.009702044229754514 0.031632683477932119
127 10.312254838567563 0.0097020442275514741 0.031632683553888229
128 10.312254853362871 0.0097020442240562093 0.031632683599272612
129 10.312254862202108 0.0097020442207174061 0.031632683626386833
130 10.312254867469186 0.0097020442179234518 0.031632683642543513
131 10.312254870595108 0.0097020442156967486 0.031632683652132232
132 10.312254870595108 0.0097020442156967486 0.031632683652132232
133 10.312254870595108 0.0097020442156967486 0.031632683652132232
134 10.312254870595108 0.0097020442156967486 0.031632683652132232
135 10.312254870595108 0.0097020442156967486 0.031632683652132232
136 10.312254870595108 0.0097020442156967486 0.031632683652132232
137 10.312254870595108 0.0097020442156967486 0.031632683652132232
138 10.312254870595108 0.0097020442156967486 0.031632683652132232
139 10.312254870595108 0.0097020442156967486 0.031632683652132232
140 10.312254870595108 0.0097020442156967486 0.031632683652132232
141 10.312254870595108 0.0097020442156967486 0.031632683652132232
142 10.312254870595108 0.0097020442156967486 0.031632683652132232
143 10.312254870595108 0.0097020442156967486 0.031632683652132232
144 10.312254870595108 0.0097020442156967486 0.031632683652132232
145 10.312254870595108 0.0097020442156967486 0.031632683652132232
146 10.312254870595108 0.0097020442156967486 0.031632683652132232
147 10.312254870595108 0.0097020442156967486 0.031632683652132232
148 10.312254870595108 0.0097020442156967486 0.031632683652132232
149 10.312254870595108 0.0097020442156967486 0.031632683652132232
150 10.312254870595108 0.0097020442156967486 0.031632683652132232
151 10.312254870595108 0.0097020442156967486 0.031632683652132232
152 10.312254870595108 0.0097020442156967486 0.031632683652132232
153 10.312254870595108 0.0097020442156967486 0.031632683652132232
154 10.312254870595108 0.0097020442156967486 0.031632683652132232
155 10.312254870595108 0.0097020442156967486 0.031632683652132232
156 10.312254870595108 0.0097020442156967486 0.031632683652132232
157 10.312254870595108 0.0097020442156967486 0.031632683652132232
158 10.312254870595108 0.0097020442156967486 0.031632683652132232
159 10.312254870595108 0.0097020442156967486 0.031632683652132232
160 10.312254870595108 0.0097020442156967486 0.031632683652132232
161 10.312254870595108 0.0097020442156967486 0.031632683652132232
162 10.312254870595108 0.0097020442156967486 0.031632683652132232
163 10.312254870595108 0.0097020442156967486 0.031632683652132232
164 10.312254870595108 0.0097020442156967486 0.031632683652132232
165 10.312254870595108 0.0097020442156967486 0.031632683652132232
166 10.312254870595108 0.0097020442156967486 0.031632683652132232
167 10.312254870595108 0.0097020442156967486 0.031632683652132232
168 10.312254870595108 0.0097020442156967486 0.031632683652132232
169 10.312254870595108 0.0097020442156967486 0.031632683652132232
170 10.312254870595108 0.0097020442156967486 0.031632683652132232
171 10.312254870595108 0.0097020442156967486 0.031632683652132232
172 10.312254870595108 0.0097020442156967486 0.031632683652132232
173 10.312254870595108 0.0097020442156967486 0.031632683652132232
174 10.312254870595108 0.0097020442156967486 0.031632683652132232
175 10.312254870595108 0.0097020442156967486 0.031632683652132232
176 10.312254870595108 0.0097020442156967486 0.031632683652132232
177 10.312254870595108 0.0097020442156967486 0.031632683652132232
178 10.312254870595108 0.0097020442156967486 0.031632683652132232
179 10.312254870595108 0.0097020442156967486 0.031632683652132232
180 10.312254870595108 0.0097020442156967486 0.031632683652132232
181 10.312254870595108 0.0097020442156967486 0.031632683652132232
182 10.312254870595108 0.0097020442156967486 0.031632683652132232
183 10.312254870595108 0.0097020442156967486 0.031632683652132232
184 10.312254870595108 0.0097020442156967486 0.031632683652132232
185 10.312254870595108 0.0097020442156967486 0.031632683652132232
186 10.312254870595108 0.0097020442156967486 0.031632683652132232
187 10.312254870595108 0.0097020442156967486 0.031632683652132232
188 10.312254870595108 0.0097020442156967486 0.031632683652132232
189 10.312254870595108 0.0097020442156967486 0.031632683652132232
190 10.312254870595108 0.0097020442156967486 0.031632683652132232
191 10.312254870595108 0.0097020442156967486 0.031632683652132232
192 10.312254870595108 0.0097020442156967486 0.031632683652132232
193 10.312254870595108 0.0097020442156967486 0.031632683652132232
194 10.312254870595108 0.0097020442156967486 0.031632683652132232
195 10.312254870595108 0.0097020442156967486 0.031632683652132232
196 10.312254870595108 0.0097020442156967486 0.031632683652132232
197 10.312254870595108 0.0097020442156967486 0.031632683652132232
198 10.312254870595108 0.0097020442156967486 0.031632683652132232
199 10.312254870595108 0.0097020442156967486 0.031632683652132232
200 10.312254870595108 0.0097020442156967486 0.031632683652132232
201 10.312254870595108 0.0097020442156967486 0.031632683652132232
202 10.312254870595108 0.0097020442156967486 0.031632683652132232
203 10.312254870595108 0.0097020442156967486 0.031632683652132232
204 10.312254870595108 0.0097020442156967486 0.031632683652132232
205 10.312254870595108 0.0097020442156967486 0.031632683652132232
206 10.312254870595108 0.0097020442156967486 0.031632683652132232
207 10.312254870595108 0.0097020442156967486 0.031632683652132232
208 10.312254870595108 0.0097020442156967486 0.031632683652132232
209 10.312254870595108 0.0097020442156967486 0.031632683652132232
210 10.312254870595108 0.0097020442156967486 0.031632683652132232
211 10.312254870595108 0.0097020442156967486 0.031632683652132232
212 10.312254870595108 0.0097020442156967486 0.031632683652132232
213 10.312254870595108 0.0097020442156967486 0.031632683652132232
214 10.312254870595108 0.0097020442156967486 0.031632683652132232
215 10.312254870595108 0.0097020442156967486 0.031632683652132232
216 10.312254870595108 0.0097020442156967486 0.031632683652132232
217 10.312254870595108 0.0097020442156967486 0.031632683652132232
218 10.312254870595108 0.0097020442156967486 0.031632683652132232
219 10.312254870595108 0.0097020442156967486 0.031632683652132232
220 10.312254870595108 0.0097020442156967486 0.031632683652132232
221 10.312254870595108 0.0097020442156967486 0.031632683652132232
222 10.312254870595108 0.0097020442156967486 0.031632683652132232
223 10.312254870595108 0.0097020442156967486 0.031632683652132232
224 10.312254870595108 0.0097020442156967486 0.031632683652132232
225 10.312254870595108 0.0097020442156967486 0.031632683652132232
226 10.312254870595108 0.0097020442156967486 0.031632683652132232
227 10.312254870595108 0.0097020442156967486 0.031632683652132232
228 10.312254870595108 0.0097020442156967486 0.031632683652132232
229 10.312254870595108 0.0097020442156967486 0.031632683652132232
230 10.312254870595108 0.0097020442156967486 0.031632683652132232
231 10.312254870595108 0.0097020442156967486 0.031632683652132232
232 10.312254870595108 0.0097020442156967486 0.031632683652132232
233 10.312254870595108 0.0097020442156967486 0.031632683652132232
234 10.312254870595108 0.0097020442156967486 0.031632683652132232
235 10.312254870595108 0.0097020442156967486 0.031632683652132232
236 10.312254870595108 0.0097020442156967486 0.031632683652132232
237 10.312254870595108 0.0097020442156967486 0.031632683652132232
238 10.312254870595108 0.0097020442156967486 0.031632683652132232
239 10.312254870595108 0.0097020442156967486 0.031632683652132232
240 10.312254870595108 0.0097020442156967486 0.031632683652132232
241 10.312254870595108 0.0097020442156967486 0.031632683652132232
242 10.312254870595108 0.0097020442156967486 0.031632683652132232
243 10.312254870595108 0.0097020442156967486 0.031632683652132232
244 10.312254870595108 0.0097020442156967486 0.031632683652132232
245 10.312254870595108 0.0097020442156967486 0.031632683652132232
246 10.312254870595108 0.0097020442156967486 0.031632683652132232
247 10.312254870595108 0.0097020442156967486 0.031632683652132232
248 10.312254870595108 0.0097020442156967486 0.031632683652132232
249 10.312254870595108 0.0097020442156967486 0.031632683652132232
250 10.312254870595108 0.0097020442156967486 0.031632683652132232
251 10.312254870595108 0.0097020442156967486 0.031632683652132232
252 10.312254870595108 0.0097020442156967486 0.031632683652132232
253 10.312254870595108 0.0097020442156967486 0.031632683652132232
254 10.312254870595108 0.0097020442156967486 0.031632683652132232
255 10.312254870595108 0.0097020442156967486 0.031632683652132232
256 10.312254870595108 0.0097020442156967486 0.031632683652132232
257 10.312254870595108 0.0097020442156967486 0.031632683652132232
258 10.312254870595108 0.0097020442156967486 0.031632683652132232
259 10.312254870595108 0.0097020442156967486 0.031632683652132232
260 10.312254870595108 0.0097020442156967486 0.031632683652132232
261 10.312254870595108 0.0097020442156967486 0.031632683652132232
262 10.312254870595108 0.0097020442156967486 0.031632683652132232
263 10.312254870595108 0.0097020442156967486 0.031632683652132232
264 10.312254870595108 0.0097020442156967486 0.031632683652132232
265 10.312254870595108 0.0097020442156967486 0.031632683652132232
266 10.312254870595108 0.0097020442156967486 0.031632683652132232
267 10.312254870595108 0.0097020442156967486 0.031632683652132232
268 10.312254870595108 0.0097020442156967486 0.031632683652132232
269 10.312254870595108 0.0097020442156967486 0.031632683652132232
270 10.312254870595108 0.0097020442156967486 0.031632683652132232
271 10.312254870595108 0.0097020442156967486 0.031632683652132232
272 10.312254870595108 0.0097020442156967486 0.031632683652132232
273 10.312254870595108 0.0097020442156967486 0.031632683652132232
274 10.312254870595108 0.0097020442156967486 0.031632683652132232
275 10.312254870595108 0.0097020442156967486 0.031632683652132232
276 10.312254870595108 0.0097020442156967486 0.031632683652132232
277 10.312254870595108 0.0097020442156967486 0.031632683652132232
278 10.312254870595108 0.0097020442156967486 0.031632683652132232
279 10.312254870595108 0.0097020442156967486 0.031632683652132232
280 10.312254870595108 0.0097020442156967486 0.031632683652132232
281 10.312254870595108 0.0097020442156967486 0.031632683652132232
282 10.312254870595108 0.0097020442156967486 0.031632683652132232
283 10.312254870595108 0.0097020442156967486 0.031632683652132232
284 10.312254870595108 0.0097020442156967486 0.031632683652132232
285 10.312254870595108 0.0097020442156967486 0.031632683652132232
286 10.312254870595108 0.0097020442156967486 0.031632683652132232
287 10.312254870595108 0.0097020442156967486 0.031632683652132232
288 10.312254870595108 0.0097020442156967486 0.031632683652132232
289 10.312254870595108 0.0097020442156967486 0.031632683652132232
290 10.312254870595108 0.0097020442156967486 0.031632683652132232
291 10.312254870595108 0.0097020442156967486 0.031632683652132232
292 10.312254870595108 0.0097020442156967486 0.031632683652132232
293 10.312254870595108 0.0097020442156967486 0.031632683652132232
294 10.312254870595108 0.0097020442156967486 0.031632683652132232
295 10.312254870595108 0.0097020442156967486 0.031632683652132232
296 10.312254870595108 0.0097020442156967486 0.031632683652132232
297 10.312254870595108 0.0097020442156967486 0.031632683652132232
298 10.312254870595108 0.0097020442156967486 0.031632683652132232
299 10.312254870595108 0.0097020442156967486 0.031632683652132232
300 9.4440240451171942 0.0092671052789218555 0.028969398911402437
301 8.6597236346339557 0.0088187215489745931 0.026563569431392504
302 7.9503746638231867 0.0083674225489590078 0.02438765234301591
303 7.3080375190155156 0.0079210023692057926 0.022417293003115079
304 6.7257032464060762 0.0074849969081451093 0.020630991553392871
305 6.197176401968167 0.0070631970973049603 0.019009743564319531
306 5.7169663235645469 0.0066580920693119052 0.017536706514001677
307 5.2801941416707558 0.0062712123683194912 0.016196914545002317
308 4.8825152003932271 0.0059033846351928378 0.014977040492003765
309 4.5200540576980064 0.0055549190451667776 0.013865196496006154
310 4.189349267636298 0.0052257481920031518 0.01285076462465122
311 3.8873058288003017 0.0049155311033319818 0.011924251008589883
312 3.6111538074950218 0.0046237318963207232 0.011077158918696386
313 3.3584120800321009 0.0043496796416878352 0.010301877546110739
314 3.1268564161292653 0.004092614059263866 0.0095915840985560281
315 2.9144913016140692 0.0038517203814296638 0.0089401573669143225
316 2.7195250135952227 0.0036261558530347178 0.0083421012686970015
317 2.5403475460559624 0.0034150697248586928 0.0077924771351409886
318 2.3755110378503232 0.0032176181787463222 0.0072868436743874949
319 2.2237124080880193 0.0030329752852686228 0.00682120370579147
320 2.0837779388203059 0.0028603408674633974 0.0063919568675469508
321 1.9546495786405367 0.0026989459516393631 0.0059958576031918301
322 1.8353727675656437 0.0025480563425482276 0.0056299778146185388
323 1.7250856084283497 0.0024069747576899235 0.0052916736454857354
324 1.6230092309404749 0.0022750418474106267 0.0049785559231302909
325 1.5284392084323544 0.0021516363784563784 0.0046884638295470989
326 1.440737912601906 0.0020361747858918425 0.0044194414496990979
327 1.3593276969413368 0.0019281102656294178 0.0041697168617832415
328 1.2836848129229725 0.0018269315320388292 0.003937683475223842
329 1.2133339846774813 0.0017321613580673911 0.003721883388581231
330 1.1478435544788179 0.0016433549514088444 0.0035209924984012817
331 1.0868211527681788 0.0015600982668131358 0.0033338072170803032
332 1.0299098172205547 0.0014820062624635549 0.0031592325681612109
333 0.97678452361149704 0.0014087211667747886 0.0029962715448205429
334 0.92714907778705014 0.0013399107686522819 0.002844015576033896
335 0.88073332968737716 0.0012752667532424725 0.0027016359806361261
336 0.83729067479992314 0.0012145030982169895 0.0025683763030672491
337 0.79659581181111183 0.0011573545397681475 0.0024435454350034106
338 0.75844272873567642 0.0011035751150551771 0.002326511437839498
339 0.72264289301346518 0.0010529367832226813 0.0022166959908388501
340 0.68902362373575443 0.0010052281275181052 0.0021135693979624369
341 0.65742662667592833 0.00096025313733266976 0.0020166460940979395
342 0.62770667498845811 0.00091783006922245829 0.0019254805981241047
343 0.59973041998601495 0.00087779038367200414 0.0018396638649877759
344 0.57337531886743842 0.00083997775636472823 0.0017588199965258848
345 0.54852866669923039 0.00080424715843261448 0.0016826032720835288
346 0.52508672223352948 0.00077046400368144274 0.0016106954669740168
347 0.50295391770126607 0.0007385033581900932 0.001542803428531491
348 0.4820421441336496 0.00070824920898913588 0.0014786568838455509
349 0.46227010465248813 0.00067959378828177962 0.0014180064559892274
350 0.44356272826684762 0.00065243694810034384 0.0013606218658492259
351 0.42585063885870256 0.00062668558379187626 0.0013062903032475539
352 0.40906967312835746 0.0006022531011997096 0.0012548149482464954
353 0.39316044352800661 0.00057905892636508493 0.0012060136304540079
354 0.37806794075882205 0.00055702805237252894 0.0011597176096896382
355 0.36374117238058956 0.00053609062157668078 0.0011157704674251213
356 0.35013283442333526 0.00051618154133456474 0.0010740270994580837
357 0.33719901200675412 0.00049724012897286497 0.0010343527975667304
358 0.32489890666630811 0.00047920978473992313 0.00099662241308683466
359 0.31319458791549382 0.00046203769074144315 0.00096071959483280309
360 0.3020507664109377 0.00044567453307785504 0.000926536093285085
361 0.29143458682120882 0.00043007424566649752 0.000893971125218432
362 0.28131543860926578 0.00041519377411997793 0.00086293079327995641
363 0.27166478302532043 0.00040099285800236856 0.00083332755529239402
364 0.26245599474486359 0.00038743382986242868 0.00080507973848117659
365 0.25366421691173152 0.00037448142990506383 0.00077811109482126234
366 0.24526622823904834 0.00036210263480244682 0.00075235039337131398
367 0.23724032120191768 0.00035026649976054757 0.0007277310466316493
368 0.22956619022093325 0.00033894401255366502 0.00070419076754887498
369 0.22222482903791133 0.00032810795878134621 0.00068167125471751944
370 0.2151984363332429 0.00031773279717614333 0.00066011790286270831
371 0.20847032903311777 0.00030779454447492078 0.00063947953691140421
372 0.20202486241217146 0.00029827066872048757 0.00061970816690850141
373 0.19584735656741417 0.00028913999054834311 0.00060075876247673058
374 0.1899240290792043 0.00028038259264937893 0.00058258904625522795
375 0.18424193202577996 0.00027197973412429162 0.00056515930069257661
376 0.17878890412261983 0.00026391379101141225 0.00054843222123503014
377 0.1735534788662465 0.00025616810879371859 0.00053237263455903838
378 0.16852489472055551 0.0002487270499020234 0.00051694752981765494
379 0.16369300916913479 0.00024157585269937222 0.00050212579499734602
380 0.15904826703701333 0.0002347005935200942 0.00048787811974543966
381 0.15458166177635396 0.00022808813306492162 0.00047417687661458272
382 0.15028469937197206 0.00022172606623311651 0.00046099601034347258
383 0.14614936492374236 0.00021560267549935262 0.00044831093534890298
384 0.1421680916937644 0.00020970688760030796 0.00043609844077841843
385 0.13833373274537211 0.00020402823396667538 0.00042433660351341138
386 0.13463953887681418 0.00019855682163993942 0.00041300472048102507
387 0.13107911316122162 0.00019328326036784313 0.00040208316920620126
388 0.12764642011540134 0.00018819868922162835 0.00039155343593681393
389 0.12433574242002939 0.00018329470604098557 0.00038139798288352572
390 0.12114166641152231 0.0001785633492002528 0.00037160020371632612
391 0.1180590677759713 0.00017399707857235577 0.00036214437968089356
392 0.11508307794594989 0.00016958872226159458 0.00035301557652131868
393 0.11220909272510744 0.00016533149713286833 0.00034419967093591241
394 0.10943274052413747 0.00016121895780077074 0.000335683253141526
395 0.10674987571184698 0.00015724498947462914 0.00032745360647805821
396 0.052717229601260594 7.7648295634737623e-05 0.0001617092932554006
397 0.10288474670167874 0.00015152002715815204 0.00031559738252048695
398 0.1004190278195648 0.00014786801595652365 0.00030803382766737668
399 0.098033839593604538 0.00014433544054676307 0.00030071729936688511
400 0.095725881113321212 0.00014091742045135435 0.00029363767212675217
401 0.09349202064101847 0.00013760932416128437 0.0002867853393896272
402 0.091329275544545563 0.00013440673875426924 0.00028015115197713364
403 0.089234806105316797 0.00013130546116436482 0.00027372639909606377
404 0.087205916674575362 0.00012830148657628145 0.00026750281188520048
405 0.08524001284248077 0.00012539100002898759 0.00026147243203214959
406 0.083334648287033727 0.00012257036326686051 0.00025562775548169855
407 0.081487488895087001 0.00011983610540796264 0.00024996162237756749
408 0.079696286744536854 0.00011718491806553112 0.00024446713725318056
409 0.077958925074821203 0.00011461363985201161 0.00023913780697797915
410 0.076273362018043828 0.00011211925612484383 0.00023396736815350867
411 0.074637654599234757 0.00010969888605915376 0.00022894986073384893
412 0.073049952882894814 0.0001073497769534369 0.00022407961007022949
413 0.071508478027105069 0.00010506929972485509 0.00021935115959234683
414 0.070011540671437791 0.00010285493943257085 0.00021475932721299937
415 0.068557525386509804 0.00010070428991827643 0.00021029915762733068
416 0.067144874283332726 9.8615054050775971e-05 0.00020596587203476296
417 0.065772113390435594 9.6585027641769974e-05 0.00020175494905041593
418 0.064437816435975931 9.461210683846804e-05 0.00019766201360728813
419 0.063140629260281092 9.269427279823885e-05 0.00019368291184135305
420 0.061879254247274848 9.0829591612383575e-05 0.00018981366333519891
421 0.060652439060357062 8.9016215071742387e-05 0.00018605042656551245
422 0.059458992906643221 8.7252367444933107e-05 0.00018238954879338411
423 0.058297773292438425 8.5536346978653616e-05 0.00017882752543692769
424 0.057167678452731685 8.3866524283499481e-05 0.00017536097684887019
425 0.056067657921348053 8.2241334014433653e-05 0.00017198668074033146
426 0.054996701790666166 8.0659275083362882e-05 0.0001687015392351723
427 0.053953842702324582 7.9118905254543971e-05 0.00016550258497645577
428 0.052938146405979575 7.7618844432958821e-05 0.00016238695216558153
429 0.051948721429740968 7.6157762942364378e-05 0.00015935190622619929
430 0.050984709639879701 7.4734385034099486e-05 0.00015639481484625676
431 0.050045286560564541 7.3347484963410997e-05 0.00015351314895878693
432 0.04912965985578225 7.1995884723640178e-05 0.00015070447808522162
433 0.048237067865821825 7.0678451896478438e-05 0.00014796646584607921
434 0.047366779421787353 6.9394096367240488e-05 0.00014529686939198576
435 0.04651808773266846 6.8141773387256319e-05 0.00014269352065235724
436 0.045690316403014998 6.6920474183518639e-05 0.00014015434479452453
437 0.044882813366914479 6.5729229268023586e-05 0.00013767734161630209
438 0.044094951002521234 6.456710548073166e-05 0.00013526058589730439
439 0.043326125065954263 6.3433204435489954e-05 0.00013290222412869405
440 0.042575753669482769 6.2326661014521357e-05 0.0001306004713787815
441 0.041843276332651363 6.124664191693614e-05 0.00012835360838236616
442 0.041128153057348155 6.0192344324139333e-05 0.00012615997870352194
443 0.040429863456462697 5.9162994596407526e-05 0.00012401798606276901
444 0.039747905928862202 5.8157847032794408e-05 0.00012192609180632578
445 0.039081796865500174 5.7176182719092775e-05 0.00011988281247085943
446 0.038431069901375514 5.6217308386291073e-05 0.00011788671748888195
447 0.037795275197825863 5.5280555366526692e-05 0.00011593642698719589
448 0.037173978759336618 5.4365278569140627e-05 0.00011403060969121663
449 0.036566761785450229 5.3470855516056822e-05 0.0001121679809369639
450 0.035973220051005658 5.2596685419367418e-05 0.00011034730076995601
451 0.035392963312352498 5.1742188306565206e-05 0.00010856737212378066
452 0.034825614746854652 5.0906804176969736e-05 0.00010682703910078114
453 0.034270810411857512 5.0089992206614058e-05 0.00010512518531244636
454 0.033728198737108563 4.9291229975874932e-05 0.00010346073232241891
455 0.033197440025952402 4.8510012752470447e-05 0.00010183263811641841
456 0.03267820599673503 4.7745852783386304e-05 0.00010023989569550622
457 0.032170179327646924 4.6998278638575415e-05 9.8681531679898539e-05
458 0.0316730532346726 4.6266834571633942e-05 9.7156605014333123e-05
459 0.031186531062566254 4.5551079911116899e-05 9.566420571339342e-05
460 0.03071032589408899 4.4850588481699147e-05 9.420345366284967e-05
461 0.030244160432838708 4.4164947597395454e-05 9.277349826024143e-05
462 0.029787765873296995 4.3493759174343119e-05 9.1373514948763786e-05
463 0.02934088208753443 4.2836637174407665e-05 9.0002705789982919e-05
464 0.028903258022802553 4.2193207516305416e-05 8.8660300683443416e-05
465 0.028474649949112408 4.1563109298568563e-05 8.7345551991142354e-05
466 0.028054821861053809 4.0945992348564794e-05 8.6057735770103704e-05
467 0.027643545849007214 4.0341517201046136e-05 8.4796152911065069e-05
468 0.027240600352993676 3.9749356243977414e-05 8.356012378218919e-05
469 0.026845771490528379 3.9169190774124312e-05 8.2348992302234297e-05
470 0.026458851475068185 3.8600713013065653e-05 8.1162121089166207e-05
471 0.026079639121093085 3.8043624534996372e-05 7.9998893009487987e-05
472 0.025707939406365652 3.7497635759712823e-05 7.8858709835477462e-05
473 0.025343563297171544 3.6962466215365524e-05 7.7740991709115162e-05
474 0.024986327501125227 3.6437843944440716e-05 7.6645176383819709e-05
475 0.024636054176367602 3.5923505214262557e-05 7.5570718332415953e-05
476 0.024292570963414199 3.5419194156289896e-05 7.4517088844828824e-05
477 0.02395571058988491 3.4924662734230097e-05 7.3483774815597886e-05
478 0.023625310791367132 3.4439670268808494e-05 7.2470278501126175e-05
479 0.023301214078639085 3.3963983297873246e-05 7.1476116805641363e-05
480 0.022983267624383581 3.3497375026170771e-05 7.0500820933691962e-05
481 0.022671323090074358 3.3039625598472521e-05 6.9543935859123793e-05
482 0.022365236446232652 3.2590521470949394e-05 6.8605019773719796e-05
483 0.022064867848745704 3.2149855313606494e-05 6.7683643707808908e-05
484 0.021770081415728663 3.1717425784557163e-05 6.6779390845793452e-05
485 0.021480745283204188 3.1293037303129654e-05 6.5891856696945368e-05
486 0.02119673130887726 3.0876500010032951e-05 6.5020648186740065e-05
487 0.020917914995011739 3.0467629418894248e-05 6.4165383420281412e-05
488 0.020644175353993526 3.0066246256947959e-05 6.3325691269918797e-05
489 0.02037539480595001 2.9672176303801809e-05 6.2501211061196342e-05
490 0.02011145908271756 2.9285250267826636e-05 6.1691592278274727e-05
491 0.019852257080739868 2.8905303627283016e-05 6.089649411269898e-05
492 0.019597680789005905 2.8532176287957719e-05 6.0115585242349404e-05
493 0.019347625188372831 2.8165712770590528e-05 5.9348543522616049e-05
494 0.019101988133828067 2.7805761810368751e-05 5.8595055625239472e-05
495 0.018860670271106668 2.745217627828709e-05 5.785481678253579e-05
496 0.018623574954533241 2.7104813075205901e-05 5.7127530535378037e-05
497 0.018390608153598165 2.6763532992817038e-05 5.6412908446620136e-05
498 0.018161678329347515 2.6428200566745444e-05 5.571066972192489e-05
499 0.017936696467864457 2.6098683967833908e-05 5.5020541312467661e-05
500 0.017715575904421403 2.5774854954957451e-05 5.4342257375525774e-05
501 0.017498232278071377 2.5456588686320948e-05 5.3675559135188274e-05
502 0.01728458345663527 2.5143763628350315e-05 5.3020194652255432e-05
503 0.017074549469406126 2.4836261455734318e-05 5.2375918617810203e-05
504 0.016868052442155518 2.4533966955653193e-05 5.1742492153851283e-05
505 0.01666501653335244 2.4236767934094071e-05 5.1119682617645524e-05
506 0.016465367871041029 2.3944555122008894e-05 5.0507263408101316e-05
507 0.016269034470356825 2.3657222080543863e-05 4.9905013712750998e-05
508 0.01607594623363701 2.337466508957062e-05 4.9312718508088989e-05
509 0.01588603484484603 2.3096783154875474e-05 4.873016823572402e-05
510 0.015699233728334195 2.2823477838558155e-05 4.8157158675871765e-05
511 0.015515477998430156 2.2554653210718379e-05 4.7593490792730543e-05
512 0.01533470440886627 2.2290215774868268e-05 4.7038970579344386e-05
513 0.015156851304573105 2.2030074395625796e-05 4.649340890973345e-05
514 0.014981858574512914 2.177414022885198e-05 4.5956621394211394e-05
515 0.014809667605263215 2.1522326652497957e-05 4.5428428237003725e-05
516 0.014640221238438621 2.1274549201578176e-05 4.4908654105639943e-05
517 0.014473463730895459 2.1030725509480984e-05 4.4397128008881776e-05
518 0.014309340712243962 2.0790775247744282e-05 4.3893683166392524e-05
519 0.014147799143438868 2.0554620063370241e-05 4.3398156881714319e-05
520 0.013988787278886845 2.0322183521268748e-05 4.2910390426033267e-05
521 0.013832254629912459 2.0093391050028763e-05 4.2430228926111837e-05
522 0.013678151929164894 1.9868169889144528e-05 4.1957521255107035e-05
523 0.013526431096103693 1.9646449037940103e-05 4.1492119926698443e-05
524 0.013377045203475813 1.9428159205613981e-05 4.1033880992257097e-05
525 0.013229948443649291 1.921323275925563e-05 4.0582663937574514e-05
526 0.013085096097741489 1.9001603679044616e-05 4.0138331588164079e-05
527 0.012942444506591098 1.8793207517928271e-05 3.9700750020218095e-05
528 0.012801951040585641 1.8587981335622152e-05 3.9269788468054112e-05
529 0.012663574074586419 1.838586373993246e-05 3.8845319247197605e-05
530 0.012527272950576141 1.8186794708425743e-05 3.8427217639804111e-05
531 0.01239300796034911 1.7990715648810983e-05 3.8015361841561686e-05
532 0.012260740319502446 1.7797569319953756e-05 3.7609632881909347e-05
533 0.012130432134671182 1.7607299853564663e-05 3.7209914523531233e-05
534 0.01200204638587008 1.7419852619517893e-05 3.6816093208190428e-05
535 0.011875546901631054 1.7235174264337701e-05 3.6428057980463357e-05
536 0.011750898338178859 1.7053212644905879e-05 3.6045700423861534e-05
537 0.01162806615112634 1.6873916848061413e-05 3.5668914574007176e-05
538 0.01150701657910525 1.6697237072036904e-05 3.5297596868421012e-05
539 0.011387716624776754 1.6523124649422837e-05 3.4931646088272253e-05
540 0.011270134026805762 1.6351532045054945e-05 3.4570963272410313e-05
541 0.01115423724790428 1.6182412750678971e-05 3.4215451680687973e-05
542 0.011039995455108923 1.6015721304047973e-05 3.3865016733462952e-05
543 0.010927378496051484 1.5851413289234349e-05 3.3519565938808236e-05
544 0.010816356886233926 1.568944523737179e-05 3.3179008853478303e-05
545 0.010706901790845743 1.5529774644533388e-05 3.2843257027134179e-05
546 0.01059898500783568 1.5372359978242088e-05 3.2512223950416198e-05
547 0.010492578949061653 1.5217160576898178e-05 3.2185824997121634e-05
548 0.010387656626608182 1.5064136670271068e-05 3.1863977382233689e-05
549 0.010284191642725933 1.4913249392596477e-05 3.1546600131061144e-05
550 0.01018215816159466 1.4764460665920215e-05 3.1233613992621655e-05
551 0.010081530911538603 1.46177332897517e-05 3.0924941446437434e-05
552 0.0099822851533135828 1.4473030808330479e-05 3.062050660525639e-05
553 0.0098843966819317525 1.4330317587957094e-05 3.0320235220649549e-05
554 0.0097878418076327751 1.4189558754091045e-05 3.0024054624640415e-05
555 0.0096925973354055756 1.4050720139126651e-05 2.9731893666888267e-05
556 0.0095986405750324594 1.3913768345383594e-05 2.944368274549834e-05
557 0.0095059492953696815 1.3778670656276323e-05 2.9159353666778165e-05
558 0.0094145638875594816 1.3645479131295337e-05 2.8879030329937061e-05
559 0.0093243992539010258 1.3514076105595055e-05 2.86024516990829e-05
560 0.0092354345733910732 1.3384430931581469e-05 2.8329553906107585e-05
561 0.0091476494659962545 1.325651361321298e-05 2.8060274435571333e-05
562 0.0090610239639084197 1.3130294763842286e-05 2.7794552036528894e-05
563 0.008975538509285794 1.3005745602662366e-05 2.7532326715600595e-05
564 0.0088911739477856699 1.2882837945027286e-05 2.7273539717133956e-05
565 0.0088079115146064094 1.2761544181867515e-05 2.7018133480387758e-05
566 0.0087257328256056844 1.2641837266508764e-05 2.6766051612287375e-05
567 0.0086446198696120066 1.252369070323754e-05 2.6517238863840512e-05
568 0.0085645549988448179 1.2407078533118056e-05 2.6271641100750974e-05
569 0.0084855209200868989 1.2291975320912742e-05 2.6029205276340181e-05
570 0.0084075006866471975 1.2178356143160879e-05 2.5789879406893243e-05
571 0.0083304776901615037 1.206619657602789e-05 2.5553612546507679e-05
572 0.0082544356525672321 1.1955472683414753e-05 2.5320354762476172e-05
573 0.008179358618440451 1.1846161005601332e-05 2.5090057111780524e-05
574 0.0081052309475000001 1.1738238548139226e-05 2.4862671618098159e-05
575 0.0080320373072744495 1.163168277098771e-05 2.4638151249308129e-05
576 0.0079597626659949211 1.1526471577984327e-05 2.4416449895689941e-05
577 0.0078883922856736524 1.1422583306591603e-05 2.4197522348692185e-05
578 0.0078179117153558096 1.1319996717901428e-05 2.3981324280232546e-05
579 0.0077483067845565126 1.121869098691429e-05 2.376781222256599e-05
580 0.0076795635968675341 1.1118645693070679e-05 2.3556943548673417e-05
581 0.0076116685237301342 1.1019840811029322e-05 2.334867645315992e-05
582 0.007544608198372253 1.0922256701689578e-05 2.3142969933657218e-05
583 0.0074783695099016065 1.0825874103445062e-05 2.2939783772704316e-05
584 0.0074129395975519449 1.0730674123665232e-05 2.273907852009799e-05
585 0.0073483058450780564 1.0636638230397296e-05 2.2540815475699558e-05
586 0.0072844558752945439 1.0543748244282176e-05 2.234495667268265e-05
587 0.0072213775447544544 1.0451986330677606e-05 2.2151464861209983e-05
588 0.0071590589385639924 1.036133499198363e-05 2.1960303492527584e-05
589 0.0070974883653290083 1.0271777060163594e-05 2.1771436703463216e-05
590 0.0070366543522296949 1.0183295689455353e-05 2.1584829301318083e-05
591 0.0069765456402198708 1.0095874349267598e-05 2.1400446749140708e-05
592 0.0069171511793470961 1.0009496817255489e-05 2.1218255151371459e-05
593 0.0068584601241903943 9.9241471725706122e-06 2.1038221239847837e-05
594 0.0068004618294121907 9.8398097892807737e-06 2.0860312360160093e-05
595 0.00674314584542116 9.7564693299541179e-06 2.0684496458347116e-05
596 0.006686501914142994 9.6741107394035353e-06 2.0510742067923296e-05
597 0.0066305199648959206 9.5927192385862359e-06 2.033901829722675e-05
598 0.0065751901103682699 9.5122803186551541e-06 2.0169294817080582e-05
599 0.0065205026426949893 9.4327797351567354e-06 2.0001541848757635e-05
600 0.0064664480296304878 9.3542035023717995e-06 1.9835730152240761e-05
601 0.006413016910815212 9.2765378877954045e-06 1.9671831014770589e-05
602 0.0063602000941332193 9.1997694067516432e-06 1.9509816239672453e-05
603 0.0063079885521583378 9.1238848171399335e-06 1.9349658135455023e-05
604 0.0062563734186864709 9.0488711143088679e-06 1.9191329505173224e-05
605 0.0062053459853517144 8.9747155260544638e-06 1.9034803636048205e-05
606 0.0061548976983239207 8.9014055077392664e-06 1.8880054289337181e-05
607 0.0061050201550856067 8.8289287375288237e-06 1.8727055690446648e-05
608 0.0060557051012859854 8.7572731117427966e-06 1.8575782519282164e-05
609 0.0060069444276700523 8.6864267403170448e-06 1.842620990082838e-05
610 0.0059587301670807214 8.616377942374237e-06 1.8278313395953134e-05
611 0.0059110544915320952 8.5471152418998086e-06 1.8132068992429739e-05
612 0.0058639097093518121 8.4786273635201586e-06 1.7987453096171204e-05
613 0.0058172882623909071 8.4109032283812678e-06 1.7844442522671495e-05
614 0.0057711827232989898 8.3439319501235498e-06 1.7703014488647207e-05
615 0.0057255857928634945 8.2777028309522173e-06 1.7563146603875748e-05
616 0.0056804902974108449 8.2122053577989695e-06 1.742481686322345e-05
617 0.0056358891862682862 8.1474291985738254e-06 1.7288003638859773e-05
618 0.0055917755292844871 8.0833641985038172e-06 1.7152685672651799e-05
619 0.0055481425144076179 8.0200003765569987e-06 1.7018842068735025e-05
620 0.0055049834453191988 7.9573279219488742e-06 1.6886452286255212e-05
621 0.0054622917391224865 7.8953371907298799e-06 1.6755496132277566e-05
622 0.0054200609240837062 7.8340187024507462e-06 1.6625953754857993e-05
623 0.0053782846374250985 7.7733631369050234e-06 1.6497805636273308e-05
624 0.0053369566231681207 7.7133613309455097e-06 1.6371032586405277e-05
625 0.0052960707300257438 7.654004275373563e-06 1.6245615736275289e-05
626 0.005255620909342478 7.5952831118990986e-06 1.6121536531725393e-05
627 0.0052156012130809169 7.5371891301692979e-06 1.5998776727242076e-05
628 0.0051760057918536851 7.4797137648647377e-06 1.5877318379919278e-05
629 0.0051368288929995063 7.422848592860657e-06 1.5757143843556768e-05
630 0.0050980648587024349 7.3665853304521655e-06 1.5638235762890905e-05
631 0.0050597081241529869 7.3109158306415392e-06 1.5520577067953949e-05
632 0.005021753215750293 7.2558320804861287e-06 1.5404150968559181e-05
633 0.0049841947493440867 7.201326198505247e-06 1.5288940948908241e-05
634 0.0049470274285156272 7.1473904321446829e-06 1.5174930762317875e-05
635 0.0049102460428965917 7.0940171552974033e-06 1.5062104426063165e-05
636 0.0048738454665248768 7.0411988658788323e-06 1.4950446216333977e-05
637 0.0048378206562365482 6.9889281834556482e-06 1.4839940663302295e-05
638 0.0048021666500929405 6.9371978469265171e-06 1.4730572546297363e-05
639 0.0047668785658420689 6.8860007122536184e-06 1.46223268890861e-05
640 0.004731951599413523 6.835329750243833e-06 1.4515188955256206e-05
641 0.0046973810234459523 6.7851780443777117e-06 1.440914424369924e-05
642 0.0046631621858465042 6.7355387886862888e-06 1.4304178484191731e-05
643 0.0046292905083812263 6.6864052856731511e-06 1.4200277633071246e-05
644 0.0045957614852958541 6.637770944281806e-06 1.4097427869005687e-05
645 0.0045625706819661252 6.589629277906491e-06 1.3995615588853146e-05
646 0.004529713733577038 6.5419739024459245e-06 1.3894827403610546e-05
647 0.0044971863438301425 6.4947985343982859e-06 1.3795050134448291e-05
648 0.0044649842836784913 6.4480969889973964e-06 1.3696270808829728e-05
649 0.0044331033900882697 6.4018631783880924e-06 1.3598476656712484e-05
650 0.0044015395648266996 6.3560911098404259e-06 1.3501655106830367e-05
651 0.0043702887732754853 6.3107748840018327e-06 1.3405793783053635e-05
652 0.0043393470432692245 6.2659086931859895e-06 1.3310880500825842e-05
653 0.0043087104639581405 6.2214868196976581e-06 1.3216903263675277e-05
654 0.0042783751846946399 6.177503634192783e-06 1.3123850259799509e-05
655 0.0042483374139431268 6.1339535940730067e-06 1.3031709858721247e-05
656 0.0042185934182124001 6.0908312419132747e-06 1.2940470608013498e-05
657 0.0041891395210102754 6.0481312039226522e-06 1.285012123009287e-05
658 0.0041599721018198256 6.0058481884368454e-06 1.276065061907922e-05
659 0.0041310875950967153 5.9639769844418881e-06 1.2672047837719986e-05
660 0.0041024824892871839 5.9225124601284266e-06 1.2584302114377865e-05
661 0.0040741533258661783 5.88144956147563e-06 1.2497402840080301e-05
662 0.0040460966983951819 5.8407833108643741e-06 1.2411339565629392e-05
663 0.0040183092515992521 5.8005088057186078e-06 1.2326101998770712e-05
664 0.0039907876804628544 5.760621217174569e-06 1.2241680001419799e-05
665 0.0039635287293440817 5.721115788777142e-06 1.2158063586945035e-05
666 0.0039365291911067583 5.681987835202606e-06 1.2075242917505393e-05
667 0.0039097859062701057 5.6432327410073003e-06 1.1993208301442042e-05
668 0.0038832957621755385 5.6048459594016432e-06 1.1911950190722511e-05
669 0.0038570556921701518 5.5668230110486531e-06 1.1831459178436048e-05
670 0.0038310626748066369 5.5291594828868923e-06 1.1751725996339377e-05
671 0.0038053137330591137 5.4918510269767305e-06 1.1672741512451269e-05
672 0.0037798059335546561 5.4548933593699673e-06 1.1594496728695265e-05
673 0.0037545363858200323 5.418282259001664e-06 1.1516982778589056e-05
674 0.003729502241543435 5.382013566604329e-06 1.1440190924979862e-05
675 0.0037047006938507633 5.3460831836434554e-06 1.1364112557824428e-05
676 0.0036801289765962062 5.3104870712741181e-06 1.1288739192012902e-05
677 0.0036557843636667647 5.2752212493182398e-06 1.1214062465235475e-05
678 0.0036316641683004523 5.2402817952620446e-06 1.1140074135890959e-05
679 0.003607765742417782 5.2056648432729289e-06 1.1066766081036141e-05
680 0.0035840864759663677 5.1713665832359594e-06 1.0994130294375361e-05
681 0.0035606237962782284 5.1373832598088263e-06 1.0922158884289045e-05
682 0.0035373751674396222 5.1037111714954888e-06 1.0850844071900681e-05
683 0.0035143380896730339 5.0703466697376092e-06 1.0780178189181086e-05
684 0.0034915100987311888 5.0372861580238669e-06 1.0710153677089536e-05
685 0.0034688887653026202 5.004526091016075e-06 1.0640763083750369e-05
686 0.0034464716944287922 4.9720629736925948e-06 1.0571999062665007e-05
687 0.0034242565249323169 4.9398933605079627e-06 1.0503854370958027e-05
688 0.0034022409288561387 4.908013854568686e-06 1.0436321867656867e-05
689 0.0033804226109133981 4.8764211068248633e-06 1.0369394512004289e-05
690 0.0033587993079478165 4.8451118152772032e-06 1.0303065361803119e-05
691 0.0033373687884042488 4.8140827241991372e-06 1.0237327571792174e-05
692 0.0033161288518093182 4.7833306233737256e-06 1.0172174392053123e-05
693 0.0032950773282618491 4.7528523473450506e-06 1.010759916644739e-05
694 0.0032742120779328818 4.7226447746836618e-06 1.0043595331082459e-05
695 0.0032535309905751203 4.6927048272660224e-06 9.980156412807117e-06
696 0.0032330319850415309 4.663029469567347e-06 9.9172760277347573e-06
697 0.0032127130088129953 4.6336157079678337e-06 9.8549478797944636e-06
698 0.0031925720375347291 4.6044605900717904e-06 9.7931657593089846e-06
699 0.0031726070745613606 4.5755612040395117e-06 9.7319235415992653e-06
700 0.0031528161505104519 4.5469146779316662e-06 9.6712151856148826e-06
