index sum SD mean
25 0.0 0.0 0.0
26 0.0 0.0 0.0
27 0.0 0.0 0.0
28 0.0 0.0 0.0
29 0.0 0.0 0.0
30 0.0 0.0 0.0
31 0.0 0.0 0.0
32 0.0 0.0 0.0
33 0.0 0.0 0.0
34 0.0 0.0 0.0
35 0.0 0.0 0.0
36 0.0 0.0 0.0
37 0.0 0.0 0.0
38 0.0 0.0 0.0
39 0.0 0.0 0.0
40 0.0 0.0 0.0
41 0.0 0.0 0.0
42 0.0 0.0 0.0
43 0.0 0.0 0.0
44 0.0 0.0 0.0
45 0.0 0.0 0.0
46 0.0 0.0 0.0
47 0.0 0.0 0.0
48 0.0 0.0 0.0
49 0.0 0.0 0.0
50 0.0 0.0 0.0
51 0.0 0.0 0.0
52 0.0 0.0 0.0
53 0.0 0.0 0.0
54 0.0 0.0 0.0
55 0.0 0.0 0.0
56 0.0 0.0 0.0
57 0.0 0.0 0.0
58 0.0 0.0 0.0
59 0.0 0.0 0.0
60 0.129359262554468 2.1333562706865204e-06 0.00021417096449415231
61 0.44533272994274709 1.4410101323931896e-05 0.00073730584427607131
62 0.89052489202218366 4.5066465354524235e-05 0.0014743789603016285
63 1.4387346734934132 0.0001010569750673584 0.0023820110488301542
64 2.0710225166174729 0.00018794916610941146 0.003428845226187869
65 2.7717766462065234 0.00030998397582185036 0.0045890341824611318
66 3.5273471817731203 0.00047014264519925942 0.0058399787777700671
67 4.3254476814480807 0.00067021349177988267 0.0071613372209405309
68 5.1548607872434724 0.00091086481821554658 0.0085345377272242912
69 6.005284536870434 0.0011917264098315042 0.0099425240676662818
70 6.8672501391002561 0.0015114793461786849 0.01136961943559645
71 7.7320780225188006 0.0018679528126056685 0.012801453679666888
72 8.5918545182354826 0.0022582261691571409 0.014224924699065368
73 9.4394184714181879 0.0026787337949058122 0.01562817627718243
74 10.2683494131998 0.0031253682010048208 0.017000578498675166
75 11.072948583479182 0.003593573145582864 0.018332696330263545
76 11.848202863677917 0.0040784138018200491 0.01961622990675152
77 12.589723119042457 0.0045746095143078475 0.02084391244874579
78 13.293656403336946 0.0050765227090766628 0.022009364906186997
79 13.956587029086135 0.0055781194399461432 0.023106932167361149
80 14.575459004364902 0.0060729477961352944 0.024131554642988249
81 15.147560958751662 0.0065542036067928917 0.025078743309191492
82 15.670603694062503 0.0070149466600102619 0.025944708102752487
83 16.142889410149692 0.0074484855652692788 0.026726638096274326
84 16.563533124232503 0.0078488805674100381 0.027423068086477653
85 16.932669747673952 0.0082114552386545331 0.028034221436546276
86 17.251578918257724 0.0085331919851775271 0.028562216752082325
87 17.522683840102104 0.0088129195073273284 0.029011065960433947
88 17.749417748273249 0.0090512633855058689 0.029386453225617962
89 17.935986091379309 0.0092503937478588261 0.029695341210892897
90 18.087071885893391 0.0094136427573054057 0.029945483254790382
91 18.207535647924519 0.0095450760984189375 0.030144926569411454
92 18.302149247616299 0.0096490871887619633 0.03030157160201374
93 18.375389127728525 0.0097300607952861672 0.030422829681669743
94 18.431296896397914 0.009792125807976091 0.030515392212579328
95 18.47340360798021 0.009838997388569375 0.030585105311225512
96 18.504707265063249 0.0098738968375899575 0.030636932558051739
97 18.527689793942539 0.0098995315631657029 0.030674983102553871
98 18.54435987462022 0.0099181166347185757 0.030702582573874537
99 18.55631016467887 0.0099314218777386554 0.030722367822316011
100 18.564779931142731 0.0099408316481500742 0.03073639061447472
101 18.570716803162473 0.0099474080440664272 0.03074621987278555
102 18.574833717143036 0.0099519515415414095 0.03075303595553483
103 18.577658853793587 0.0099550554616665409 0.030757713334095341
104 18.579577903041194 0.0099571527912079745 0.030760890567948996
105 18.580868636226167 0.0099585548639265983 0.030763027543420807
106 18.581728435099027 0.0099594823485350502 0.030764451051488454
107 18.582295854593848 0.009960089630404784 0.030765390487738159
108 18.582666918586838 0.0099604832478468637 0.030766004832097415
109 18.58290749864501 0.0099607359699641369 0.030766403143452005
110 18.583062104611358 0.0099608965265070345 0.030766659113594962
111 18.583160661931437 0.0099609976744681212 0.030766822287965956
112 18.583223012262316 0.009961060763994764 0.03076692551699059
113 18.583262127461012 0.009961099721208155 0.030766990277253332
114 18.583286488601384 0.0099611235549513684 0.030767030610267192
115 18.583301493953929 0.0099611380149735394 0.030767055453566106
116 18.58331073665272 0.0099611467279520517 0.030767070756047551
117 18.583316403291068 0.0099611519102982462 0.030767080137899118
118 18.583319847145937 0.0099611549542168356 0.030767085839645592
119 18.583321920475793 0.0099611567246736948 0.030767089272310914
120 18.583323163649855 0.0099611577410110997 0.030767091330546118
121 18.583323903851134 0.0099611583181150841 0.030767092556044925
122 18.58332434273435 0.0099611586398704842 0.030767093282672766
123 18.583324601265996 0.0099611588178138387 0.030767093710705292
124 18.583324752977902 0.0099611589145030509 0.030767093961883943
125 18.583324841625306 0.0099611589660446847 0.03076709410865117
126 18.583324893219174 0.0099611589926061356 0.030767094194071479
127 18.583324923154077 0.00996115900629258 0.030767094243632578
128 18.583324940469584 0.009961159012941664 0.030767094272300635
129 18.58332495046707 0.0099611590160835761 0.030767094288852763
130 18.58332495046707 0.0099611590160835761 0.030767094288852763
131 18.58332495046707 0.0099611590160835761 0.030767094288852763
132 18.58332495046707 0.0099611590160835761 0.030767094288852763
133 18.58332495046707 0.0099611590160835761 0.030767094288852763
134 18.58332495046707 0.0099611590160835761 0.030767094288852763
135 18.58332495046707 0.0099611590160835761 0.030767094288852763
136 18.58332495046707 0.0099611590160835761 0.030767094288852763
137 18.58332495046707 0.0099611590160835761 0.030767094288852763
138 18.58332495046707 0.0099611590160835761 0.030767094288852763
139 18.58332495046707 0.0099611590160835761 0.030767094288852763
140 18.58332495046707 0.0099611590160835761 0.030767094288852763
141 18.58332495046707 0.0099611590160835761 0.030767094288852763
142 18.58332495046707 0.0099611590160835761 0.030767094288852763
143 18.58332495046707 0.0099611590160835761 0.030767094288852763
144 18.58332495046707 0.0099611590160835761 0.030767094288852763
145 18.58332495046707 0.0099611590160835761 0.030767094288852763
146 18.58332495046707 0.0099611590160835761 0.030767094288852763
147 18.58332495046707 0.0099611590160835761 0.030767094288852763
148 18.58332495046707 0.0099611590160835761 0.030767094288852763
149 18.58332495046707 0.0099611590160835761 0.030767094288852763
150 18.58332495046707 0.0099611590160835761 0.030767094288852763
151 18.58332495046707 0.0099611590160835761 0.030767094288852763
152 18.58332495046707 0.0099611590160835761 0.030767094288852763
153 18.58332495046707 0.0099611590160835761 0.030767094288852763
154 18.58332495046707 0.0099611590160835761 0.030767094288852763
155 18.58332495046707 0.0099611590160835761 0.030767094288852763
156 18.58332495046707 0.0099611590160835761 0.030767094288852763
157 18.58332495046707 0.0099611590160835761 0.030767094288852763
158 18.58332495046707 0.0099611590160835761 0.030767094288852763
159 18.58332495046707 0.0099611590160835761 0.030767094288852763
160 18.58332495046707 0.0099611590160835761 0.030767094288852763
161 18.58332495046707 0.0099611590160835761 0.030767094288852763
162 18.58332495046707 0.0099611590160835761 0.030767094288852763
163 18.58332495046707 0.0099611590160835761 0.030767094288852763
164 18.58332495046707 0.0099611590160835761 0.030767094288852763
165 18.58332495046707 0.0099611590160835761 0.030767094288852763
166 18.58332495046707 0.0099611590160835761 0.030767094288852763
167 18.58332495046707 0.0099611590160835761 0.030767094288852763
168 18.58332495046707 0.0099611590160835761 0.030767094288852763
169 18.58332495046707 0.0099611590160835761 0.030767094288852763
170 18.58332495046707 0.0099611590160835761 0.030767094288852763
171 18.58332495046707 0.0099611590160835761 0.030767094288852763
172 18.58332495046707 0.0099611590160835761 0.030767094288852763
173 18.58332495046707 0.0099611590160835761 0.030767094288852763
174 18.58332495046707 0.0099611590160835761 0.030767094288852763
175 18.58332495046707 0.0099611590160835761 0.030767094288852763
176 18.58332495046707 0.0099611590160835761 0.030767094288852763
177 18.58332495046707 0.0099611590160835761 0.030767094288852763
178 18.58332495046707 0.0099611590160835761 0.030767094288852763
179 18.58332495046707 0.0099611590160835761 0.030767094288852763
180 18.58332495046707 0.0099611590160835761 0.030767094288852763
181 18.58332495046707 0.0099611590160835761 0.030767094288852763
182 18.58332495046707 0.0099611590160835761 0.030767094288852763
183 18.58332495046707 0.0099611590160835761 0.030767094288852763
184 18.58332495046707 0.0099611590160835761 0.030767094288852763
185 18.58332495046707 0.0099611590160835761 0.030767094288852763
186 18.58332495046707 0.0099611590160835761 0.030767094288852763
187 18.58332495046707 0.0099611590160835761 0.030767094288852763
188 18.58332495046707 0.0099611590160835761 0.030767094288852763
189 18.58332495046707 0.0099611590160835761 0.030767094288852763
190 18.58332495046707 0.0099611590160835761 0.030767094288852763
191 18.58332495046707 0.0099611590160835761 0.030767094288852763
192 18.58332495046707 0.0099611590160835761 0.030767094288852763
193 18.58332495046707 0.0099611590160835761 0.030767094288852763
194 18.58332495046707 0.0099611590160835761 0.030767094288852763
195 18.58332495046707 0.0099611590160835761 0.030767094288852763
196 18.58332495046707 0.0099611590160835761 0.030767094288852763
197 18.58332495046707 0.0099611590160835761 0.030767094288852763
198 18.58332495046707 0.0099611590160835761 0.030767094288852763
199 18.58332495046707 0.0099611590160835761 0.030767094288852763
200 18.58332495046707 0.0099611590160835761 0.030767094288852763
201 18.58332495046707 0.0099611590160835761 0.030767094288852763
202 18.58332495046707 0.0099611590160835761 0.030767094288852763
203 18.58332495046707 0.0099611590160835761 0.030767094288852763
204 18.58332495046707 0.0099611590160835761 0.030767094288852763
205 18.58332495046707 0.0099611590160835761 0.030767094288852763
206 18.58332495046707 0.0099611590160835761 0.030767094288852763
207 18.58332495046707 0.0099611590160835761 0.030767094288852763
208 18.58332495046707 0.0099611590160835761 0.030767094288852763
209 18.58332495046707 0.0099611590160835761 0.030767094288852763
210 18.58332495046707 0.0099611590160835761 0.030767094288852763
211 18.58332495046707 0.0099611590160835761 0.030767094288852763
212 18.58332495046707 0.0099611590160835761 0.030767094288852763
213 18.58332495046707 0.0099611590160835761 0.030767094288852763
214 18.58332495046707 0.0099611590160835761 0.030767094288852763
215 18.58332495046707 0.0099611590160835761 0.030767094288852763
216 18.58332495046707 0.0099611590160835761 0.030767094288852763
217 18.58332495046707 0.0099611590160835761 0.030767094288852763
218 18.58332495046707 0.0099611590160835761 0.030767094288852763
219 18.58332495046707 0.0099611590160835761 0.030767094288852763
220 18.58332495046707 0.0099611590160835761 0.030767094288852763
221 18.58332495046707 0.0099611590160835761 0.030767094288852763
222 18.58332495046707 0.0099611590160835761 0.030767094288852763
223 18.58332495046707 0.0099611590160835761 0.030767094288852763
224 18.58332495046707 0.0099611590160835761 0.030767094288852763
225 18.58332495046707 0.0099611590160835761 0.030767094288852763
226 18.58332495046707 0.0099611590160835761 0.030767094288852763
227 18.58332495046707 0.0099611590160835761 0.030767094288852763
228 18.58332495046707 0.0099611590160835761 0.030767094288852763
229 18.58332495046707 0.0099611590160835761 0.030767094288852763
230 18.58332495046707 0.0099611590160835761 0.030767094288852763
231 18.58332495046707 0.0099611590160835761 0.030767094288852763
232 18.58332495046707 0.0099611590160835761 0.030767094288852763
233 18.58332495046707 0.0099611590160835761 0.030767094288852763
234 18.58332495046707 0.0099611590160835761 0.030767094288852763
235 18.58332495046707 0.0099611590160835761 0.030767094288852763
236 18.58332495046707 0.0099611590160835761 0.030767094288852763
237 18.58332495046707 0.0099611590160835761 0.030767094288852763
238 18.58332495046707 0.0099611590160835761 0.030767094288852763
239 18.58332495046707 0.0099611590160835761 0.030767094288852763
240 18.58332495046707 0.0099611590160835761 0.030767094288852763
241 18.58332495046707 0.0099611590160835761 0.030767094288852763
242 18.58332495046707 0.0099611590160835761 0.030767094288852763
243 18.58332495046707 0.0099611590160835761 0.030767094288852763
244 18.58332495046707 0.0099611590160835761 0.030767094288852763
245 18.58332495046707 0.0099611590160835761 0.030767094288852763
246 18.58332495046707 0.0099611590160835761 0.030767094288852763
247 18.58332495046707 0.0099611590160835761 0.030767094288852763
248 18.58332495046707 0.0099611590160835761 0.030767094288852763
249 18.58332495046707 0.0099611590160835761 0.030767094288852763
250 18.58332495046707 0.0099611590160835761 0.030767094288852763
251 18.58332495046707 0.0099611590160835761 0.030767094288852763
252 18.58332495046707 0.0099611590160835761 0.030767094288852763
253 18.58332495046707 0.0099611590160835761 0.030767094288852763
254 18.58332495046707 0.0099611590160835761 0.030767094288852763
255 18.58332495046707 0.0099611590160835761 0.030767094288852763
256 18.58332495046707 0.0099611590160835761 0.030767094288852763
257 18.58332495046707 0.0099611590160835761 0.030767094288852763
258 18.58332495046707 0.0099611590160835761 0.030767094288852763
259 18.58332495046707 0.0099611590160835761 0.030767094288852763
260 18.58332495046707 0.0099611590160835761 0.030767094288852763
261 18.58332495046707 0.0099611590160835761 0.030767094288852763
262 18.58332495046707 0.0099611590160835761 0.030767094288852763
263 18.58332495046707 0.0099611590160835761 0.030767094288852763
264 18.58332495046707 0.0099611590160835761 0.030767094288852763
265 18.58332495046707 0.0099611590160835761 0.030767094288852763
266 18.58332495046707 0.0099611590160835761 0.030767094288852763
267 18.58332495046707 0.0099611590160835761 0.030767094288852763
268 18.58332495046707 0.0099611590160835761 0.030767094288852763
269 18.58332495046707 0.0099611590160835761 0.030767094288852763
270 18.58332495046707 0.0099611590160835761 0.030767094288852763
271 18.58332495046707 0.0099611590160835761 0.030767094288852763
272 18.58332495046707 0.0099611590160835761 0.030767094288852763
273 18.58332495046707 0.0099611590160835761 0.030767094288852763
274 18.58332495046707 0.0099611590160835761 0.030767094288852763
275 18.58332495046707 0.0099611590160835761 0.030767094288852763
276 18.58332495046707 0.0099611590160835761 0.030767094288852763
277 18.58332495046707 0.0099611590160835761 0.030767094288852763
278 18.58332495046707 0.0099611590160835761 0.030767094288852763
279 18.58332495046707 0.0099611590160835761 0.030767094288852763
280 18.58332495046707 0.0099611590160835761 0.030767094288852763
281 18.58332495046707 0.0099611590160835761 0.030767094288852763
282 18.58332495046707 0.0099611590160835761 0.030767094288852763
283 18.58332495046707 0.0099611590160835761 0.030767094288852763
284 18.58332495046707 0.0099611590160835761 0.030767094288852763
285 18.58332495046707 0.0099611590160835761 0.030767094288852763
286 18.58332495046707 0.0099611590160835761 0.030767094288852763
287 18.58332495046707 0.0099611590160835761 0.030767094288852763
288 18.58332495046707 0.0099611590160835761 0.030767094288852763
289 18.58332495046707 0.0099611590160835761 0.030767094288852763
290 18.58332495046707 0.0099611590160835761 0.030767094288852763
291 18.58332495046707 0.0099611590160835761 0.030767094288852763
292 18.58332495046707 0.0099611590160835761 0.030767094288852763
293 18.58332495046707 0.0099611590160835761 0.030767094288852763
294 18.58332495046707 0.0099611590160835761 0.030767094288852763
295 18.58332495046707 0.0099611590160835761 0.030767094288852763
296 18.58332495046707 0.0099611590160835761 0.030767094288852763
297 18.58332495046707 0.0099611590160835761 0.030767094288852763
298 18.58332495046707 0.0099611590160835761 0.030767094288852763
299 18.58332495046707 0.0099611590160835761 0.030767094288852763
300 16.997729920699275 0.0095007303529182092 0.028141936954800124
301 15.567098039244474 0.0090303437368048408 0.025773341124576944
302 14.274860825301319 0.0085599500437132763 0.023633875538578344
303 13.106358019018955 0.0080966927073259712 0.021699268243408867
304 12.048595246269 0.0076456198471953835 0.01994800537461755
305 11.090039202951759 0.0072102058442854375 0.018360992057867152
306 10.220441913111474 0.0067927396505503565 0.016921261445548796
307 9.4306885503769333 0.0063946174105261652 0.015613722765524723
308 8.7126648777104734 0.0060165649353486226 0.014424941850514029
309 8.0591413063474135 0.0056588079130262163 0.013342949182694394
310 7.463671197542161 0.0053212026716231223 0.012357071519109537
311 6.920501469344158 0.0050033368722349663 0.011457783889642645
312 6.4244938959682107 0.0047046070958444812 0.010636579297960613
313 5.9710557357975986 0.0044242785676965038 0.0098858538672145675
314 5.5560785224518314 0.0041615310080076054 0.0091988055007480654
315 5.1758840146454137 0.0039154936710911479 0.0085693443951083016
316 4.8271764366295988 0.0036852719463394165 0.0079920139679297997
317 4.5070002481651734 0.003469967355558868 0.0074619209406708168
318 4.212702783964505 0.0032686923913334857 0.0069746734833849421
319 3.9419011825683481 0.0030805813241488555 0.0065263264612058745
320 3.6924530962019699 0.0029047978669291662 0.0061133329407317381
321 3.462430734556603 0.0027405403966400898 0.0057325012161533158
322 3.2500978502703886 0.002587045286989653 0.0053809567057456764
323 3.0538893229532453 0.0024435887913040973 0.0050561081505848433
324 2.8723930320616371 0.0023094878148587532 0.004755617602751055
325 2.7043337604264015 0.0021840998591895937 0.0044773737755403999
326 2.5485588825973999 0.0020668223429142264 0.0042194683486711923
327 2.4040256401244937 0.0019570914780052441 0.0039801749008683673
328 2.2697898146312188 0.0018543808276789261 0.0037579301566742032
329 2.1449956410310973 0.0017581996530815467 0.0035513172864753265
330 2.0288668177213092 0.0016680911277409652 0.0033590510227173992
331 1.9206984890208285 0.0015836304819480057 0.0031799643857960739
332 1.8198500893787191 0.0015044231247323247 0.0030129968367197334
333 1.7257389545738939 0.0014301027799294892 0.0028571836996256522
334 1.6378346073379468 0.0013603296591223272 0.0027116467008906405
335 1.5556536476883531 0.0012947886926494593 0.0025755855094178031
336 1.4787551789220201 0.0012331878319080151 0.0024482701637781792
337 1.4067367201642051 0.0011752564440174157 0.0023290343049076245
338 1.3392305157938655 0.0011207437596517638 0.0022172690658838834
339 1.2759002554393934 0.0010694174466254025 0.0021124176414559492
340 1.2164381048897401 0.0010210622416747088 0.0020139703723340069
341 1.1605620560178422 0.00097547869143496928 0.0019214603576454342
342 1.108013528521212 0.00093248195857742412 0.0018344594843066424
343 1.0585552218148004 0.00089190072387469353 0.0017525748705543053
344 1.0119691771361334 0.0008535761613461439 0.0016754456575101546
345 0.96805502886371531 0.00081736098521289504 0.0016027401140127737
346 0.92662843048050214 0.00078311857200097509 0.0015341530305968579
347 0.88751962900626269 0.00075072214190078041 0.0014694033592818918
348 0.85057218586214911 0.00072005401429831647 0.0014082320957982601
349 0.81564180723975921 0.00069100490296604173 0.0013504003431121841
350 0.78259529590265897 0.0006634732792655544 0.0012956875759977796
351 0.75130959736372538 0.00063736477887084181 0.0012438900618604726
352 0.72167094188383751 0.0006125916629558224 0.0011948194402050291
353 0.69357405387818327 0.00058907230607900085 0.0011483014137056015
354 0.66692144426831224 0.00056673073746746979 0.0011041745766031659
355 0.64162276795800832 0.00054549621808144225 0.0010622893509238548
356 0.61759423071375252 0.00052530284060823434 0.0010225070044929678
357 0.59475806158469058 0.00050608917560552224 0.00098469877745809703
358 0.57304202199153265 0.00048779793260334822 0.00094874506952240506
359 0.55237896359067962 0.00047037565458591329 0.00091453470793158873
360 0.53270642458474449 0.00045377243574488475 0.00088196427911381534
361 0.51396626256543965 0.00043794166292575017 0.00085093752080370806
362 0.49610431483537665 0.00042283977213508883 0.00082136475966121966
363 0.47907009164114855 0.00040842602861056702 0.00079316240337938505
364 0.46281649555054133 0.00039466232384105905 0.0007662524760770552
365 0.44729956307267676 0.00038151298663410382 0.00074056219051767678
366 0.43247822684628284 0.00036894460749908279 0.00071602355438126299
367 0.41831410339461994 0.00035692588320339124 0.00069257301886526475
368 0.40477129031449011 0.00034542746388327813 0.00067015114290478492
369 0.39181618675435836 0.00033442181950561436 0.00064870229595092449
370 0.3794173241773704 0.00032388311148595341 0.00062817437777710333
371 0.36754521375144633 0.00031378707747802014 0.00060851856581365282
372 0.3561722045969834 0.00030411092321818751 0.00058968908045858176
373 0.34527235299579451 0.00029483322212932658 0.00057164296853608361
374 0.33482130237532942 0.00028593382294823624 0.00055433990459491627
375 0.32479617380257031 0.00027739376544510917 0.00053774200960690448
376 0.31517546214250841 0.00026919519915841276 0.00052181367904388805
377 0.30593894280273026 0.0002613213109944386 0.00050652142848134146
378 0.29706758515698584 0.00025375625759933688 0.0004918337502599103
379 0.28854347117835627 0.00024648510111268589 0.00047772097877211305
380 0.2803497212883076 0.00023949375076095508 0.00046415516769587352
381 0.27247042628087659 0.0002327689092131912 0.0004511099772862195
382 0.26489058276429245 0.0002262980210926912 0.00043856056749055043
383 0.25759603407015536 0.00022006922591383255 0.00042648350011615125
384 0.25057341597458727 0.00021407131486612019 0.00041485664896454845
385 0.24381010589825861 0.00020829369011329127 0.00040365911572559372
386 0.23729417553613164 0.00020272632670697709 0.00039287115154988683
387 0.23101434683047983 0.0001973597370604248 0.00038247408415642358
388 0.22495995173840475 0.00019218493859084865 0.00037245025122252442
389 0.2191208941456938 0.00018719342286135441 0.00036278293732730759
390 0.21348761490006232 0.00018237712725777892 0.00035345631605970584
391 0.10536409137761653 9.000886568235483e-05 0.0001744438598967161
392 0.20538731924902506 0.00017545054424018361 0.00034004523054474348
393 0.10138518982969826 8.6606280877574729e-05 0.00016785627455248055
394 0.10009952380854158 8.5506726324629121e-05 0.00016572768842473772
395 0.19521929285442097 0.00016675408861418286 0.00032321074975897511
396 0.096389194701120326 8.2333096696702009e-05 0.00015958475943894093
397 0.095189630595085964 8.1306965011873942e-05 0.00015759872615080458
398 0.18573033404848241 0.00015863676674768778 0.00030750055306040134
399 0.091725388362503268 7.8343262254541006e-05 0.0001518632257657339
400 0.090604771573004672 7.7384495194206227e-05 0.00015000789995530574
401 0.17686416056786275 0.00015105091239729377 0.00029282145789381251
402 0.17266076022036742 0.00014745407498798643 0.0002858621857953103
403 0.16859352993661131 0.00014397354467688588 0.00027912836082220416
404 0.1646569410446285 0.00014060462615030284 0.00027261082954408691
405 0.081362522907220264 6.947564114015687e-05 0.00013470616375367594
406 0.15897497312154704 0.00013574175402259283 0.00026320359788335604
407 0.15534284576996166 0.00013263304632717441 0.00025719014200324778
408 0.15182402336430387 0.00012962120426839279 0.00025136427709321834
409 0.14841404125177515 0.00012670244327995855 0.00024571861134399861
410 0.14510868663052462 0.00012387316907531111 0.00024024616991808712
411 0.14190393936566201 0.00012112995095185411 0.00023494029696301657
412 0.070164810494722715 5.9891178227472629e-05 0.00011616690479258727
413 0.13726884714635265 0.00011716232731291583 0.00022726630322243815
414 0.067882467705201857 5.7937488131414423e-05 0.00011238819156490373
415 0.13284004637329128 0.00011337123416679156 0.00021993385161140939
416 0.13000137318418437 0.00011094128414547057 0.00021523406156321914
417 0.12724571116169917 0.00010858239721823514 0.00021067170722135624
418 0.12457001054770912 0.00010629196796937531 0.0002062417393173992
419 0.12197135155915856 0.00010406750382048086 0.00020193932377344132
420 0.11944694893833842 0.00010190662156381926 0.00019775984923565962
421 0.11699411753552644 9.9807037439266289e-05 0.00019369887009193119
422 0.11461030870862157 9.7766569080819495e-05 0.00018975216673612844
423 0.11229308146553017 9.578312628757236e-05 0.00018591569779061287
424 0.11004008171506208 9.3854705392535981e-05 0.00018218556575341402
425 0.10784907130642014 9.1979388693847584e-05 0.00017855806507685454
426 0.10571790038230484 9.0155337758495211e-05 0.00017502963639454445
427 0.10364450842863457 8.8380790259896222e-05 0.00017159686825932876
428 0.10162692399921233 8.6654056339708859e-05 0.00016825649668743764
429 0.099663244490439604 8.4973514981904412e-05 0.00016500537167291325
430 0.09775165993089753 8.3337611262927555e-05 0.00016184049657433366
431 0.095890420229556073 8.1744852509988718e-05 0.0001587589738899935
432 0.094077854910503328 8.0193806144353321e-05 0.00015575803793129689
433 0.092312359921217141 7.8683096155174323e-05 0.00015283503298214759
434 0.09059238864769463 7.7211401534382516e-05 0.00014998739842333547
435 0.08891645671924174 7.5777452690128482e-05 0.00014721267668748632
436 0.087283142173754436 7.4380029521297993e-05 0.00014450851353270603
437 0.085691075897366936 7.3017959255987721e-05 0.00014187264221418366
438 0.084138941636100778 7.1690114261070589e-05 0.00013930288350347812
439 0.082625473582897041 7.0395410041722452e-05 0.00013679714169353814
440 0.081149454191767778 6.9132803307500327e-05 0.00013435340097974797
441 0.079709711996011234 6.7901290169970286e-05 0.00013196972184770071
442 0.078305119594368561 6.6699904412930445e-05 0.00012964423773902079
443 0.07693459172543185 6.5527715846268856e-05 0.00012737515186329775
444 0.075597083423521727 6.4383828758257642e-05 0.00012516073414490353
445 0.074291588284857019 6.3267380421868448e-05 0.0001229993183524123
446 0.073017137952790898 6.2177539438634466e-05 0.00012088930124634254
447 0.071772797013846298 6.1113505365432413e-05 0.0001188291341288846
448 0.070557664162307035 6.0074506051870623e-05 0.00011681732477203151
449 0.069370872567490929 5.9059797262033693e-05 0.00011485243802564724
450 0.068211585359637589 5.8068661362093224e-05 0.00011293308834377084
451 0.067078996252929735 5.7100405989350474e-05 0.00011105794081610883
452 0.065972324922728393 5.6154363857466338e-05 0.00010922570351445098
453 0.064890820993595777 5.5229890449938396e-05 0.00010743513409535725
454 0.0638337601930455 5.4326363730820272e-05 0.00010568503343219454
455 0.062800441824820044 5.3443183854123376e-05 0.00010397424143182126
456 0.06179018957517584 5.2579771024490807e-05 0.00010230163836949642
457 0.060802352223915807 5.1735565351897443e-05 0.00010066614606608577
458 0.059836298184855356 5.0910026546403129e-05 9.9066718849098278e-05
459 0.058891419778039376 5.0102631892464361e-05 9.7502350625893001e-05
460 0.057967127993155246 4.931287700031819e-05 9.5972066213833186e-05
461 0.057062853539835812 4.8540273897352281e-05 9.4474923079198369e-05
462 0.056178047266282137 4.7784350943086198e-05 9.3010012030268443e-05
463 0.055312177628552103 4.704465214492736e-05 9.1576453027404143e-05
464 0.054464731032023934 4.6320736394143482e-05 9.0173395748383993e-05
465 0.05363520979813844 4.5612177377538245e-05 8.8800016222083508e-05
466 0.052823132460744687 4.491856235440777e-05 8.7455517319113716e-05
467 0.05202803444907645 4.4239491878809399e-05 8.6139129882576899e-05
468 0.051249464439095956 4.3574579738216065e-05 8.4850106687244965e-05
469 0.050486987237705866 4.2923451542779061e-05 8.3587727214744814e-05
470 0.049740179836635312 4.2285745517103298e-05 8.2351291120257144e-05
471 0.049008633896157082 4.1661110766859355e-05 8.1140122344630926e-05
472 0.048291953469524848 4.1049207639745573e-05 7.9953565346895449e-05
473 0.047589755043758564 4.0449707122300654e-05 7.8790985171785699e-05
474 0.046901667047227306 3.9862290452325798e-05 7.7651766634482302e-05
475 0.046227329735889292 3.9286648674977864e-05 7.6535314132267045e-05
476 0.045566393491124027 3.8722482576688028e-05 7.5441048826364282e-05
477 0.044918520669600871 3.816950176193931e-05 7.436841170463721e-05
478 0.044283382719439685 3.7627425181745461e-05 7.3316858807019342e-05
479 0.043660662214276252 3.7095979914614787e-05 7.2285864593172599e-05
480 0.043050050139263378 3.6574901363641812e-05 7.127491744911155e-05
481 0.042451247900511094 3.6063932900970101e-05 7.0283523014091215e-05
482 0.041863965008032189 3.5562825673819805e-05 6.9311200344424157e-05
483 0.041287919825963387 3.5071338045067175e-05 6.8357483155568528e-05
484 0.040722839083879407 3.4589235588052169e-05 6.7421919013045382e-05
485 0.040168457226274837 3.411629081652773e-05 6.6504068255421916e-05
486 0.039624517052828087 3.3652282871305429e-05 6.560350505435114e-05
487 0.039090768739750072 3.3196997302391161e-05 6.4719815794288203e-05
488 0.038566969308013226 3.2750225983196887e-05 6.3852598192074879e-05
489 0.038052882978744422 3.2311766609849368e-05 6.300146188533845e-05
490 0.037548280444013704 3.1881422765016878e-05 6.216602722518825e-05
491 0.037052939698578383 3.1459003678298651e-05 6.1345926653275464e-05
492 0.036566644098511292 3.1044323939389076e-05 6.054080148760148e-05
493 0.036089183999717785 3.0637203419801482e-05 5.9750304635294348e-05
494 0.035620355009977622 3.0237467069016186e-05 5.8974097698638447e-05
495 0.035159958679866064 2.9844944682035273e-05 5.8211852118983551e-05
496 0.034707801999535388 2.9459470775033496e-05 5.7463248343601639e-05
497 0.034263697388283908 2.9080884513735116e-05 5.6727975808417069e-05
498 0.033827462187097784 2.8709029388341816e-05 5.6005732097844014e-05
499 0.033398919357514163 2.8343753382627607e-05 5.5296224101844639e-05
500 0.032977896098639166 2.7984908516491617e-05 5.4599165726223784e-05
501 0.032564224481885951 2.7632350796121408e-05 5.3914278943519784e-05
502 0.032157740968575106 2.7285940118391654e-05 5.3241292994329645e-05
503 0.031758286918408152 2.6945540282773107e-05 5.2579945229152571e-05
504 0.031365707270574292 2.6611018612255668e-05 5.1929978924791872e-05
505 0.030979851741662873 2.628224606171088e-05 5.1291145267653762e-05
506 0.030600573571815528 2.5959096980879382e-05 5.066320127784028e-05
507 0.030227730014556822 2.564144900189412e-05 5.0045910620127188e-05
508 0.029861182071877202 2.5329182993909316e-05 4.9439043165359605e-05
509 0.029500794383882631 2.5022182950972258e-05 4.8842374807752703e-05
510 0.029146435125061165 2.4720335901692153e-05 4.8255687293147624e-05
511 0.028797975864823692 2.4423531784223166e-05 4.7678767988118697e-05
512 0.028455291519306484 2.4131663420516005e-05 4.71114098001763e-05
513 0.028118260193034404 2.3844626362329239e-05 4.6553410915619876e-05
514 0.027786763113106874 2.3562318837870137e-05 4.6004574690574292e-05
515 0.027460684486487863 2.3284641644339413e-05 4.5464709414715005e-05
516 0.027139911524223216 2.3011498143769144e-05 4.4933628351362944e-05
517 0.026824334096885751 2.2742794038068837e-05 4.4411149167029388e-05
518 0.026513845273003343 2.2478437596102387e-05 4.389709482285322e-05
519 0.026208340392352338 2.2218339253890425e-05 4.339129204031844e-05
520 0.025907717518474562 2.1962411671109058e-05 4.289357205045457e-05
521 0.025611877235650782 2.1710569696442707e-05 4.2403770257699969e-05
522 0.025320722607354351 2.1462730283961144e-05 4.1921726171116478e-05
523 0.025034159045600506 2.1218812448419958e-05 4.1447283188080311e-05
524 0.024752094308097605 2.0978737174587708e-05 4.0980288589565572e-05
525 0.024474438361935046 2.0742427361897514e-05 4.0520593314461999e-05
526 0.02420110323521622 2.0509807709315118e-05 4.0068051713934137e-05
527 0.023932003484865495 2.0280804959563685e-05 3.9622522325936248e-05
528 0.023667055340645657 2.0055347442630676e-05 3.9183866458022614e-05
529 0.023406177156983867 1.9833365238571966e-05 3.8751948935403754e-05
530 0.023149289231354658 1.9614790106601573e-05 3.8326637800256055e-05
531 0.022896313759261783 1.9399555433942114e-05 3.7907804237188383e-05
532 0.022647174765188901 1.9187596175710105e-05 3.7495322458922024e-05
533 0.022401798076614528 1.8978848831839426e-05 3.7089069663269087e-05
534 0.022160111231592762 1.8773251375355635e-05 3.6688925880120469e-05
535 0.021922043488077175 1.8570743248105992e-05 3.6294773986882738e-05
536 0.021687525750177114 1.8371265299074915e-05 3.5906499586385951e-05
537 0.021456490501785712 1.8174759751091601e-05 3.5523990896996209e-05
538 0.021228871791107978 1.7981170155205924e-05 3.5147138726999961e-05
539 0.021004605193521871 1.7790441370768382e-05 3.477583641311568e-05
540 0.020783627736818081 1.7602519507511827e-05 3.4409979696718677e-05
541 0.020565877901186806 1.7417351918833111e-05 3.4049466723819212e-05
542 0.020351295547671271 1.7234887143592594e-05 3.3694197926608066e-05
543 0.020139821912244772 1.7055074897647365e-05 3.3344076013650281e-05
544 0.019931399535629859 1.6877866016438433e-05 3.299900585369182e-05
545 0.019725972148567254 1.6703212382016432e-05 3.2658894285707374e-05
546 0.019523485045521795 1.6531067134883391e-05 3.2323650737618862e-05
547 0.019323884460566258 1.6361384309273639e-05 3.1993186192990493e-05
548 0.019127117874545387 1.6194118983691292e-05 3.1667413699578453e-05
549 0.018933133864801669 1.6029227181459251e-05 3.1346248120532564e-05
550 0.018741882394236416 1.5866666056820646e-05 3.1029606612974198e-05
551 0.018553314264498511 1.5706393553688534e-05 3.0717407722679651e-05
552 0.018367381439509299 1.5548368585721173e-05 3.0409571919717382e-05
553 0.018184036917291847 1.5392550960431108e-05 3.0106021386244781e-05
554 0.018003234721982515 1.5238901352266363e-05 2.9806680003282309e-05
555 0.01782492985558776 1.5087381280701513e-05 2.9511473270840662e-05
556 0.017649078304715491 1.4937953102099494e-05 2.9220328319065384e-05
557 0.01747563697519482 1.4790579977787891e-05 2.8933173799991423e-05
558 0.017304563710201691 1.4645225855916485e-05 2.864993991755247e-05
559 0.017135817257609175 1.4501855460305367e-05 2.8370558373525125e-05
560 0.016969357189560795 1.4360434235632896e-05 2.8094962234372177e-05
561 0.016805143975719184 1.4220928382113862e-05 2.7823086052515206e-05
562 0.016643138893363597 1.4083304796226463e-05 2.7554865717489399e-05
563 0.016483304051335333 1.394753108128751e-05 2.72902384955883e-05
564 0.016325602324998793 1.3813575511127715e-05 2.7029142922183432e-05
565 0.016169997381500541 1.3681407022025501e-05 2.6771518843543943e-05
566 0.016016453613834376 1.3550995188214271e-05 2.6517307307672809e-05
567 0.015864936173963139 1.3422310217309988e-05 2.6266450619144269e-05
568 0.015715410909110609 1.3295322928937972e-05 2.6018892233626836e-05
569 0.015567844382175088 1.3170004739745906e-05 2.5774576791680608e-05
570 0.015422203823346156 1.3046327653577657e-05 2.5533450038652575e-05
571 0.015278457139177096 1.2924264238463274e-05 2.5295458839697178e-05
572 0.015136572889909911 1.2803787633937427e-05 2.5060551142234953e-05
573 0.014996520240758846 1.2684871496722098e-05 2.4828675895296102e-05
574 0.014858269010240926 1.2567490032663207e-05 2.4599783129537956e-05
575 0.01472178960301398 1.2451617959521004e-05 2.4373823846049637e-05
576 0.014587053020449051 1.2337230504283105e-05 2.4150750033856045e-05
577 0.014454030830632963 1.2224303380355745e-05 2.3930514620253251e-05
578 0.014322695179566513 1.2112812788307729e-05 2.3713071489348531e-05
579 0.014193018753558719 1.2002735400241128e-05 2.3498375419799202e-05
580 0.014064974781365829 1.1894048348802213e-05 2.3286382088354022e-05
581 0.013938537007692204 1.1786729211093722e-05 2.307704802598047e-05
582 0.013813679698707351 1.1680756003820618e-05 2.2870330626998926e-05
583 0.013690464736242424 1.1576178156148229e-05 2.2666332344772226e-05
584 0.013568692034769564 1.1472831666030071e-05 2.2464721911870141e-05
585 0.013448425567596255 1.1370767715697239e-05 2.2265605244364661e-05
586 0.013329641520873263 1.1269965972470461e-05 2.2068942915353083e-05
587 0.013212316570840101 1.1170406516004696e-05 2.1874696309337915e-05
588 0.013096427804641651 1.1072069785292897e-05 2.168282749112856e-05
589 0.012981952764416571 1.097493660562371e-05 2.1493299278835383e-05
590 0.012868869417755576 1.0878988166149303e-05 2.1306075194959565e-05
591 0.012757156142054119 1.0784206007652855e-05 2.112111944048695e-05
592 0.012646791720032784 1.0690572019349321e-05 2.0938396887471498e-05
593 0.012537755352703265 1.0598068444312259e-05 2.0757873100502095e-05
594 0.012430026627995422 1.0506677856957506e-05 2.0579514284760632e-05
595 0.012323585488612723 1.041638314068693e-05 2.0403287232802522e-05
596 0.012218412275094117 1.03271675138393e-05 2.0229159395851189e-05
597 0.012114487698870673 1.0239014512240906e-05 2.0057098839189855e-05
598 0.012011792796898273 1.0151907955174771e-05 1.988707416705012e-05
599 0.011910308976076865 1.0065831973527595e-05 1.9719054596153748e-05
600 0.011810090071561809 9.9808298989403599e-06 1.9553129257552663e-05
601 0.01171097313997903 9.8967679226520842e-06 1.9389028377448723e-05
602 0.011613013541576131 9.8136906577962203e-06 1.9226843611881014e-05
603 0.0115162638089894 9.7316404365500283e-06 1.9066661935412915e-05
604 0.011420566552142885 9.6504879688087815e-06 1.8908222768448486e-05
605 0.011325975764470779 9.5702768121694505e-06 1.8751615504090692e-05
606 0.01123247508873771 9.4909930129139188e-06 1.8596813060824023e-05
607 0.011140115381447779 9.4126776154329917e-06 1.8443899638158575e-05
608 0.011048746270939328 9.3352070392110635e-06 1.8292626276389615e-05
609 0.010958485485482927 9.2586770850538177e-06 1.8143187889872395e-05
610 0.010869186006492674 9.1829669020914766e-06 1.7995341070352109e-05
611 0.010780899186834765 9.1081180053347958e-06 1.7849170839130404e-05
612 0.010693673869909695 9.0341698866781846e-06 1.7704758062764395e-05
613 0.010607367856508981 8.9610056187282147e-06 1.7561867312100963e-05
614 0.010522031248258285 8.888665745782682e-06 1.7420581536851466e-05
615 0.010437711702643061 8.8171888401552732e-06 1.7280979640137518e-05
616 0.010354271663464257 8.7464617558001432e-06 1.714283387990771e-05
617 0.010271760002609452 8.6765240801379003e-06 1.70062251698832e-05
618 0.01019022325373244 8.6074135125068229e-06 1.6871230552537153e-05
619 0.010109528267986619 8.5390204970119119e-06 1.6737629582759301e-05
620 0.010029781281084138 8.4714316952588747e-06 1.6605598147490297e-05
621 0.0099509099590185755 8.4045874000061562e-06 1.647501648844135e-05
622 0.0098729020143516078 8.338477134737189e-06 1.6345864262171538e-05
623 0.0097956885224235717 8.2730439787477339e-06 1.6218027355005915e-05
624 0.0097193719006852062 8.208371549436427e-06 1.6091675332260277e-05
625 0.0096438272795769629 8.1443570392158503e-06 1.596660145625325e-05
626 0.0095691000670210056 8.0810373293668072e-06 1.5842880905663916e-05
627 0.0094952335877621034 8.0184476150692524e-06 1.5720585410202158e-05
628 0.0094221068356510201 7.9564882376790184e-06 1.559951462856129e-05
629 0.0093497641254209687 7.895195221738626e-06 1.5479741929504916e-05
630 0.0092782477733923882 7.8346029712453484e-06 1.5361337373166205e-05
631 0.0092074930653652919 7.7746580293258176e-06 1.5244193816829954e-05
632 0.0091374896191030383 7.7153515476206443e-06 1.5128294071362647e-05
633 0.0090682272271339001 7.6566748270582074e-06 1.5013621236976656e-05
634 0.0089996958691479119 7.5986193283409267e-06 1.490015872375482e-05
635 0.0089318856713365945 7.5411766374495998e-06 1.478789018433211e-05
636 0.0088647869189280616 7.4843384762408037e-06 1.4676799534649109e-05
637 0.0087983404480995713 7.4280559362844967e-06 1.4566788821356907e-05
638 0.0087326366493496507 7.3724030172473939e-06 1.445800769759876e-05
639 0.0086676161124738371 7.3173306141181769e-06 1.4350357802109001e-05
640 0.0086032215099722219 7.262791326485118e-06 1.4243744221808314e-05
641 0.0085394931006214595 7.2088179822686608e-06 1.413823361030043e-05
642 0.0084764694247646093 7.1554420135143353e-06 1.4033889776100346e-05
643 0.0084140935131725488 7.1026163192728793e-06 1.39306183992923e-05
644 0.0083523568541410825 7.0503336488380859e-06 1.3828405387650798e-05
645 0.0082912510667224222 6.9985868631998156e-06 1.3727236865434474e-05
646 0.0082307679051951028 6.9473689388032883e-06 1.3627099180786595e-05
647 0.0081708992483625342 6.896672958469628e-06 1.3527978888017441e-05
648 0.0081116371149970012 6.8464921244524378e-06 1.3429862773173844e-05
649 0.008052973639897593 6.7968197381373982e-06 1.3332737814399988e-05
650 0.0079949010879583459 6.7476492119374659e-06 1.3236591205229049e-05
651 0.0079374118407379915 6.6989740579032395e-06 1.3141410332347668e-05
652 0.0078804984070737511 6.6507878966850676e-06 1.3047182793168462e-05
653 0.0078241534020781541 6.6030844397312142e-06 1.2953896361056546e-05
654 0.0077683695668505038 6.5558575059617039e-06 1.2861539017964411e-05
655 0.0077131397459709126 6.509101002692403e-06 1.2770098917170385e-05
656 0.0076584569038996748 6.4628089394994408e-06 1.2679564410429926e-05
657 0.0076043141041148522 6.4169754105424705e-06 1.2589924013435186e-05
658 0.0075507045271468445 6.3715946098143971e-06 1.2501166435673584e-05
659 0.0074976214487057309 6.3266608126062787e-06 1.2413280544214786e-05
660 0.0074450582567226311 6.2821683899175291e-06 1.2326255391924885e-05
661 0.0073930084315735316 6.2381117917005561e-06 1.2240080184724389e-05
662 0.0073414655606766337 6.1944855591995198e-06 1.2154744305756017e-05
663 0.007290423322639932 6.1512843115164015e-06 1.207023728913896e-05
664 0.0072398754974891582 6.1085027542541604e-06 1.198654883690258e-05
665 0.0071898159539643333 6.0661356687491215e-06 1.1903668797954195e-05
666 0.0071402386579420794 6.0241779191844481e-06 1.1821587182023311e-05
667 0.0070911376628585224 5.9826244444704813e-06 1.17402941438055e-05
668 0.0070425071132654985 5.9414702612410472e-06 1.1659779988850163e-05
669 0.0069943412397478148 5.9007104595376449e-06 1.1580035165145389e-05
670 0.0069466343605612962 5.8603402041823808e-06 1.1501050265829961e-05
671 0.0068993808773784859 5.8203547311648161e-06 1.1422816022149811e-05
672 0.0068525752752464746 5.7807493475937285e-06 1.1345323303388204e-05
673 0.0068062121210202822 5.741519430358247e-06 1.126856311427199e-05
674 0.0067602860616101344 5.7026604246329971e-06 1.119252659206976e-05
675 0.0067147918228085378 5.6641678428733248e-06 1.1117205004649897e-05
676 0.0066697242076434607 5.6260372634102606e-06 1.1042589747754074e-05
677 0.0066250780955826758 5.5882643297656153e-06 1.0968672343679928e-05
678 0.0065808484406012901 5.5508447490057478e-06 1.0895444438081606e-05
679 0.0065370302704122795 5.5137742910795928e-06 1.0822897798695827e-05
680 0.0064936186847196955 5.4770487873296994e-06 1.0751024312449827e-05
681 0.0064506088544745788 5.4406641298524566e-06 1.0679815984229435e-05
682 0.0064079960203572775 5.4046162702034893e-06 1.0609264934366354e-05
683 0.0063657754916051131 5.3689012183959679e-06 1.0539363396697206e-05
684 0.0063239426449300798 5.3335150419748406e-06 1.0470103716771655e-05
685 0.0062824929234114634 5.2984538650705706e-06 1.0401478350018979e-05
686 0.0062414218353064139 5.2637138673831373e-06 1.0333479859778831e-05
687 0.0062007249528469475 5.2292912831554753e-06 1.0266100915309515e-05
688 0.00616039791144517 5.1951824004916284e-06 1.0199334290472135e-05
689 0.0061204364083795922 5.1613835602369633e-06 1.0133172861555617e-05
690 0.0060808362018862083 5.1278911552002749e-06 1.0067609605771868e-05
691 0.0060415931100611898 5.0947016292174524e-06 1.0002637599439056e-05
692 0.0060027030099995739 5.0618114764141094e-06 9.9382500165555852e-06
693 0.0059641618366726799 5.0292172402482848e-06 9.8744401269415236e-06
694 0.005925965582028337 4.9969155127411266e-06 9.8112012947489016e-06
695 0.0058881102940965078 4.9649029337126885e-06 9.7485269769809738e-06
696 0.0058505920759749494 4.9331761899163105e-06 9.6864107218128293e-06
697 0.005813407085027247 4.9017320143527277e-06 9.6248461672636543e-06
698 0.0057765515318635536 4.8705671854007545e-06 9.5638270395091949e-06
699 0.0057400216796494137 4.8396785262254707e-06 9.5033471517374393e-06
700 0.0057038138430399394 4.8090629038697131e-06 9.4434004023840063e-06
