index sum SD mean
50 0.0 0.0 0.0
51 0.0 0.0 0.0
52 0.0 0.0 0.0
53 0.0 0.0 0.0
54 0.0 0.0 0.0
55 0.0 0.0 0.0
56 0.0 0.0 0.0
57 0.0 0.0 0.0
58 0.0 0.0 0.0
59 0.0 0.0 0.0
60 0.021593522948140376 8.2753376802415454e-18 0.00021593522948140377
61 0.075019699054689873 4.4865281581734008e-17 0.00075019699054689869
62 0.15179214950611269 1.1308163821118308e-16 0.0015179214950611268
63 0.24871023555169833 2.0662867676129673e-16 0.0024871023555169832
64 0.36384195797130103 3.2198082010476251e-16 0.0036384195797130102
65 0.49583745821569719 4.536625440571348e-16 0.0049583745821569717
66 0.64367671321083308 6.014331118114979e-16 0.0064367671321083307
67 0.80654969570314605 7.6552748794895474e-16 0.0080654969570314611
68 0.98379055800594428 9.4134987017443019e-16 0.0098379055800594424
69 1.1748379173364178 1.1304119216915138e-15 0.011748379173364179
70 1.3792090737338565 1.3365947872076385e-15 0.013792090737338565
71 1.5964823325075526 1.5477725339937703e-15 0.015964823325075525
72 1.8262832549002199 1.7807263989128092e-15 0.018262832549002198
73 2.0682701068983746 2.0227087020191237e-15 0.020682701068983747
74 2.3221084101172949 2.2706355301557434e-15 0.023221084101172948
75 2.5874132566169381 2.5343767213734165e-15 0.02587413256616938
76 2.8636264670754383 2.8149485388388997e-15 0.028636264670754384
77 3.149792869521959 3.0956024131794191e-15 0.031497928695219592
78 3.4442284114565145 3.3940654865070615e-15 0.034442284114565146
79 3.74414415465729 3.6903820735505456e-15 0.037441441546572897
80 4.0453726038212645 3.9879204482393574e-15 0.040453726038212644
81 4.3423807601142563 4.3011291193260106e-15 0.043423807601142561
82 4.628688008217634 4.5659390768120983e-15 0.046286880082176338
83 4.8976467182655714 4.8394697615010451e-15 0.048976467182655713
84 5.1433733748964565 5.0989380364549225e-15 0.051433733748964566
85 5.3615476188012359 5.32151471572988e-15 0.053615476188012358
86 5.5498622015960279 5.5097127688448343e-15 0.055498622015960279
87 5.7080551571163687 5.6797455431173788e-15 0.057080551571163686
88 5.8376005668221342 5.7971721706214448e-15 0.058376005668221341
89 5.9412094049532707 5.8808366867501267e-15 0.05941209404953271
90 6.0222926862338619 5.9759036706087404e-15 0.06022292686233862
91 6.0844939781686298 6.0485584708005732e-15 0.0608449397816863
92 6.131342590101525 6.0813275896414124e-15 0.061313425901015253
93 6.1660344824999829 6.1357905635911971e-15 0.061660344824999831
94 6.1913220285645405 6.1576788954626564e-15 0.061913220285645408
95 6.2094839875633872 6.2509664685682819e-15 0.06209483987563387
96 6.2223473410282626 6.2168156330588373e-15 0.062223473410282629
97 6.231337717383985 6.2037816403020459e-15 0.062313377173839848
98 6.237541938370228 6.19894654276663e-15 0.06237541938370228
99 6.2417714525514398 6.2135373710438737e-15 0.062417714525514395
100 6.2446210103583182 6.2055539782438853e-15 0.062446210103583179
101 6.246519068286073 6.2328958917193909e-15 0.06246519068286073
102 6.2477694352391389 6.2264333098706527e-15 0.062477694352391387
103 6.2485843273165349 6.222380196982465e-15 0.062485843273165351
104 6.2491098941721157 6.2151800830026714e-15 0.062491098941721154
105 6.2494454342961534 6.2141801073969976e-15 0.062494454342961532
106 6.2496575500885765 6.2159537837384486e-15 0.062496575500885762
107 6.2497903603579861 6.2131214980347337e-15 0.06249790360357986
108 6.2498727041758766 6.2043727894203424e-15 0.062498727041758767
109 6.2499233693785969 6.2114495062443394e-15 0.062499233693785967
110 6.2499542307308751 6.2246214438499326e-15 0.062499542307308753
111 6.2499728711987235 6.2153196035115475e-15 0.062499728711987237
112 6.2499840332807803 6.1972832830251204e-15 0.062499840332807803
113 6.2499906651737396 6.196360713909632e-15 0.062499906651737394
114 6.2499945992366177 6.2502805168610666e-15 0.062499945992366177
115 6.2499969105136834 6.2324609435127181e-15 0.062499969105136832
116 6.2499982487259889 6.2318597379981498e-15 0.062499982487259888
117 6.249999016077477 6.2103273119161469e-15 0.062499990160774767
118 6.2499994538461241 6.2149838256338371e-15 0.062499994538461244
119 6.2499996986297965 6.2216650631232006e-15 0.062499996986297962
120 6.2499998356298416 6.2249850624156218e-15 0.062499998356298415
121 6.2499999111710709 6.2226433586858318e-15 0.062499999111710711
122 6.2499999522920255 6.2101280818482847e-15 0.062499999522920256
123 6.2499999745649761 6.2266010876278965e-15 0.062499999745649765
124 6.2499999865287581 6.2189951499410559e-15 0.062499999865287578
125 6.249999992918883 6.2075740189835276e-15 0.062499999929188831
126 6.2499999962900494 6.2181522958576652e-15 0.062499999962900496
127 6.2499999962900494 6.2181522958576652e-15 0.062499999962900496
128 6.2499999962900494 6.2181522958576652e-15 0.062499999962900496
129 6.2499999962900494 6.2181522958576652e-15 0.062499999962900496
130 6.2499999962900494 6.2181522958576652e-15 0.062499999962900496
131 6.2499999962900494 6.2181522958576652e-15 0.062499999962900496
132 6.2499999962900494 6.2181522958576652e-15 0.062499999962900496
133 6.2499999962900494 6.2181522958576652e-15 0.062499999962900496
134 6.2499999962900494 6.2181522958576652e-15 0.062499999962900496
135 6.2499999962900494 6.2181522958576652e-15 0.062499999962900496
136 6.2499999962900494 6.2181522958576652e-15 0.062499999962900496
137 6.2499999962900494 6.2181522958576652e-15 0.062499999962900496
138 6.2499999962900494 6.2181522958576652e-15 0.062499999962900496
139 6.2499999962900494 6.2181522958576652e-15 0.062499999962900496
140 6.2499999962900494 6.2181522958576652e-15 0.062499999962900496
141 6.2499999962900494 6.2181522958576652e-15 0.062499999962900496
142 6.2499999962900494 6.2181522958576652e-15 0.062499999962900496
143 6.2499999962900494 6.2181522958576652e-15 0.062499999962900496
144 6.2499999962900494 6.2181522958576652e-15 0.062499999962900496
145 6.2499999962900494 6.2181522958576652e-15 0.062499999962900496
146 6.2499999962900494 6.2181522958576652e-15 0.062499999962900496
147 6.2499999962900494 6.2181522958576652e-15 0.062499999962900496
148 6.2499999962900494 6.2181522958576652e-15 0.062499999962900496
149 6.2499999962900494 6.2181522958576652e-15 0.062499999962900496
150 6.2499999962900494 6.2181522958576652e-15 0.062499999962900496
151 6.2499999962900494 6.2181522958576652e-15 0.062499999962900496
152 6.2499999962900494 6.2181522958576652e-15 0.062499999962900496
153 6.2499999962900494 6.2181522958576652e-15 0.062499999962900496
154 6.2499999962900494 6.2181522958576652e-15 0.062499999962900496
155 6.2499999962900494 6.2181522958576652e-15 0.062499999962900496
156 6.2499999962900494 6.2181522958576652e-15 0.062499999962900496
157 6.2499999962900494 6.2181522958576652e-15 0.062499999962900496
158 6.2499999962900494 6.2181522958576652e-15 0.062499999962900496
159 6.2499999962900494 6.2181522958576652e-15 0.062499999962900496
160 6.2499999962900494 6.2181522958576652e-15 0.062499999962900496
161 6.2499999962900494 6.2181522958576652e-15 0.062499999962900496
162 6.2499999962900494 6.2181522958576652e-15 0.062499999962900496
163 6.2499999962900494 6.2181522958576652e-15 0.062499999962900496
164 6.2499999962900494 6.2181522958576652e-15 0.062499999962900496
165 6.2499999962900494 6.2181522958576652e-15 0.062499999962900496
166 6.2499999962900494 6.2181522958576652e-15 0.062499999962900496
167 6.2499999962900494 6.2181522958576652e-15 0.062499999962900496
168 6.2499999962900494 6.2181522958576652e-15 0.062499999962900496
169 6.2499999962900494 6.2181522958576652e-15 0.062499999962900496
170 6.2499999962900494 6.2181522958576652e-15 0.062499999962900496
171 6.2499999962900494 6.2181522958576652e-15 0.062499999962900496
172 6.2499999962900494 6.2181522958576652e-15 0.062499999962900496
173 6.2499999962900494 6.2181522958576652e-15 0.062499999962900496
174 6.2499999962900494 6.2181522958576652e-15 0.062499999962900496
175 6.2499999962900494 6.2181522958576652e-15 0.062499999962900496
176 6.2499999962900494 6.2181522958576652e-15 0.062499999962900496
177 6.2499999962900494 6.2181522958576652e-15 0.062499999962900496
178 6.2499999962900494 6.2181522958576652e-15 0.062499999962900496
179 6.2499999962900494 6.2181522958576652e-15 0.062499999962900496
180 6.2499999962900494 6.2181522958576652e-15 0.062499999962900496
181 6.2499999962900494 6.2181522958576652e-15 0.062499999962900496
182 6.2499999962900494 6.2181522958576652e-15 0.062499999962900496
183 6.2499999962900494 6.2181522958576652e-15 0.062499999962900496
184 6.2499999962900494 6.2181522958576652e-15 0.062499999962900496
185 6.2499999962900494 6.2181522958576652e-15 0.062499999962900496
186 6.2499999962900494 6.2181522958576652e-15 0.062499999962900496
187 6.2499999962900494 6.2181522958576652e-15 0.062499999962900496
188 6.2499999962900494 6.2181522958576652e-15 0.062499999962900496
189 6.2499999962900494 6.2181522958576652e-15 0.062499999962900496
190 6.2499999962900494 6.2181522958576652e-15 0.062499999962900496
191 6.2499999962900494 6.2181522958576652e-15 0.062499999962900496
192 6.2499999962900494 6.2181522958576652e-15 0.062499999962900496
193 6.2499999962900494 6.2181522958576652e-15 0.062499999962900496
194 6.2499999962900494 6.2181522958576652e-15 0.062499999962900496
195 6.2499999962900494 6.2181522958576652e-15 0.062499999962900496
196 6.2499999962900494 6.2181522958576652e-15 0.062499999962900496
197 6.2499999962900494 6.2181522958576652e-15 0.062499999962900496
198 6.2499999962900494 6.2181522958576652e-15 0.062499999962900496
199 6.2499999962900494 6.2181522958576652e-15 0.062499999962900496
200 6.2499999962900494 6.2181522958576652e-15 0.062499999962900496
201 6.2499999962900494 6.2181522958576652e-15 0.062499999962900496
202 6.2499999962900494 6.2181522958576652e-15 0.062499999962900496
203 6.2499999962900494 6.2181522958576652e-15 0.062499999962900496
204 6.2499999962900494 6.2181522958576652e-15 0.062499999962900496
205 6.2499999962900494 6.2181522958576652e-15 0.062499999962900496
206 6.2499999962900494 6.2181522958576652e-15 0.062499999962900496
207 6.2499999962900494 6.2181522958576652e-15 0.062499999962900496
208 6.2499999962900494 6.2181522958576652e-15 0.062499999962900496
209 6.2499999962900494 6.2181522958576652e-15 0.062499999962900496
210 6.2499999962900494 6.2181522958576652e-15 0.062499999962900496
211 6.2499999962900494 6.2181522958576652e-15 0.062499999962900496
212 6.2499999962900494 6.2181522958576652e-15 0.062499999962900496
213 6.2499999962900494 6.2181522958576652e-15 0.062499999962900496
214 6.2499999962900494 6.2181522958576652e-15 0.062499999962900496
215 6.2499999962900494 6.2181522958576652e-15 0.062499999962900496
216 6.2499999962900494 6.2181522958576652e-15 0.062499999962900496
217 6.2499999962900494 6.2181522958576652e-15 0.062499999962900496
218 6.2499999962900494 6.2181522958576652e-15 0.062499999962900496
219 6.2499999962900494 6.2181522958576652e-15 0.062499999962900496
220 6.2499999962900494 6.2181522958576652e-15 0.062499999962900496
221 6.2499999962900494 6.2181522958576652e-15 0.062499999962900496
222 6.2499999962900494 6.2181522958576652e-15 0.062499999962900496
223 6.2499999962900494 6.2181522958576652e-15 0.062499999962900496
224 6.2499999962900494 6.2181522958576652e-15 0.062499999962900496
225 6.2499999962900494 6.2181522958576652e-15 0.062499999962900496
226 6.2499999962900494 6.2181522958576652e-15 0.062499999962900496
227 6.2499999962900494 6.2181522958576652e-15 0.062499999962900496
228 6.2499999962900494 6.2181522958576652e-15 0.062499999962900496
229 6.2499999962900494 6.2181522958576652e-15 0.062499999962900496
230 6.2499999962900494 6.2181522958576652e-15 0.062499999962900496
231 6.2499999962900494 6.2181522958576652e-15 0.062499999962900496
232 6.2499999962900494 6.2181522958576652e-15 0.062499999962900496
233 6.2499999962900494 6.2181522958576652e-15 0.062499999962900496
234 6.2499999962900494 6.2181522958576652e-15 0.062499999962900496
235 6.2499999962900494 6.2181522958576652e-15 0.062499999962900496
236 6.2499999962900494 6.2181522958576652e-15 0.062499999962900496
237 6.2499999962900494 6.2181522958576652e-15 0.062499999962900496
238 6.2499999962900494 6.2181522958576652e-15 0.062499999962900496
239 6.2499999962900494 6.2181522958576652e-15 0.062499999962900496
240 6.2499999962900494 6.2181522958576652e-15 0.062499999962900496
241 6.2499999962900494 6.2181522958576652e-15 0.062499999962900496
242 6.2499999962900494 6.2181522958576652e-15 0.062499999962900496
243 6.2499999962900494 6.2181522958576652e-15 0.062499999962900496
244 6.2499999962900494 6.2181522958576652e-15 0.062499999962900496
245 6.2499999962900494 6.2181522958576652e-15 0.062499999962900496
246 6.2499999962900494 6.2181522958576652e-15 0.062499999962900496
247 6.2499999962900494 6.2181522958576652e-15 0.062499999962900496
248 6.2499999962900494 6.2181522958576652e-15 0.062499999962900496
249 6.2499999962900494 6.2181522958576652e-15 0.062499999962900496
250 6.2499999962900494 6.2181522958576652e-15 0.062499999962900496
251 6.2499999962900494 6.2181522958576652e-15 0.062499999962900496
252 6.2499999962900494 6.2181522958576652e-15 0.062499999962900496
253 6.2499999962900494 6.2181522958576652e-15 0.062499999962900496
254 6.2499999962900494 6.2181522958576652e-15 0.062499999962900496
255 6.2499999962900494 6.2181522958576652e-15 0.062499999962900496
256 6.2499999962900494 6.2181522958576652e-15 0.062499999962900496
257 6.2499999962900494 6.2181522958576652e-15 0.062499999962900496
258 6.2499999962900494 6.2181522958576652e-15 0.062499999962900496
259 6.2499999962900494 6.2181522958576652e-15 0.062499999962900496
260 6.2499999962900494 6.2181522958576652e-15 0.062499999962900496
261 6.2499999962900494 6.2181522958576652e-15 0.062499999962900496
262 6.2499999962900494 6.2181522958576652e-15 0.062499999962900496
263 6.2499999962900494 6.2181522958576652e-15 0.062499999962900496
264 6.2499999962900494 6.2181522958576652e-15 0.062499999962900496
265 6.2499999962900494 6.2181522958576652e-15 0.062499999962900496
266 6.2499999962900494 6.2181522958576652e-15 0.062499999962900496
267 6.2499999962900494 6.2181522958576652e-15 0.062499999962900496
268 6.2499999962900494 6.2181522958576652e-15 0.062499999962900496
269 6.2499999962900494 6.2181522958576652e-15 0.062499999962900496
270 6.2499999962900494 6.2181522958576652e-15 0.062499999962900496
271 6.2499999962900494 6.2181522958576652e-15 0.062499999962900496
272 6.2499999962900494 6.2181522958576652e-15 0.062499999962900496
273 6.2499999962900494 6.2181522958576652e-15 0.062499999962900496
274 6.2499999962900494 6.2181522958576652e-15 0.062499999962900496
275 6.2499999962900494 6.2181522958576652e-15 0.062499999962900496
276 6.2499999962900494 6.2181522958576652e-15 0.062499999962900496
277 6.2499999962900494 6.2181522958576652e-15 0.062499999962900496
278 6.2499999962900494 6.2181522958576652e-15 0.062499999962900496
279 6.2499999962900494 6.2181522958576652e-15 0.062499999962900496
280 6.2499999962900494 6.2181522958576652e-15 0.062499999962900496
281 6.2499999962900494 6.2181522958576652e-15 0.062499999962900496
282 6.2499999962900494 6.2181522958576652e-15 0.062499999962900496
283 6.2499999962900494 6.2181522958576652e-15 0.062499999962900496
284 6.2499999962900494 6.2181522958576652e-15 0.062499999962900496
285 6.2499999962900494 6.2181522958576652e-15 0.062499999962900496
286 6.2499999962900494 6.2181522958576652e-15 0.062499999962900496
287 6.2499999962900494 6.2181522958576652e-15 0.062499999962900496
288 6.2499999962900494 6.2181522958576652e-15 0.062499999962900496
289 6.2499999962900494 6.2181522958576652e-15 0.062499999962900496
290 6.2499999962900494 6.2181522958576652e-15 0.062499999962900496
291 6.2499999962900494 6.2181522958576652e-15 0.062499999962900496
292 6.2499999962900494 6.2181522958576652e-15 0.062499999962900496
293 6.2499999962900494 6.2181522958576652e-15 0.062499999962900496
294 6.2499999962900494 6.2181522958576652e-15 0.062499999962900496
295 6.2499999962900494 6.2181522958576652e-15 0.062499999962900496
296 6.2499999962900494 6.2181522958576652e-15 0.062499999962900496
297 6.2499999962900494 6.2181522958576652e-15 0.062499999962900496
298 6.2499999962900494 6.2181522958576652e-15 0.062499999962900496
299 6.2499999962900494 6.2181522958576652e-15 0.062499999962900496
300 5.8783197522610156 5.8964877823723344e-15 0.058783197522610159
301 5.5252844949858497 5.5402888278716029e-15 0.0552528449498585
302 5.1904666482015509 5.2063384624500446e-15 0.051904666482015506
303 4.8734035353605512 4.87516813356157e-15 0.048734035353605515
304 4.5735990207294988 4.5764038998843704e-15 0.045735990207294991
305 4.2905257556786429 4.3046445107942745e-15 0.042905257556786432
306 4.0236280224083982 4.0305144726748728e-15 0.04023628022408398
307 3.7723250952233429 3.8586468186789438e-15 0.037723250952233431
308 3.5360150211763068 3.556018547586899e-15 0.035360150211763065
309 3.3140789240171165 3.3246484641098994e-15 0.033140789240171165
310 3.1058853103568413 3.1180969232888144e-15 0.031058853103568415
311 2.9107948308153597 2.9157718021839781e-15 0.029107948308153598
312 2.7281647795250294 2.7399341555582039e-15 0.027281647795250295
313 2.5573537140611462 2.5677011100065539e-15 0.02557353714061146
314 2.3977256839537091 2.4132175998659952e-15 0.023977256839537091
315 2.2486542706553116 2.256570383389874e-15 0.022486542706553116
316 2.1095262098778909 2.1183165557789626e-15 0.021095262098778909
317 1.9797446085271313 1.9887961915892575e-15 0.019797446085271314
318 1.8587316194327181 1.8679941929702355e-15 0.018587316194327182
319 1.7459306727365165 1.7583756059132027e-15 0.017459306727365165
320 1.6408082263284509 1.6510794577894365e-15 0.01640808226328451
321 1.5428550453708048 1.5526537171435668e-15 0.015428550453708048
322 1.4515870435795324 1.4597147404742963e-15 0.014515870435795324
323 1.3665457381141706 1.3753325533357628e-15 0.013665457381141706
324 1.2872983579711612 1.2959163235396375e-15 0.012872983579711611
325 1.2134376211635554 1.224162865948907e-15 0.012134376211635553
326 1.1445813134288281 1.1522855291935754e-15 0.011445813134288281
327 1.0803716337820053 1.0841708138387487e-15 0.010803716337820053
328 1.0204743321081695 1.0275484572171034e-15 0.010204743321081695
329 0.96457780135021343 9.7244507048696005e-16 0.0096457780135021341
330 0.9123920317538915 9.1929258123259134e-16 0.0091239203175389142
331 0.86364757118637714 8.6936903111623615e-16 0.0086364757118637722
332 0.81809417955210018 8.2472910016991645e-16 0.0081809417955210021
333 0.77549999230147115 7.8260550538810352e-16 0.0077549999230147118
334 0.73565024912017862 7.389452876223587e-16 0.0073565024912017858
335 0.69834617172620272 7.0607085670950447e-16 0.0069834617172620274
336 0.66340391298325208 6.6952960433308587e-16 0.006634039129832521
337 0.63065358184385745 6.3511632283249395e-16 0.0063065358184385741
338 0.59993799113955937 6.0551488407277522e-16 0.0059993799113955935
339 0.57111210225194753 5.7630212700016879e-16 0.0057111210225194754
340 0.54404190195262969 5.4713795548290813e-16 0.0054404190195262965
341 0.51860361057452853 5.2319926883957628e-16 0.0051860361057452856
342 0.49468296084811736 4.9858338842938966e-16 0.0049468296084811732
343 0.47217422084004285 4.7609181101464402e-16 0.0047217422084004281
344 0.45097994307117978 4.5481560247408875e-16 0.0045097994307117979
345 0.43100992516260461 4.3433653688820357e-16 0.0043100992516260459
346 0.41218087372991252 4.1584975141298896e-16 0.0041218087372991256
347 0.39441582319973056 3.9773724489886363e-16 0.0039441582319973056
348 0.37764344099565716 3.803645022845794e-16 0.0037764344099565717
349 0.36179788902506627 3.6508434010931834e-16 0.0036179788902506627
350 0.34681817050274838 3.5044620916616007e-16 0.0034681817050274837
351 0.33264780614921419 3.3551970155420003e-16 0.003326478061492142
352 0.31923447377676206 3.2177048771512825e-16 0.0031923447377676206
353 0.30652967810999787 3.0971186142131181e-16 0.0030652967810999789
354 0.29448844802647706 2.977286206164456e-16 0.0029448844802647707
355 0.28306905829050705 2.8496730373419598e-16 0.0028306905829050704
356 0.27223279516880172 2.7465317897371539e-16 0.0027223279516880171
357 0.26194363720382463 2.6420117769488677e-16 0.0026194363720382463
358 0.2521681902884565 2.5405710894807179e-16 0.0025216819028845649
359 0.24287532333058751 2.4552099416521468e-16 0.0024287532333058751
360 0.23403612165817844 2.3640467735350942e-16 0.0023403612165817846
361 0.2256236519424332 2.2664717436774219e-16 0.0022562365194243321
362 0.21761284151585567 2.1950666123809518e-16 0.0021761284151585567
363 0.20998031715262105 2.1160588483834781e-16 0.0020998031715262107
364 0.20270417528647719 2.0416549248713483e-16 0.0020270417528647721
365 0.19576418083810404 1.9759725964016317e-16 0.0019576418083810405
366 0.18914124236770277 1.911689873562666e-16 0.0018914124236770278
367 0.18281766566495838 1.8418519899582599e-16 0.0018281766566495838
368 0.176776803441478 1.7828365427102349e-16 0.0017677680344147801
369 0.17100316309775809 1.7221361631031984e-16 0.0017100316309775808
370 0.16548218975858975 1.6731900788802215e-16 0.0016548218975858974
371 0.16020029112307493 1.6170339207136313e-16 0.0016020029112307494
372 0.15514469137814524 1.5678330911791869e-16 0.0015514469137814524
373 0.15030344262183534 1.518336899193949e-16 0.0015030344262183535
374 0.1456653619037579 1.4737087332514043e-16 0.001456653619037579
375 0.14121991018607868 1.426522360734552e-16 0.0014121991018607868
376 0.13695713396390677 1.3830068632979328e-16 0.0013695713396390677
377 0.13286779046942179 1.3456764137007187e-16 0.0013286779046942179
378 0.12894316093774272 1.3030395474479072e-16 0.0012894316093774272
379 0.12517500099846232 1.2652523221034783e-16 0.0012517500099846232
380 0.12155558357532324 1.227683429466349e-16 0.0012155558357532324
381 0.11807759081570497 1.1920674756789693e-16 0.0011807759081570498
382 0.11473422435204354 1.1582342356182897e-16 0.0011473422435204354
383 0.11151897802208717 1.1268755494381798e-16 0.0011151897802208718
384 0.10842571261033161 1.0938585960764072e-16 0.0010842571261033161
385 0.1054487051126021 1.0614657238785594e-16 0.001054487051126021
386 0.10258249925756376 1.0332898372997222e-16 0.0010258249925756376
387 0.099822012479413538 1.0077193624350179e-16 0.00099822012479413528
388 0.097162295148037425 9.8087330575730528e-17 0.0009716229514803742
389 0.094598847375830436 9.5451754960739214e-17 0.00094598847375830433
390 0.092127248820953744 9.2968399636400995e-17 0.00092127248820953747
391 0.089743436203620283 9.0467191221551846e-17 0.00089743436203620279
392 0.087443517948916721 8.8204854040223822e-17 0.00087443517948916725
393 0.085223765942869026 8.5869153604322038e-17 0.0008522376594286903
394 0.083080736017032725 8.3853632961532917e-17 0.00083080736017032729
395 0.081011069467131311 8.1825555719920763e-17 0.00081011069467131316
396 0.079011654595054465 7.9878520966803334e-17 0.00079011654595054464
397 0.077079486223890548 7.7764096447211844e-17 0.00077079486223890548
398 0.075211744458121857 7.6012221060912884e-17 0.00075211744458121858
399 0.073405732883759442 7.4229674096380328e-17 0.0007340573288375944
400 0.07165889911810322 7.2504479530619332e-17 0.00071658899118103221
401 0.069968808168694871 7.0530933206798246e-17 0.00069968808168694872
402 0.068333148335995367 6.9009044367745683e-17 0.00068333148335995365
403 0.066749720234916723 6.7276911469000219e-17 0.00066749720234916723
404 0.065216430495330768 6.5777116051277675e-17 0.00065216430495330772
405 0.063731285856091696 6.4307199913464673e-17 0.00063731285856091693
406 0.062292387627523996 6.2928394299056533e-17 0.00062292387627523992
407 0.060897926500505913 6.1481052951114569e-17 0.00060897926500505907
408 0.059546177681440868 6.0117151192426798e-17 0.00059546177681440863
409 0.058235496332824856 5.8789114583015646e-17 0.00058235496332824854
410 0.056964313298971336 5.7391949433810752e-17 0.00056964313298971331
411 0.055731131096130732 5.6216109963874253e-17 0.00055731131096130727
412 0.054534520146379495 5.5047017532641077e-17 0.0005453452014637949
413 0.05337310397409116 5.3805631284553652e-17 0.00053373103974091159
414 0.052245601083301091 5.2721056742829989e-17 0.00052245601083301095
415 0.051150753873354778 5.1693866364616456e-17 0.00051150753873354781
416 0.050087370872799929 5.0614057934851914e-17 0.00050087370872799923
417 0.049054312699085764 4.9431313452056882e-17 0.00049054312699085769
418 0.048050489420662826 4.8470988156742588e-17 0.00048050489420662826
419 0.047074858067201998 4.7544762385629963e-17 0.00047074858067201996
420 0.046126420279464245 4.6532837248663624e-17 0.00046126420279464243
421 0.045204220091129718 4.5643379261256096e-17 0.00045204220091129719
422 0.044307341835318759 4.4668474934614127e-17 0.00044307341835318759
423 0.043434908168981289 4.3880201632107741e-17 0.0004343490816898129
424 0.04258607820833462 4.2959770981533474e-17 0.00042586078208334618
425 0.041760045768713533 4.2146989346514841e-17 0.00041760045768713533
426 0.040956037702413454 4.1317578644892423e-17 0.00040956037702413457
427 0.040173312328324662 4.0600238938307566e-17 0.00040173312328324661
428 0.039411157947348029 3.9828971390282369e-17 0.00039411157947348026
429 0.038668891438134678 3.9039541182203967e-17 0.00038668891438134678
430 0.037945856927826031 3.8184099919647867e-17 0.00037945856927826033
431 0.037241424533063595 3.7611496801680905e-17 0.00037241424533063596
432 0.036554989166765667 3.6972037558396824e-17 0.00036554989166765665
433 0.035885963389000769 3.6332281510769958e-17 0.00035885963389000771
434 0.035233800730093981 3.5629052899302991e-17 0.0003523380073009398
435 0.034597957674549755 3.5024887694221901e-17 0.00034597957674549755
436 0.033977917559230526 3.4437854301005115e-17 0.00033977917559230525
437 0.033373183401650332 3.3702056317955194e-17 0.0003337318340165033
438 0.032783277027809012 3.3063965810252547e-17 0.00032783277027809013
439 0.032207738243632975 3.2471868321137479e-17 0.00032207738243632977
440 0.031646124047660193 3.191633738733482e-17 0.00031646124047660193
441 0.031098007882754158 3.1408461954742382e-17 0.00031098007882754159
442 0.030562978924767208 3.0782015090811817e-17 0.00030562978924767207
443 0.030040641406177428 3.022857970325456e-17 0.00030040641406177426
444 0.029530613972837932 2.9803298469816854e-17 0.00029530613972837932
445 0.029032529072070944 2.9274200918545787e-17 0.00029032529072070946
446 0.028546032370426744 2.8784154360275622e-17 0.00028546032370426746
447 0.028070782199511816 2.8322764950966512e-17 0.00028070782199511818
448 0.027606449028373128 2.784429207931549e-17 0.00027606449028373128
449 0.027152714961005235 2.737528239331156e-17 0.00027152714961005235
450 0.026709273257625558 2.6938065605074514e-17 0.0002670927325762556
451 0.026275827878439975 2.6518651958487972e-17 0.00026275827878439973
452 0.025852093048695478 2.6089277726129789e-17 0.00025852093048695478
453 0.025437792843888588 2.57139056814335e-17 0.00025437792843888591
454 0.025032660794066647 2.5326816150136342e-17 0.00025032660794066649
455 0.024636439506224343 2.4905957251502653e-17 0.00024636439506224345
456 0.024248880303858574 2.4436687464088433e-17 0.00024248880303858573
457 0.023869742882801897 2.4150213294229385e-17 0.00023869742882801897
458 0.023498794982507325 2.3762549204101583e-17 0.00023498794982507325
459 0.023135812072007041 2.3344188815739605e-17 0.00023135812072007042
460 0.022780577049811766 2.2984669235861681e-17 0.00022780577049811765
461 0.022432879957060267 2.2701051355902379e-17 0.00022432879957060266
462 0.022092517703267079 2.2291133372613115e-17 0.00022092517703267079
463 0.021759293804052483 2.1984760727081937e-17 0.00021759293804052483
464 0.021433018130271823 2.1635933022408979e-17 0.00021433018130271822
465 0.021113506667993439 2.1276855700373875e-17 0.00021113506667993438
466 0.020800581288802661 2.0946551408681653e-17 0.0002080058128880266
467 0.020494069529937351 2.0719603765026479e-17 0.00020494069529937352
468 0.02019380438378595 2.0382104821278189e-17 0.00020193804383785951
469 0.019899624096303553 2.0061452270566875e-17 0.00019899624096303553
470 0.019611371973923951 1.9810430489396171e-17 0.00019611371973923952
471 0.019328896198567685 1.9524977238867151e-17 0.00019328896198567684
472 0.01905204965036655 1.9265140255578185e-17 0.0001905204965036655
473 0.018780689737744188 1.8975775129189099e-17 0.00018780689737744188
474 0.018514678234510959 1.8701283164314576e-17 0.00018514678234510959
475 0.018253881123648598 1.8357283962885446e-17 0.00018253881123648597
476 0.017998168447476769 1.8172573240559196e-17 0.0001799816844747677
477 0.017747414163908782 1.7999047852959023e-17 0.00017747414163908783
478 0.017501496008519215 1.7668812741428354e-17 0.00017501496008519215
479 0.017260295362159641 1.744584387694005e-17 0.0001726029536215964
480 0.017023697123871671 1.7222229880932862e-17 0.00017023697123871672
481 0.016791589588859894 1.6948817846768035e-17 0.00016791589588859894
482 0.016563864331298278 1.6754836776047537e-17 0.00016563864331298279
483 0.016340416091755093 1.6502527402609375e-17 0.00016340416091755093
484 0.016121142669032286 1.6255033716535148e-17 0.00016121142669032286
485 0.015905944816224739 1.6073983971997128e-17 0.00015905944816224738
486 0.015694726140814706 1.5867063345755604e-17 0.00015694726140814705
487 0.015487393008625682 1.5653414739558996e-17 0.00015487393008625682
488 0.01528385445146818 1.5454789156757462e-17 0.0001528385445146818
489 0.015084022078318238 1.5218523306421857e-17 0.00015084022078318238
490 0.014887809989876991 1.5027295787511107e-17 0.00014887809989876991
491 0.014695134696366699 1.4829871156412319e-17 0.00014695134696366698
492 0.014505915038425819 1.4660123093174649e-17 0.0001450591503842582
493 0.01432007211097181 1.4472972016927613e-17 0.00014320072110971809
494 0.014137529189906782 1.4286586227164873e-17 0.00014137529189906783
495 0.013958211661546776 1.410911420984249e-17 0.00013958211661546776
496 0.013782046954661068 1.3913067020115709e-17 0.00013782046954661069
497 0.013608964475013139 1.3724436095684782e-17 0.00013608964475013139
498 0.013438895542299881 1.3578167281305766e-17 0.00013438895542299882
499 0.01327177332939037 1.3403789650731346e-17 0.0001327177332939037
500 0.013107532803770137 1.3230655324088835e-17 0.00013107532803770136
501 0.012946110671100906 1.3083618873942645e-17 0.00012946110671100905
502 0.012787445320810028 1.2918985092620079e-17 0.00012787445320810027
503 0.012631476773627678 1.275432608758283e-17 0.00012631476773627677
504 0.01247814663099339 1.2573021362949772e-17 0.00012478146630993391
505 0.012327398026257229 1.2444647180952152e-17 0.00012327398026257228
506 0.012179175577603941 1.2305810595105222e-17 0.00012179175577603941
507 0.012033425342631923 1.2137930783191772e-17 0.00012033425342631923
508 0.011890094774521506 1.1986670051444534e-17 0.00011890094774521506
509 0.011749132679730118 1.1884248733593367e-17 0.00011749132679730118
510 0.011610489177154537 1.1727033791600205e-17 0.00011610489177154537
511 0.011474115658703174 1.1574869304844732e-17 0.00011474115658703173
512 0.011339964751223485 1.1428501019653785e-17 0.00011339964751223486
513 0.011207990279732341 1.1323575806727608e-17 0.00011207990279732341
514 0.01107814723189909 1.1193352555631924e-17 0.00011078147231899091
515 0.01095039172373352 1.1053236825777066e-17 0.0001095039172373352
516 0.010824680966432599 1.0951262429529653e-17 0.00010824680966432599
517 0.010700973234342064 1.0784204813824633e-17 0.00010700973234342064
518 0.010579227833990833 1.070568216168276e-17 0.00010579227833990832
519 0.010459405074157572 1.0575493865982167e-17 0.00010459405074157572
520 0.010341466236931093 1.0433025446436739e-17 0.00010341466236931094
521 0.010225373549727192 1.033428141175293e-17 0.00010225373549727192
522 0.010111090158226485 1.0237094704072781e-17 0.00010111090158226486
523 0.0099985801001992343 1.0102119412208585e-17 9.998580100199234e-05
524 0.0098878082801843632 9.9775328636542907e-18 9.8878082801843626e-05
525 0.0097787404449913382 9.8954130230632703e-18 9.7787404449913384e-05
526 0.00967134315999486 9.775126265993663e-18 9.6713431599948605e-05
527 0.0095655837861935433 9.650953882107722e-18 9.5655837861935436e-05
528 0.0094614304580048093 9.5270882437465015e-18 9.4614304580048099e-05
529 0.0093588520617694706 9.4168163038607825e-18 9.3588520617694706e-05
530 0.00925781821494049 9.3628005862554347e-18 9.2578182149404901e-05
531 0.0091582992459313655 9.2203602254591509e-18 9.1582992459313657e-05
532 0.0090602661746007999 9.1585812698191583e-18 9.0602661746008004e-05
533 0.0089637350769892956 9.0806604617473734e-18 8.9637350769892959e-05
534 0.0088686325942778522 8.9372154916379109e-18 8.8686325942778516e-05
535 0.0087749317489246581 8.8476284216871045e-18 8.7749317489246579e-05
536 0.0086826061813952207 8.7882600655329949e-18 8.6826061813952203e-05
537 0.008591630133554148 8.6600951664953156e-18 8.5916301335541476e-05
538 0.0085019784325681899 8.60961463316865e-18 8.5019784325681896e-05
539 0.0084136264753026224 8.494396001878155e-18 8.413626475302622e-05
540 0.0083265502131943479 8.4172044175913423e-18 8.3265502131943484e-05
541 0.0082407261375849264 8.2979731827077562e-18 8.2407261375849267e-05
542 0.0081561312654981136 8.2381467849281516e-18 8.1561312654981129e-05
543 0.0080727431258465106 8.1600738436366373e-18 8.0727431258465111e-05
544 0.0079905397460529499 8.0538351514440923e-18 7.9905397460529497e-05
545 0.0079094996390724689 7.9919808722266958e-18 7.9094996390724687e-05
546 0.0078296017908013674 7.9006852818421992e-18 7.8296017908013679e-05
547 0.0077508256478604539 7.8243887503567441e-18 7.750825647860454e-05
548 0.0076731511057398488 7.7353019458171779e-18 7.6731511057398489e-05
549 0.0075965584972933807 7.665989124310524e-18 7.5965584972933803e-05
550 0.0075210285815709372 7.5973790056728347e-18 7.5210285815709377e-05
551 0.0074465425329776009 7.5161862863015587e-18 7.446542532977601e-05
552 0.0073730819307488262 7.4495112705934341e-18 7.3730819307488268e-05
553 0.0073006287487312445 7.3737888541520516e-18 7.3006287487312451e-05
554 0.0072291653454591501 7.2983146455949749e-18 7.2291653454591506e-05
555 0.0071586744545170189 7.2232317849347866e-18 7.1586744545170189e-05
556 0.0070891391751787651 7.1531588117804672e-18 7.0891391751787649e-05
557 0.0070205429633148067 7.08819510103728e-18 7.0205429633148065e-05
558 0.0069528696225583039 7.0169188705804259e-18 6.9528696225583034e-05
559 0.0068861032957222602 6.9539994598887892e-18 6.8861032957222607e-05
560 0.0068202284564594625 6.8847034670611474e-18 6.8202284564594621e-05
561 0.006755229901157506 6.8142109045540408e-18 6.7552299011575055e-05
562 0.0066910927410614761 6.7520884684958875e-18 6.6910927410614756e-05
563 0.0066278023946170538 6.6823233998733346e-18 6.6278023946170531e-05
564 0.0065653445800271373 6.6300805017291293e-18 6.5653445800271376e-05
565 0.0065037053080152073 6.5745664147712327e-18 6.5037053080152071e-05
566 0.0064428708747890431 6.5115957335399614e-18 6.4428708747890428e-05
567 0.0063828278551985107 6.4486304238949502e-18 6.3828278551985107e-05
568 0.0063235630960813824 6.3777410813286639e-18 6.323563096081383e-05
569 0.0062650637097913745 6.3255014606683097e-18 6.265063709791375e-05
570 0.006207317067902801 6.2725801373466237e-18 6.2073170679028013e-05
571 0.0061503107950863899 6.2135209787345825e-18 6.1503107950863903e-05
572 0.0060940327631510503 6.1543611202719114e-18 6.09403276315105e-05
573 0.0060384710852464723 6.0914822016827897e-18 6.0384710852464724e-05
574 0.0059836141102217293 6.0360808544473582e-18 5.9836141102217293e-05
575 0.0059294504171351105 5.9789897506405515e-18 5.9294504171351103e-05
576 0.0058759688099106512 5.9309516888402368e-18 5.8759688099106514e-05
577 0.0058231583121368946 5.8867952434494536e-18 5.8231583121368946e-05
578 0.0057710081620036754 5.8230941785448347e-18 5.7710081620036753e-05
579 0.005719507807372781 5.7816960561547926e-18 5.7195078073727812e-05
580 0.0056686469009784544 5.7215906280892839e-18 5.6686469009784547e-05
581 0.0056184152957539767 5.6668978367666763e-18 5.6184152957539764e-05
582 0.0055688030402805087 5.6329665656830929e-18 5.568803040280509e-05
583 0.0055198003743546333 5.5874420317684228e-18 5.5198003743546335e-05
584 0.0054713977246711202 5.5262891694327212e-18 5.4713977246711203e-05
585 0.0054235857006174996 5.4826177499503509e-18 5.4235857006174995e-05
586 0.0053763550901772044 5.4436087173458347e-18 5.3763550901772043e-05
587 0.0053296968559381182 5.3881733263707034e-18 5.3296968559381182e-05
588 0.0052836021312034995 5.3437817660625154e-18 5.2836021312034996e-05
589 0.0052380622162022487 5.2972688763367147e-18 5.2380622162022486e-05
590 0.0051930685743957553 5.2569248637924861e-18 5.1930685743957555e-05
591 0.0051486128288784653 5.2010985812735903e-18 5.1486128288784653e-05
592 0.0051046867588695564 5.1442542533272181e-18 5.1046867588695566e-05
593 0.0050612822962930728 5.1143320327079585e-18 5.0612822962930729e-05
594 0.0050183915224440061 5.0680839139249593e-18 5.0183915224440062e-05
595 0.0049760066647379546 5.0212048915165191e-18 4.9760066647379548e-05
596 0.0049341200935419096 4.9916600901692864e-18 4.9341200935419095e-05
597 0.0048927243190839244 4.9425434219502415e-18 4.8927243190839246e-05
598 0.0048518119884394953 4.9100105521879001e-18 4.8518119884394951e-05
599 0.0048113758825924094 4.8648348113058107e-18 4.8113758825924092e-05
600 0.0047714089135680966 4.8211426637483938e-18 4.7714089135680964e-05
601 0.0047319041216373828 4.7796924571186073e-18 4.7319041216373825e-05
602 0.0046928546725887301 4.7181797531541312e-18 4.6928546725887302e-05
603 0.004654253855067108 4.6963161410535592e-18 4.6542538550671082e-05
604 0.0046160950779775486 4.667026037863709e-18 4.6160950779775486e-05
605 0.004578371867951762 4.6231099802169318e-18 4.5783718679517622e-05
606 0.0045410778668759895 4.6003588751814122e-18 4.5410778668759897e-05
607 0.0045042068294784028 4.5297785772797233e-18 4.5042068294784026e-05
608 0.0044677526209745654 4.4948031501821407e-18 4.4677526209745651e-05
609 0.0044317092147691988 4.4932038441028231e-18 4.4317092147691986e-05
610 0.0043960706902128584 4.4349305045865412e-18 4.3960706902128582e-05
611 0.0043608312304120852 4.4232967695738637e-18 4.3608312304120851e-05
612 0.0043259851200913692 4.366082574715065e-18 4.3259851200913689e-05
613 0.0042915267435058536 4.3170118089819376e-18 4.2915267435058533e-05
614 0.0042574505824031486 4.312139707184199e-18 4.2574505824031487e-05
615 0.0042237512140330859 4.2747076561272507e-18 4.2237512140330858e-05
616 0.0041904233092041774 4.2232277680844536e-18 4.1904233092041773e-05
617 0.0041574616303854351 4.192998337948166e-18 4.1574616303854351e-05
618 0.0041248610298524014 4.1685215333475449e-18 4.1248610298524014e-05
619 0.0040926164478762676 4.145061684815372e-18 4.0926164478762676e-05
620 0.0040607229109548993 4.1034428504707258e-18 4.0607229109548993e-05
621 0.0040291755300847151 4.0703721719861196e-18 4.0291755300847153e-05
622 0.0039979694990723074 4.0441315765117725e-18 3.9979694990723077e-05
623 0.0039671000928848191 4.0087534516239487e-18 3.9671000928848192e-05
624 0.0039365626660380548 3.9785838874216162e-18 3.9365626660380549e-05
625 0.0039063526510213454 3.9474893329979188e-18 3.9063526510213454e-05
626 0.0038764655567582362 3.9166557165416146e-18 3.876465556758236e-05
627 0.0038468969671020658 3.8843796216549918e-18 3.8468969671020655e-05
628 0.0038176425393655596 3.8529916537791587e-18 3.8176425393655599e-05
629 0.0037886980028835481 3.8226299310250731e-18 3.7886980028835478e-05
630 0.0037600591576079923 3.7947266710596976e-18 3.7600591576079924e-05
631 0.0037317218727344762 3.7673948633224794e-18 3.7317218727344764e-05
632 0.0037036820853593882 3.7425565414738607e-18 3.703682085359388e-05
633 0.0036759357991670064 3.7108457847883468e-18 3.6759357991670065e-05
634 0.0036484790831457447 3.6831119099680225e-18 3.6484790831457447e-05
635 0.003621308070332817 3.6569247825182016e-18 3.6213080703328169e-05
636 0.003594418956586627 3.6315469017239554e-18 3.5944189565866273e-05
637 0.0035678079993861763 3.6003766478441413e-18 3.5678079993861761e-05
638 0.003541471516656835 3.5813399522900808e-18 3.5414715166568351e-05
639 0.0035154058856217943 3.5511386846337292e-18 3.5154058856217943e-05
640 0.0034896075416786213 3.5200301298803611e-18 3.4896075416786212e-05
641 0.0034640729773002337 3.5036857785113904e-18 3.4640729773002337e-05
642 0.0034387987409597197 3.4719960712791627e-18 3.4387987409597196e-05
643 0.0034137814360784653 3.4491685212477652e-18 3.4137814360784653e-05
644 0.0033890177199969221 3.4222460224523276e-18 3.3890177199969219e-05
645 0.0033645043029675672 3.3905181099517148e-18 3.3645043029675669e-05
646 0.0033402379471694451 3.3701763951755284e-18 3.3402379471694454e-05
647 0.0033162154657437964 3.3430178841007942e-18 3.3162154657437964e-05
648 0.0032924337218502714 3.3217352999437318e-18 3.2924337218502713e-05
649 0.003268889627743213 3.3019860339223876e-18 3.268889627743213e-05
650 0.0032455801438675395 3.2784201561817278e-18 3.2455801438675393e-05
651 0.0032225022779737659 3.2538371917722841e-18 3.2225022779737661e-05
652 0.0031996530842516809 3.2285983583924385e-18 3.1996530842516811e-05
653 0.0031770296624822622 3.2065400928344671e-18 3.1770296624822621e-05
654 0.0031546291572073786 3.1847950945348479e-18 3.1546291572073783e-05
655 0.0031324487569168754 3.166959262373605e-18 3.1324487569168755e-05
656 0.0031104856932526116 3.1481245579356776e-18 3.1104856932526118e-05
657 0.0030887372402290669 3.1193259491557276e-18 3.088737240229067e-05
658 0.0030672007134701267 3.0995118009749279e-18 3.0672007134701264e-05
659 0.0030458734694616451 3.0714402519237699e-18 3.045873469461645e-05
660 0.0030247529048194619 3.0549985748024179e-18 3.024752904819462e-05
661 0.0030038364555724554 3.0286422810789253e-18 3.0038364555724553e-05
662 0.002983121596460346 3.0114688247401126e-18 2.9831215964603459e-05
663 0.0029626058402458461 2.9990912327358532e-18 2.9626058402458461e-05
664 0.0029422867370408673 2.9724759009456311e-18 2.9422867370408672e-05
665 0.0029221618736464594 2.9532839489615588e-18 2.9221618736464594e-05
666 0.0029022288729061269 2.931562743136667e-18 2.902228872906127e-05
667 0.0028824853930722702 2.9166367641571637e-18 2.8824853930722703e-05
668 0.0028629291271854013 2.8890148696439157e-18 2.8629291271854014e-05
669 0.0028435578024658976 2.8750764408006103e-18 2.8435578024658975e-05
670 0.0028243691797179373 2.850788403865818e-18 2.8243691797179374e-05
671 0.0028053610527454162 2.8344984869373175e-18 2.8053610527454161e-05
672 0.0027865312477795123 2.8141798403719911e-18 2.7865312477795123e-05
673 0.0027678776229176846 2.7970409937412179e-18 2.7678776229176847e-05
674 0.0027493980675738047 2.7781507445063401e-18 2.7493980675738047e-05
675 0.0027310905019392079 2.7484860775165582e-18 2.7310905019392077e-05
676 0.0027129528764544041 2.7421525626942293e-18 2.7129528764544042e-05
677 0.0026949831712911872 2.7149096755941232e-18 2.6949831712911872e-05
678 0.0026771793958449801 2.7080025766820294e-18 2.6771793958449802e-05
679 0.0026595395882370865 2.6839321288510721e-18 2.6595395882370866e-05
680 0.0026420618148267432 2.6730116538629821e-18 2.642061814826743e-05
681 0.0026247441697326459 2.6471585517006309e-18 2.6247441697326458e-05
682 0.0026075847743638391 2.628424934108661e-18 2.607584774363839e-05
683 0.0025905817769596865 2.6184160426758267e-18 2.5905817769596865e-05
684 0.002573733352138763 2.6041433389093779e-18 2.5737333521387629e-05
685 0.0025570377004564744 2.5843207933674773e-18 2.5570377004564744e-05
686 0.002540493047971196 2.567446893149753e-18 2.540493047971196e-05
687 0.0025240976458187478 2.5479764541942027e-18 2.5240976458187479e-05
688 0.0025078497697950471 2.5355688235216219e-18 2.5078497697950472e-05
689 0.0024917477199467237 2.5194822908957486e-18 2.4917477199467237e-05
690 0.0024757898201695676 2.5018613663596326e-18 2.4757898201695675e-05
691 0.0024599744178146073 2.4853077925265564e-18 2.4599744178146073e-05
692 0.0024442998833016727 2.4715276034688425e-18 2.4442998833016728e-05
693 0.0024287646097402717 2.4500441535674031e-18 2.4287646097402718e-05
694 0.0024133670125576364 2.43299138290183e-18 2.4133670125576365e-05
695 0.0023981055291337743 2.4267558876896221e-18 2.3981055291337745e-05
696 0.0023829786184433725 2.4073338003226716e-18 2.3829786184433725e-05
697 0.0023679847607044387 2.3885048729004492e-18 2.3679847607044388e-05
698 0.0023531224570334935 2.3829786287503543e-18 2.3531224570334936e-05
699 0.0023383902291071951 2.3623678540517397e-18 2.3383902291071953e-05
