index sum SD mean
100 0.0 0.0 0.0
101 0.0 0.0 0.0
102 0.0 0.0 0.0
103 0.0 0.0 0.0
104 0.0 0.0 0.0
105 0.0 0.0 0.0
106 0.0 0.0 0.0
107 0.0 0.0 0.0
108 0.0 0.0 0.0
109 0.0 0.0 0.0
110 0.0 0.0 0.0
111 0.0 0.0 0.0
112 0.0 0.0 0.0
113 0.0 0.0 0.0
114 0.0 0.0 0.0
115 0.0 0.0 0.0
116 0.0 0.0 0.0
117 0.0 0.0 0.0
118 0.0 0.0 0.0
119 0.0 0.0 0.0
120 0.0027946191920364774 2.4425610036595742e-19 1.3973095960182386e-05
121 0.010796761300008768 1.5667234249060796e-18 5.398380650004384e-05
122 0.022547723981645017 4.4106614045266417e-18 0.00011273861990822508
123 0.037509849229598179 8.5852554849950808e-18 0.0001875492461479909
124 0.055365775369118395 1.4055888221516153e-17 0.00027682887684559197
125 0.075896074393390786 2.0224139026953255e-17 0.00037948037196695395
126 0.098935961436457984 2.7915201571309481e-17 0.00049467980718228991
127 0.12435511739440831 3.5928187046326912e-17 0.00062177558697204159
128 0.15204673772306551 4.4407952739176194e-17 0.00076023368861532754
129 0.18192097692211595 5.341805788863866e-17 0.00090960488461057972
130 0.21390071990942455 6.3678235971475429e-17 0.0010695035995471227
131 0.24791872682697932 7.4830882473912322e-17 0.0012395936341348967
132 0.28391560952306399 8.4902365029746332e-17 0.00141957804761532
133 0.32183835264493332 9.968856028220212e-17 0.0016091917632246667
134 0.36163920763418861 1.1053465577420563e-16 0.0018081960381709429
135 0.40327484112763612 1.2304830803415106e-16 0.0020163742056381806
136 0.44670565852848204 1.3633977327757408e-16 0.0022335282926424101
137 0.49189527984999154 1.5132892220676547e-16 0.0024594763992499577
138 0.5388101071526914 1.656326117732746e-16 0.002694050535763457
139 0.58741897216066907 1.8118780062628335e-16 0.0029370948608033452
140 0.63769284086472633 1.9974108806303684e-16 0.0031884642043236316
141 0.68960457917339979 2.1629591063194038e-16 0.0034480228958669989
142 0.74312874041209642 2.3246036585658769e-16 0.003715643702060482
143 0.79824138701432801 2.4739496455651424e-16 0.0039912069350716397
144 0.85491994434586815 2.6363417797016361e-16 0.0042745997217293408
145 0.91314305523793493 2.8340724686519195e-16 0.004565715276189675
146 0.97289049652153559 3.0379470287582225e-16 0.0048644524826076778
147 1.034143072121668 3.196249013824641e-16 0.0051707153606083403
148 1.0968825220953262 3.3860989000356478e-16 0.0054844126104766312
149 1.1610913756646777 3.5586804717907675e-16 0.0058054568783233885
150 1.2267530370949249 3.7583005853891174e-16 0.0061337651854746246
151 1.2938514223498188 4.088402175175215e-16 0.0064692571117490934
152 1.3623710751196927 4.2792563841407392e-16 0.0068118553755984633
153 1.4322966487031026 4.4076844935428712e-16 0.007161483243515513
154 1.5036120663878276 4.7163258040637081e-16 0.0075180603319391385
155 1.5762992685985684 4.8734164824193378e-16 0.0078814963429928424
156 1.6503353110435568 5.1378678060618439e-16 0.0082516765552177844
157 1.7256872857425216 5.4051820337213038e-16 0.0086284364287126086
158 1.8023044119691511 5.5875238031860497e-16 0.0090115220598457561
159 1.8801059999460772 5.9019211728052021e-16 0.0094005299997303865
160 1.9589651079578818 6.1280274084095345e-16 0.0097948255397894094
161 2.038688680353983 6.329658963526849e-16 0.010193443401769914
162 2.1189963761884627 6.6317491483413883e-16 0.010594981880942314
163 2.1995019878717934 6.8749450093590471e-16 0.010997509939358966
164 2.2797025419673753 7.0532264178472651e-16 0.011398512709836876
165 2.3589801960113381 7.2878281329145406e-16 0.011794900980056691
166 2.4366205019859097 7.4876707600925461e-16 0.012183102509929549
167 2.5118475712179436 7.7821148594848899e-16 0.012559237856089717
168 2.5838728699730629 7.9925048556627338e-16 0.012919364349865315
169 2.6519510167796718 8.3098399127919073e-16 0.013259755083898359
170 2.7154340988127865 8.5851474522637345e-16 0.013577170494063933
171 2.7738163117283041 8.6145189564636421e-16 0.01386908155864152
172 2.8267629522228885 8.8971986535649691e-16 0.014133814761114442
173 2.8741211570537533 9.0309058956737994e-16 0.014370605785268767
174 2.9159132134921237 8.9840773713873045e-16 0.014579566067460619
175 2.9523158969928374 9.2971523020382324e-16 0.014761579484964187
176 2.9836307030451463 9.4554179340817104e-16 0.014918153515225732
177 3.0102499895653576 9.3408149243349776e-16 0.015051249947826788
178 3.0326233340268938 9.3984426018476436e-16 0.01516311667013447
179 3.0512272274119661 9.6266067294178363e-16 0.015256136137059831
180 3.0665399186409599 9.5295477406781467e-16 0.015332699593204799
181 3.0790221290629409 9.5803157153104395e-16 0.015395110645314704
182 3.0891035146722765 9.681119236515694e-16 0.015445517573361383
183 3.0971742389525398 9.7051082791152656e-16 0.015485871194762699
184 3.103580755642207 9.7841665986773548e-16 0.015517903778211035
185 3.1086248488650723 9.6326044013923801e-16 0.015543124244325362
186 3.112564997080276 9.8030442277504973e-16 0.01556282498540138
187 3.1156192967074521 9.83294157330848e-16 0.01557809648353726
188 3.1179693024141835 9.8346600869745626e-16 0.015589846512070918
189 3.119764284354865 9.8337047962168909e-16 0.015598821421774324
190 3.1211255869672754 9.8132964549633252e-16 0.015605627934836377
191 3.1221507961494841 9.8503998364450931e-16 0.015610753980747421
192 3.1229176068417992 9.7675433582353938e-16 0.015614588034208995
193 3.1234872888490282 9.7661237267528852e-16 0.015617436444245141
194 3.1239077167437177 9.8583453053922435e-16 0.015619538583718588
195 3.1242159720763936 9.6835736131250333e-16 0.015621079860381968
196 3.1244405295093842 9.8269784599533003e-16 0.015622202647546921
197 3.1246030799962119 9.8747385867637359e-16 0.015623015399981059
198 3.1247200112482472 9.8295057984142005e-16 0.015623600056241235
199 3.1248036094109235 9.6545520842103178e-16 0.015624018047054617
200 3.1248630138661655 9.8085769651203844e-16 0.015624315069330827
201 3.1249049747476398 9.8582889335803128e-16 0.015624524873738199
202 3.1249344393549858 9.8342528407653669e-16 0.015624672196774929
203 3.1249550093249208 9.8581813277164884e-16 0.015624775046624604
204 3.1249693114316828 9.866316945304344e-16 0.015624846557158414
205 3.1249791491733783 9.7153101498862625e-16 0.015624895745866891
206 3.124985891581431 9.7202742132691237e-16 0.015624929457907156
207 3.1249904956119283 9.6553883745634554e-16 0.015624952478059641
208 3.1249936232864721 9.8358389839046657e-16 0.01562496811643236
209 3.124995738107363 9.8108972658453203e-16 0.015624978690536815
210 3.1249971622532895 9.7340235082031375e-16 0.015624985811266447
211 3.1249981187808662 9.6610876919811743e-16 0.01562499059390433
212 3.1249990723445404 9.8882539142863398e-16 0.015624995361722703
213 3.124999397049971 9.8439647242801095e-16 0.015624996985249854
214 3.1249997218324075 9.7995223576626169e-16 0.015624998609162038
215 3.1249998228631233 9.8687896196603836e-16 0.015624999114315617
216 3.1249999234773229 9.8703596416532767e-16 0.015624999617386615
217 3.1249999512858255 9.8705398097190701e-16 0.015624999756429128
218 3.1249999792336007 9.8465674089320699e-16 0.015624999896168003
219 3.1249999894419842 9.8555936780383283e-16 0.01562499994720992
220 3.1249999995545967 9.8531258262141532e-16 0.015624999997772983
221 3.1249999987691477 9.848830701440874e-16 0.015624999993845739
222 3.1249999973193749 9.8201078490102597e-16 0.015624999986596874
223 3.1249999988802113 9.8536605133916061e-16 0.015624999994401057
224 3.1250000005437757 9.7996981185985561e-16 0.015625000002718877
225 3.1249999958828139 9.7701043352362788e-16 0.015624999979414069
226 3.1250000008039382 9.6585578518924147e-16 0.015625000004019691
227 3.1250000083964773 9.869443200195906e-16 0.015625000041982386
228 3.1250000010109127 9.8481775955512397e-16 0.015625000005054564
229 3.1249999931707877 9.8658178910610091e-16 0.015624999965853939
230 3.1249999980072505 9.6986364037731975e-16 0.015624999990036253
231 3.1250000045704236 9.799374061743208e-16 0.01562500002285212
232 3.1250000021950539 9.8574440080447376e-16 0.015625000010975269
233 3.1250000001998575 9.862637283223584e-16 0.015625000000999287
234 3.1250000002673617 9.8475037923970849e-16 0.015625000001336809
235 3.1249999990198476 9.7393054193769377e-16 0.015624999995099238
236 3.1250000063339782 9.833663122668643e-16 0.015625000031669892
237 3.1250000062805565 9.8307369212091461e-16 0.015625000031402783
238 3.1250000028215115 9.7828935220226012e-16 0.015625000014107559
239 3.1250000005992256 9.7430987875652711e-16 0.015625000002996128
240 3.124999998590932 9.8578645623685229e-16 0.01562499999295466
241 3.124999996709235 9.8560731509790409e-16 0.015624999983546176
242 3.1250000178868884 9.8277683038061981e-16 0.015625000089434442
243 3.125000002749581 9.6608847562626579e-16 0.015625000013747906
244 3.1249999846425083 9.8792449339856056e-16 0.015624999923212542
245 3.1249999960299628 9.81612132897536e-16 0.015624999980149814
246 3.1250000001535052 9.8222914856651543e-16 0.015625000000767525
247 3.1250000042831747 9.864875581454332e-16 0.015625000021415873
248 3.124999999180929 9.7601363681043617e-16 0.015624999995904644
249 3.1249999970573632 9.8379332819485506e-16 0.015624999985286816
250 3.1249999893454117 9.8677040792800554e-16 0.015624999946727058
251 3.1250000012601253 9.796438853019848e-16 0.015625000006300627
252 3.1250000127550992 9.7303448697756477e-16 0.015625000063775495
253 3.1250000015707009 9.6670571665913962e-16 0.015625000007853506
254 3.1249999912370097 9.6953274894119059e-16 0.015624999956185048
255 3.124999998190825 9.6828563404161131e-16 0.015624999990954125
256 3.1250000044460005 9.6640636190057332e-16 0.015625000022230003
257 3.125000000833237 9.7558673427846772e-16 0.015625000004166185
258 3.1249999999938658 9.8599005800946438e-16 0.015624999999969328
259 3.1250000004678444 9.7393156670003444e-16 0.015625000002339223
260 3.1249999997309179 9.778657628088442e-16 0.01562499999865459
261 3.1249999989723305 9.703616399243192e-16 0.015624999994861652
262 3.1249999989623474 9.8739050236414372e-16 0.015624999994811737
263 3.1250000011721664 9.7512006207953965e-16 0.015625000005860833
264 3.1250000026994815 9.7244710821923681e-16 0.015625000013497408
265 3.1249999176923722 9.7917763326156622e-16 0.015624999588461861
266 3.1249999927736734 9.823208862400138e-16 0.015624999963868368
267 3.1250000726802174 9.671655980247131e-16 0.015625000363401087
268 3.1250000052380549 9.8679734067957632e-16 0.015625000026190276
269 3.1249999400799764 9.6566546930488239e-16 0.015624999700399883
270 3.1249999945749409 9.8656571031593067e-16 0.015624999972874705
271 3.1250000473134594 9.8535899958912405e-16 0.015625000236567297
272 3.1250000057689715 9.8335068837347193e-16 0.015625000028844857
273 3.1249999618523083 9.8519096271155787e-16 0.015624999809261542
274 3.1249999933486068 9.8443655011277744e-16 0.015624999966743033
275 3.1249999991097073 9.853894391543152e-16 0.015624999995548536
276 3.1250000046572799 9.8318053179174257e-16 0.015625000023286401
277 3.1249999839563842 9.792421155050271e-16 0.015624999919781921
278 3.124999996370232 9.7097270712414839e-16 0.01562499998185116
279 3.1250000068972468 9.8957793279684853e-16 0.015625000034486233
280 3.1250000009803514 9.8170112474016672e-16 0.015625000004901756
281 3.1249999991264872 9.8351318933351893e-16 0.015624999995632436
282 3.124999999371223 9.6995922130785036e-16 0.015624999996856116
283 3.1249999999452429 9.7026529599016356e-16 0.015624999999726214
284 3.1249999997504982 9.8448929071977097e-16 0.015624999998752491
285 3.1249999999003286 9.8239334355533828e-16 0.015624999999501643
286 3.1250000029896383 9.847583029617589e-16 0.015625000014948192
287 3.1250000029846778 9.6956255461631665e-16 0.015625000014923389
288 3.1249999992684478 9.7246980375699112e-16 0.015624999996342238
289 3.1249999950549254 9.7290146239157543e-16 0.015624999975274627
290 3.1249999994269926 9.6595927704929315e-16 0.015624999997134964
291 3.1250000044267501 9.8105370478603761e-16 0.01562500002213375
292 3.125000000905878 9.8533119110795629e-16 0.015625000004529391
293 3.1249999969600704 9.7447789875019326e-16 0.015624999984800351
294 3.1250000334981345 9.7514462607739217e-16 0.015625000167490674
295 3.1249999997265649 9.800692674762193e-16 0.015624999998632825
296 3.1249999687603029 9.865428255611451e-16 0.015624999843801515
297 3.1249999998720392 9.8582016525063302e-16 0.015624999999360196
298 3.1250000260164548 9.8651800120981194e-16 0.015625000130082275
299 3.1250000011647092 9.7359287061193142e-16 0.015625000005823547
300 3.1249999742765087 9.8479779009503028e-16 0.015624999871382543
301 3.1249999993736868 9.848292527516776e-16 0.015624999996868434
302 3.1250000236541498 9.8672939057860292e-16 0.015625000118270747
303 3.1250000025306357 9.7600289195923581e-16 0.015625000012653177
304 3.1249999799023875 9.8591092458787038e-16 0.015624999899511938
305 3.1249999975126301 9.7780298376725938e-16 0.01562499998756315
306 3.1250000150669925 9.857862798271498e-16 0.015625000075334964
307 3.1250000017179387 9.8533960126120441e-16 0.015625000008589695
308 3.124999989770723 9.6773557178365398e-16 0.015624999948853614
309 3.1249999987396482 9.7761365569087753e-16 0.015624999993698241
310 3.12500000737989 9.8524106904739979e-16 0.015625000036899449
311 3.1249999892267444 9.8050971809835226e-16 0.015624999946133722
312 3.1249999948885918 9.7398883522698397e-16 0.015624999974442959
313 3.1249999984467003 9.7831595425034906e-16 0.015624999992233501
314 3.1250000019643571 9.7561996646624637e-16 0.015625000009821786
315 3.125000017009397 9.8408919949136332e-16 0.015625000085046983
316 3.1250000037517034 9.7585528740785997e-16 0.015625000018758516
317 3.1249999848937735 9.8707162210969784e-16 0.015624999924468868
318 3.1249999985968699 9.8594536554642386e-16 0.01562499999298435
319 3.1250000127528166 9.8492972229996486e-16 0.015625000063764084
320 3.1250000019594055 9.8414049129658516e-16 0.015625000009797028
321 3.1249999895331273 9.7085400256091708e-16 0.015624999947665636
322 3.1249999973725324 9.8274364786401395e-16 0.015624999986862662
323 3.1250000052597544 9.6816242970142255e-16 0.015625000026298772
324 3.1250000015750166 9.8616860059796077e-16 0.015625000007875083
325 3.1249999974831213 9.7145999681214959e-16 0.015624999987415606
326 3.1250000011299601 9.8371824543131765e-16 0.0156250000056498
327 3.1250000025827456 9.880824849444297e-16 0.015625000012913729
328 3.1249999454563389 9.7959547631577878e-16 0.015624999727281694
329 3.1250000041384114 9.8279267881073228e-16 0.015625000020692056
330 3.1250000007236864 9.8552703083164833e-16 0.015625000003618432
331 3.1249999977787906 9.7793120522441917e-16 0.015624999988893953
332 3.124999998738982 9.856356757833919e-16 0.01562499999369491
333 3.1249999997131628 9.6832330206252587e-16 0.015624999998565814
334 3.1250000007485461 9.8582668449456981e-16 0.015625000003742732
335 3.125000002568032 9.7098744781148064e-16 0.015625000012840159
336 3.1250000004656759 9.8569441977390738e-16 0.015625000002328381
337 3.1249999983782124 9.883545125183958e-16 0.015624999991891063
338 3.1249999998335709 9.8537049414596891e-16 0.015624999999167855
339 3.1250000024261078 9.6601806700974012e-16 0.01562500001213054
340 3.1249999791140657 9.8041688551511654e-16 0.015624999895570328
341 3.1250000008523071 9.8658145956250749e-16 0.015625000004261536
342 3.1250000118488819 9.6854889690598175e-16 0.015625000059244408
343 3.1249999991924926 9.8572220266695863e-16 0.015624999995962462
344 3.124999989281303 9.8569895314868329e-16 0.015624999946406514
345 3.1250000036276848 9.8588874553816363e-16 0.015625000018138425
346 3.125000014014903 9.8262562658401944e-16 0.015625000070074516
347 3.1249999979436023 9.858205870853686e-16 0.015624999989718011
348 3.1249999868154479 9.853988693203847e-16 0.01562499993407724
349 3.1250000032517189 9.8664200177053522e-16 0.015625000016258595
350 3.1250000155831628 9.8041619143545189e-16 0.015625000077915813
351 3.125000000795584 9.7052012218439235e-16 0.015625000003977919
352 3.1249999874159893 9.7221547303741157e-16 0.015624999937079947
353 3.1249999985564667 9.8626669516621314e-16 0.015624999992782334
354 3.1250000053649964 9.6812269360240979e-16 0.015625000026824983
355 3.1250000007636136 9.6786152561708667e-16 0.015625000003818067
356 3.1249999967186155 9.8423390220315826e-16 0.015624999983593077
357 3.1250000022548394 9.8458498002033329e-16 0.015625000011274197
358 3.1250000040539252 9.8831104393672406e-16 0.015625000020269626
359 3.1249999015622629 9.7648160092249153e-16 0.015624999507811314
360 3.1249999910953878 9.8583019719872382e-16 0.015624999955476939
361 3.1249999996645594 9.8518949685757774e-16 0.015624999998322796
362 3.1250000076714191 9.7261858286522196e-16 0.015625000038357095
363 3.1249999429328748 9.7501853517967696e-16 0.015624999714664373
364 3.1249999933878132 9.8089781086972272e-16 0.015624999966939066
365 3.1250000453291849 9.883316997841445e-16 0.015625000226645924
366 3.1250000073673667 9.8433748967089058e-16 0.015625000036836832
367 3.1249999705915545 9.8407796656723625e-16 0.015624999852957773
368 3.1249999900112986 9.8357121449151555e-16 0.015624999950056492
369 3.1250000140569942 9.7657741675465627e-16 0.015625000070284972
370 3.1250000014542287 9.8431969967314203e-16 0.015625000007271142
371 3.1249999987079917 9.8566698128902599e-16 0.015624999993539959
372 3.1250000007324261 9.7959164795204225e-16 0.01562500000366213
373 3.1249999972443847 9.661878497987336e-16 0.015624999986221924
374 3.1249999963477606 9.7392533271245669e-16 0.015624999981738804
375 3.1249999968662556 9.8223101142376239e-16 0.015624999984331278
376 3.1250000015064296 9.841126483835213e-16 0.015625000007532149
377 3.1250000081234903 9.8306547793680948e-16 0.01562500004061745
378 3.1250000019006201 9.8764315309148774e-16 0.0156250000095031
379 3.1249999925843355 9.8487714346551276e-16 0.015624999962921677
380 3.1249999985720591 9.8320455604449922e-16 0.015624999992860296
381 3.1250000042448285 9.6706249327143687e-16 0.015625000021224144
382 3.1249999503636512 9.8245069603475446e-16 0.015624999751818256
383 3.1250000049417017 9.7069131409558513e-16 0.01562500002470851
384 3.1250000524705452 9.8287887133173833e-16 0.015625000262352726
385 3.1250000028899043 9.7441252702856147e-16 0.015625000014449521
386 3.1249999471919763 9.682293088711279e-16 0.015624999735959882
387 3.1249999959117898 9.8352707324805941e-16 0.015624999979558948
388 3.1250000001885199 9.6395515540338291e-16 0.0156250000009426
389 3.1250000044094248 9.7676504144521704e-16 0.015625000022047125
390 3.1249999688179342 9.8327513350430588e-16 0.01562499984408967
391 3.124999994040627 9.7417521992048386e-16 0.015624999970203135
392 3.1250000221367036 9.8880372889942163e-16 0.015625000110683518
393 3.1250000043796358 9.8410939077268259e-16 0.015625000021898178
394 3.1249999870105984 9.8343579406558699e-16 0.015624999935052992
395 3.1249999972067095 9.8209986380071641e-16 0.015624999986033547
396 3.1250000078771683 9.8624419446092624e-16 0.015625000039385842
397 3.1250000012109784 9.7645489469720898e-16 0.015625000006054893
398 3.1249999943522684 9.8207867653550199e-16 0.015624999971761342
399 3.1250000006039134 9.7528591907931419e-16 0.015625000003019567
400 3.125000006026148 9.7990024633594518e-16 0.015625000030130742
401 3.124999920217324 9.8383715777031596e-16 0.01562499960108662
402 3.1249999850044046 9.69552112596311e-16 0.015624999925022023
403 3.1249999957417329 9.8526673134550397e-16 0.015624999978708665
404 3.1250000064530505 9.8542078317388976e-16 0.015625000032265253
405 3.1250000022986963 9.8644938802130137e-16 0.015625000011493483
406 3.1249999980610119 9.8639692085197212e-16 0.015624999990305059
407 3.1250000323328035 9.8299308554868871e-16 0.015625000161664019
408 3.1249999967892017 9.698837380225044e-16 0.015624999983946009
409 3.1249999981589776 9.8512674705262642e-16 0.015624999990794888
410 3.1249999991114956 9.8287444034038354e-16 0.015624999995557477
411 3.1250000365140855 9.9296776205864499e-16 0.015625000182570428
412 3.1250000055021792 9.8855319513768036e-16 0.015625000027510896
413 3.1249999743330257 9.6756824080087425e-16 0.015624999871665128
414 3.1250000042856234 9.8377804156591448e-16 0.015625000021428116
415 3.1250000180966491 9.8414205858946452e-16 0.015625000090483246
416 3.1250000035784291 9.6845530816476699e-16 0.015625000017892146
417 3.1249999769204009 9.8197991721571529e-16 0.015624999884602005
418 3.1249999965630355 9.8361145647988744e-16 0.015624999982815177
419 3.1250000181927349 9.8728863669543047e-16 0.015625000090963674
420 3.1250000019924826 9.8157372696699983e-16 0.015625000009962413
421 3.1249999899979808 9.8674095345998669e-16 0.015624999949989903
422 3.1249999986902015 9.8627170121584216e-16 0.015624999993451008
423 3.1250000053606848 9.8655938755497149e-16 0.015625000026803424
424 3.1249999969891942 9.8500743004403666e-16 0.015624999984945971
425 3.124999992543283 9.8258545964538206e-16 0.015624999962716414
426 3.1249999996982694 9.8309092014928719e-16 0.015624999998491347
427 3.125000003452763 9.7375963996948344e-16 0.015625000017263815
428 3.1249999980507988 9.8671878540458054e-16 0.015624999990253994
429 3.1249999962042301 9.7660519578103184e-16 0.01562499998102115
430 3.1250000012703976 9.7535844939206121e-16 0.015625000006351988
431 3.1250000060182583 9.6733753991926453e-16 0.015625000030091291
432 3.1249999045357528 9.861824701291621e-16 0.015624999522678764
433 3.1249999848128671 9.8690314901081649e-16 0.015624999924064336
434 3.1250000596353851 9.8086588293425575e-16 0.015625000298176924
435 3.125000002316658 9.8673794206655201e-16 0.01562500001158329
436 3.1249999470491341 9.8689695865478535e-16 0.01562499973524567
437 3.1249999924594682 9.8714535451647907e-16 0.015624999962297341
438 3.1250000235140902 9.8715292200225691e-16 0.01562500011757045
439 3.1250000032088696 9.729130108712747e-16 0.015625000016044346
440 3.1250000008751244 9.8685584696352586e-16 0.015625000004375621
441 3.1249999987486388 9.839853092603935e-16 0.015624999993743194
442 3.1250000005220975 9.8558358723255473e-16 0.015625000002610488
443 3.1250000003862861 9.8540528393019085e-16 0.015625000001931431
444 3.1249999817765923 9.7032432375907877e-16 0.015624999908882962
445 3.1249999959632957 9.8073611007782601e-16 0.015624999979816478
446 3.1250000119772694 9.8528054450675763e-16 0.015625000059886346
447 3.1250000015709167 9.8520770092095124e-16 0.015625000007854585
448 3.1249999946411919 9.8528600065209906e-16 0.015624999973205959
449 3.1249999995544901 9.8575004613912194e-16 0.01562499999777245
450 3.1250000046455417 9.8481026625654821e-16 0.015625000023227708
451 3.1249999998598752 9.8551997256141765e-16 0.015624999999299376
452 3.1249999951234684 9.8716395143229247e-16 0.015624999975617343
453 3.1250000017285386 9.7108543304253613e-16 0.015625000008642694
454 3.125000006760414 9.6845852474471695e-16 0.015625000033802069
455 3.1249999481414923 9.8180455587407373e-16 0.015624999740707461
456 3.1249999859921296 9.7948387646134055e-16 0.015624999929960647
457 3.1249999967685431 9.8689137351063958e-16 0.015624999983842716
458 3.1250000064296199 9.8790542862705006e-16 0.0156250000321481
459 3.1250000006288454 9.845803109669189e-16 0.015625000003144228
460 3.124999996337626 9.8501359389486163e-16 0.015624999981688131
461 3.1250000143152379 9.8215580152762415e-16 0.015625000071576189
462 3.125000004402557 9.7980567374594667e-16 0.015625000022012784
463 3.1250000004864447 9.8546273732933304e-16 0.015625000002432225
464 3.124999996052888 9.6865022767090221e-16 0.01562499998026444
465 3.1249999989035779 9.802683721190955e-16 0.01562499999451789
466 3.1250000023928819 9.761484603071337e-16 0.015625000011964409
467 3.1250000069587078 9.7828270544161883e-16 0.01562500003479354
468 3.1249999988588337 9.6820659983454395e-16 0.015624999994294168
469 3.1249999918807525 9.8072772983364588e-16 0.015624999959403762
470 3.1250000007771077 9.7298518964934417e-16 0.015625000003885538
471 3.1250000085815244 9.8091136181355548e-16 0.015625000042907622
472 3.1249999999297029 9.6687872565287319e-16 0.015624999999648514
473 3.1249999917946094 9.6759284023051905e-16 0.015624999958973047
474 3.1249999994522915 9.832520260574558e-16 0.015624999997261458
475 3.1250000000594356 9.8568766953255936e-16 0.015625000000297179
476 3.1250000005918288 9.7589114469189633e-16 0.015625000002959143
477 3.1249999950949321 9.860210225328042e-16 0.01562499997547466
478 3.1249999992620001 9.8355877642448911e-16 0.01562499999631
479 3.1250000039219432 9.8578492990838181e-16 0.015625000019609717
480 3.1250000005841581 9.8702803574700586e-16 0.015625000002920789
481 3.1249999972020603 9.8613556288026694e-16 0.015624999986010302
482 3.124999999700969 9.8552474457139138e-16 0.015624999998504845
483 3.1250000019000712 9.8334284557750061e-16 0.015625000009500355
484 3.124999967227053 9.809958852616073e-16 0.015624999836135266
485 3.124999998985472 9.7313623641176259e-16 0.01562499999492736
486 3.1250000307243284 9.85040966146261e-16 0.015625000153621643
487 3.1250000011440169 9.7154140460982382e-16 0.015625000005720084
488 3.1249999713141952 9.6884598982510667e-16 0.015624999856570976
489 3.1249999982213921 9.7241033861333389e-16 0.015624999991106961
490 3.1250000231552937 9.7526287818028689e-16 0.015625000115776468
491 3.1250000022066975 9.833463210202959e-16 0.015625000011033487
492 3.1249999820872092 9.85499088991926e-16 0.015624999910436047
493 3.1249999973329192 9.8371212726707696e-16 0.015624999986664596
494 3.1250000129756126 9.7436243031147234e-16 0.015625000064878061
495 3.1250000022466731 9.8540399487319955e-16 0.015625000011233365
496 3.1249999917568569 9.7563600090199297e-16 0.015624999958784285
497 3.1249999985904791 9.8591301822757857e-16 0.015624999992952394
498 3.12500000203804 9.8420013885961348e-16 0.015625000010190199
499 3.1250000008084009 9.8152344111828862e-16 0.015625000004042003
500 3.1249999997080811 9.8381971993534667e-16 0.015624999998540405
501 3.1249999996482609 9.8045517481537089e-16 0.015624999998241304
502 3.1249999996915729 9.755623829222228e-16 0.015624999998457866
503 3.1249999992861883 9.8530338951568894e-16 0.015624999996430942
504 3.1249999998111999 9.8511610159988095e-16 0.015624999999056
505 3.1250000212532294 9.9337194966789513e-16 0.015625000106266149
506 3.1250000031224521 9.7609681050680389e-16 0.015625000015612261
507 3.124999984282355 9.8560324925787939e-16 0.015624999921411776
508 3.1249999992838631 9.8661098010070075e-16 0.015624999996419316
509 3.1250000167008047 9.7875457507893021e-16 0.015625000083504023
510 3.1249999982982746 9.8605000775818857e-16 0.015624999991491372
511 3.1249999996479532 9.8530825465912073e-16 0.015624999998239766
512 3.1250000005380487 9.8499979234224564e-16 0.015625000002690244
513 3.1250000002700382 9.8242785395622684e-16 0.015625000001350191
514 3.1250000004934075 9.8718334454794009e-16 0.015625000002467037
515 3.1249999998382236 9.6630978792975718e-16 0.015624999999191118
516 3.124999999100686 9.7119627742792155e-16 0.01562499999550343
517 3.1250000134396236 9.7937720481796666e-16 0.015625000067198119
518 3.1250000026284939 9.8236619000593117e-16 0.01562500001314247
519 3.1249999912891293 9.8563770863861974e-16 0.015624999956445647
520 3.124999998127993 9.8705513765191153e-16 0.015624999990639965
521 3.1250000041875614 9.7899732915153259e-16 0.015625000020937807
522 3.1249999995482605 9.832026027500979e-16 0.015624999997741302
523 3.1249999992519921 9.8378334464660291e-16 0.01562499999625996
524 3.1250000002767147 9.6678811916245082e-16 0.015625000001383574
525 3.1250000007291221 9.8409196544479944e-16 0.015625000003645612
526 3.1249999395572261 9.9576236962754425e-16 0.01562499969778613
527 3.1250000013676504 9.8022229260669675e-16 0.015625000006838252
528 3.1250000506930005 9.6890998911592556e-16 0.015625000253465002
529 3.1250000014697186 9.6547090263239011e-16 0.015625000007348594
530 3.1249999471858469 9.7186607292790189e-16 0.015624999735929235
531 3.1249999966870208 9.8542787284568882e-16 0.015624999983435105
532 3.1250000453766718 9.8390884254662016e-16 0.015625000226883359
533 3.1250000039763837 9.8632913480948295e-16 0.015625000019881919
534 3.1249999644539588 9.8667368915403074e-16 0.015624999822269794
535 3.1250001737118449 9.6877235536581801e-16 0.015625000868559225
536 3.1250000225422458 9.8766964099936863e-16 0.015625000112711229
537 3.1250000029305101 9.6985719313914246e-16 0.01562500001465255
538 3.1249999834870086 9.8362216433814274e-16 0.015624999917435043
539 3.1249999972290197 9.6542143837462325e-16 0.015624999986145098
540 3.1250000111353091 9.7554578149004526e-16 0.015625000055676547
541 3.1250000019604105 9.8644080337227384e-16 0.015625000009802052
542 3.1249999931214281 9.8440911497082094e-16 0.01562499996560714
543 3.1249999987236321 9.8071339767695224e-16 0.01562499999361816
544 3.1250000041225912 9.8719103428768225e-16 0.015625000020612956
545 3.1249999782506932 9.7659501487507938e-16 0.015624999891253466
546 3.1249999964272428 9.8321459930011e-16 0.015624999982136213
547 3.1249999988865289 9.7388014093193004e-16 0.015624999994432644
548 3.1250000017814537 9.7853049087202307e-16 0.015625000008907267
549 3.1249999881798018 9.8046132101492371e-16 0.015624999940899009
550 3.1250000018426523 9.7494732123996636e-16 0.015625000009213262
551 3.1250000056868052 9.7705357683952336e-16 0.015625000028434026
552 3.1249999987423096 9.7358370663249879e-16 0.015624999993711548
553 3.1249999926949221 9.8569613800977861e-16 0.015624999963474611
554 3.1250000004770602 9.8406937659756437e-16 0.0156250000023853
555 3.1250000086179672 9.7506457370070238e-16 0.015625000043089837
556 3.1250000000304192 9.7179949850273315e-16 0.015625000000152097
557 3.1249999915093669 9.8510459639939658e-16 0.015624999957546834
558 3.1249999996875766 9.7511624716072477e-16 0.015624999998437883
559 3.1250000077664324 9.8961546271007812e-16 0.015625000038832163
560 3.1250000006734693 9.6939125696571075e-16 0.015625000003367348
561 3.1249999936802015 9.7806411005472447e-16 0.015624999968401007
562 3.1249999988838448 9.8438915258265168e-16 0.015624999994419225
563 3.1250000046554844 9.8616669917659982e-16 0.015625000023277422
564 3.1250000009752408 9.8510605470442611e-16 0.015625000004876204
565 3.1249999976799834 9.845584398429907e-16 0.015624999988399916
566 3.1249999626282889 9.8791192645682174e-16 0.015624999813141445
567 3.1250000037109338 9.7817669123379981e-16 0.015625000018554668
568 3.1250000432958278 9.7633186163163029e-16 0.01562500021647914
569 3.1250000013649313 9.7936556271674603e-16 0.015625000006824655
570 3.1249999990497601 9.8541260390041595e-16 0.015624999995248801
571 3.124999996275839 9.7409406328644924e-16 0.015624999981379195
572 3.1250000342387576 9.8844014355067488e-16 0.015625000171193788
573 3.1250000041552526 9.8535691244559331e-16 0.015625000020776263
574 3.1249999727325659 9.8379045380412737e-16 0.015624999863662829
575 3.1249999955071388 9.8520192201147339e-16 0.015624999977535694
576 3.125000017943552 9.7586656849320255e-16 0.015625000089717761
577 3.1250000060834413 9.7222387221551264e-16 0.015625000030417207
578 3.1249999936860462 9.8569921395133561e-16 0.015624999968430231
579 3.1249999986558126 9.8182299211882823e-16 0.015624999993279064
580 3.1250000035221794 9.8558975515162632e-16 0.015625000017610899
581 3.1250000019638238 9.7619059609244385e-16 0.015625000009819118
582 3.1250000002430975 9.8673668540092509e-16 0.015625000001215486
583 3.1249999993351256 9.8508853187532715e-16 0.015624999996675628
584 3.1249999988826072 9.8545162747813235e-16 0.015624999994413035
585 3.1250000346389974 9.7684526407638169e-16 0.015625000173194986
586 3.1250000000447558 9.8380481798834933e-16 0.015625000000223779
587 3.1249999626909748 9.7694924800478831e-16 0.015624999813454873
588 3.1249999913499749 9.8075462037261329e-16 0.015624999956749874
589 3.125000036144947 9.834893878811656e-16 0.015625000180724734
590 3.1250000046102748 9.8741214229618656e-16 0.015625000023051373
591 3.1249999766010896 9.7718236088187688e-16 0.015624999883005449
592 3.1249999946794929 9.7462634028659109e-16 0.015624999973397464
593 3.1250000111969061 9.8552696945560336e-16 0.01562500005598453
594 3.1250000009171872 9.6965653553378933e-16 0.015625000004585936
595 3.1249999957087899 9.861740441630362e-16 0.01562499997854395
596 3.1250000040807304 9.8339442234760705e-16 0.015625000020403651
597 3.1250000073254722 9.7085496826703636e-16 0.015625000036627361
598 3.1249999977977381 9.7999424658123126e-16 0.01562499998898869
599 3.1249999888425184 9.8568038995911689e-16 0.015624999944212592
600 3.0302947050626985 9.5737594803852884e-16 0.015151473525313493
601 2.9379477715770603 9.3198509620654804e-16 0.014689738857885302
602 2.8479348410851886 8.9246135842896602e-16 0.014239674205425943
603 2.7602304516763074 8.7528781673618224e-16 0.013801152258381537
604 2.6748080401849226 8.537301579464116e-16 0.013374040200924612
605 2.5916399730957833 8.002273507306814e-16 0.012958199865478916
606 2.5106975505345845 7.9430100336486117e-16 0.012553487752672923
607 2.4319510407362328 7.6317721307854025e-16 0.012159755203681163
608 2.3553697061421577 7.4576231659975173e-16 0.011776848530710789
609 2.2809218369549953 7.2077919088155541e-16 0.011404609184774976
610 2.20857478892062 6.9872071983613664e-16 0.011042873944603101
611 2.1382950238021126 6.7586035028861831e-16 0.010691475119010562
612 2.0700481582087269 6.5315120965198765e-16 0.010350240791043635
613 2.0037990069867253 6.338938797015554e-16 0.010018995034933626
614 1.9395116463246347 6.1434202668042289e-16 0.009697558231623174
615 1.8771494639376651 5.948452141433414e-16 0.009385747319688326
616 1.8166752152927998 5.6816997080438867e-16 0.009083376076463999
617 1.7580510959907101 5.5240230938100623e-16 0.0087902554799535512
618 1.7012387998482206 5.315715617385312e-16 0.0085061939992411035
619 1.6461995830032359 5.203317960905923e-16 0.0082309979150161795
620 1.5928943393794983 4.9923104496034814e-16 0.0079644716968974918
621 1.5412836642941126 4.876606893363323e-16 0.0077064183214705624
622 1.4913279255812188 4.7261289262246225e-16 0.0074566396279060945
623 1.4429873338167463 4.6051985102457783e-16 0.007214936669083731
624 1.3962220120871058 4.4023473786761706e-16 0.0069811100604355294
625 1.3509920629195245 4.2586977536571069e-16 0.0067549603145976222
626 1.3072576368399971 4.158262880635698e-16 0.0065362881841999855
627 1.2649790004108044 4.0386316804552452e-16 0.0063248950020540215
628 1.2241165973780075 3.8948134561490394e-16 0.0061205829868900379
629 1.1846311158576908 3.7660059476906273e-16 0.0059231555792884534
630 1.1464835392558812 3.6470313431001627e-16 0.0057324176962794057
631 1.1096352122006228 3.498485725230845e-16 0.0055481760610031142
632 1.0740478844430672 3.4004793924265152e-16 0.0053702394222153362
633 1.0396837749165899 3.2757219043864607e-16 0.0051984188745829493
634 1.0065056053705277 3.1616348304770426e-16 0.0050325280268526387
635 0.97447665001095762 3.0825760326498346e-16 0.0048723832500547877
636 0.9435607748574929 2.9622381089544835e-16 0.0047178038742874649
637 0.91372247347594882 2.8699114815461581e-16 0.0045686123673797444
638 0.88492690006904506 2.8012375988983382e-16 0.0044246345003452255
639 0.85713989817335334 2.7212180853497179e-16 0.004285699490866767
640 0.83032802566126418 2.5865425124483527e-16 0.0041516401283063211
641 0.80445857682119415 2.5420646447315258e-16 0.004022292884105971
642 0.77949960089339632 2.4278587111801011e-16 0.0038974980044669816
643 0.75541991698645239 2.3822131690499665e-16 0.0037770995849322618
644 0.73218912522838719 2.3230537734947357e-16 0.0036609456261419361
645 0.70977761676625739 2.2447684451280727e-16 0.003548888083831287
646 0.68815657883103343 2.1902833947991452e-16 0.0034407828941551673
647 0.66729799816397795 2.0696538158534567e-16 0.0033364899908198899
648 0.64717466172619709 2.0471563715488129e-16 0.0032358733086309856
649 0.62776015510705252 1.9406105646773027e-16 0.0031388007755352625
650 0.60902885762663717 1.9492591980947566e-16 0.0030451442881331858
651 0.59095594100072391 1.8655250585928606e-16 0.0029547797050036195
652 0.57351735178497709 1.8154048022520288e-16 0.0028675867589248853
653 0.55668981607273871 1.7631406798308134e-16 0.0027834490803636935
654 0.54045081453903199 1.6862190805329291e-16 0.0027022540726951601
655 0.52477857937813477 1.6513232455324261e-16 0.0026238928968906738
656 0.50965207983978389 1.611743554903617e-16 0.0025482603991989193
657 0.4950510043033271 1.5592502165855107e-16 0.0024752550215166357
658 0.48095574979788003 1.5200217016522429e-16 0.0024047787489894002
659 0.46734740182169388 1.4811051754579462e-16 0.0023367370091084694
660 0.45420772242780927 1.4369851273340293e-16 0.0022710386121390464
661 0.44151912952916833 1.3994896260026481e-16 0.0022075956476458416
662 0.42926468189022188 1.3462993483591e-16 0.0021463234094511092
663 0.41742806086918993 1.3045967323836628e-16 0.0020871403043459498
664 0.40599355183216951 1.2774838777787953e-16 0.0020299677591608476
665 0.39494602844883731 1.2506128478341619e-16 0.0019747301422441865
666 0.38427093293435033 1.2194945586748925e-16 0.0019213546646717516
667 0.37395425923130604 1.1750116893853677e-16 0.0018697712961565302
668 0.36398253495084831 1.1613172616703327e-16 0.0018199126747542415
669 0.35434280422255421 1.1312602947490739e-16 0.001771714021112771
670 0.34502261018369329 1.0740749765639834e-16 0.0017251130509184664
671 0.33600997740655653 1.0476914694755213e-16 0.0016800498870327826
672 0.32729339602465596 1.0357567339417285e-16 0.0016364669801232799
673 0.31886180449109808 1.0053965358965909e-16 0.0015943090224554903
674 0.31070457397297196 9.6256905131778758e-17 0.0015535228698648597
675 0.30281149215258518 9.3950012816578227e-17 0.0015140574607629259
676 0.29517274838403673 9.2998925926219773e-17 0.0014758637419201837
677 0.28777891811144352 8.9501773809035713e-17 0.0014388945905572175
678 0.28062094834665868 8.8844224245367494e-17 0.0014031047417332933
679 0.27369014394787122 8.6387235983119261e-17 0.001368450719739356
680 0.2669781532696201 8.4350545259866442e-17 0.0013348907663481005
681 0.26047695545779187 8.2294736687273624e-17 0.0013023847772889593
682 0.25417884695037923 8.0302307034011207e-17 0.0012708942347518962
683 0.24807642900453458 7.8594461097571695e-17 0.0012403821450226728
684 0.24216260040989968 7.6844048936496177e-17 0.0012108130020494984
685 0.23643052680435456 7.4873446415848162e-17 0.0011821526340217727
686 0.23087365998557705 7.2568697611885007e-17 0.0011543682999278853
687 0.22548570371129623 7.1343021686687712e-17 0.0011274285185564812
688 0.22026061409537717 6.9050054274966026e-17 0.0011013030704768859
689 0.21519257694189056 6.8053744330227406e-17 0.0010759628847094528
690 0.21027601526517478 6.6613586921699722e-17 0.001051380076325874
691 0.20550557232237329 6.5078750510600777e-17 0.0010275278616118664
692 0.20087601089444043 6.4247801178940837e-17 0.0010043800544722022
693 0.19638259349277742 6.2317629513956853e-17 0.00098191296746388715
694 0.1920204193972791 5.9768155455475179e-17 0.00096010209698639548
695 0.18778492715982883 5.9670407758399566e-17 0.00093892463579914418
696 0.18367174365686062 5.866324804139855e-17 0.00091835871828430311
697 0.17967661903732909 5.7428169520966323e-17 0.00089838309518664545
698 0.17579556885793357 5.5975349298778914e-17 0.00087897784428966788
699 0.1720245792105444 5.4784726120220135e-17 0.00086012289605272199
700 0.16836002811107581 5.3946805130981074e-17 0.00084180014055537905
701 0.16479820105457557 5.1268567117955229e-17 0.00082399100527287788
702 0.16133574565279038 5.1144422659738271e-17 0.00080667872826395187
703 0.1579692255197804 4.9261894499580115e-17 0.00078984612759890201
704 0.15469545716398606 4.8827547876156225e-17 0.00077347728581993029
705 0.15151140059886428 4.8544822251117013e-17 0.00075755700299432144
706 0.14841405558659543 4.6935028611416885e-17 0.00074207027793297714
707 0.1454005531760538 4.5536827218699345e-17 0.00072700276588026896
708 0.14246817499258094 4.4317642218160864e-17 0.00071234087496290465
709 0.13961424645249576 4.4179102795755976e-17 0.00069807123226247876
710 0.13683624671938793 4.3289366529512518e-17 0.00068418123359693971
711 0.1341316750354152 4.2704891689809636e-17 0.00067065837517707601
712 0.13149818955830456 4.1848642749329679e-17 0.00065749094779152283
713 0.1289335770482174 4.0743065481627261e-17 0.00064466788524108695
714 0.12643559775104204 4.0115370680520919e-17 0.00063217798875521024
715 0.12400213980211389 3.9185994018170506e-17 0.00062001069901056942
716 0.12163111466376249 3.8163337590311364e-17 0.00060815557331881244
717 0.11932063996128896 3.7744908587151815e-17 0.00059660319980644474
718 0.1170688521963195 3.7226140876794689e-17 0.00058534426098159756
719 0.11487384717682148 3.6593404692840573e-17 0.00057436923588410742
720 0.11273391757746837 3.5604516282340828e-17 0.00056366958788734182
721 0.11064736495040249 3.5096116370962054e-17 0.00055323682475201248
722 0.10861253313513464 3.4280335575468065e-17 0.00054306266567567319
723 0.1066278869256209 3.3430956309474457e-17 0.00053313943462810452
724 0.10469189037058592 3.3099803685037929e-17 0.00052345945185292963
725 0.10280307425671874 3.2660872501028502e-17 0.00051401537128359365
726 0.10096002924428506 3.2100149886243507e-17 0.00050480014622142529
727 0.099161378806531753 3.142800165982722e-17 0.00049580689403265878
728 0.097405803998282262 3.0960540001846381e-17 0.00048702901999141129
729 0.095692072187337857 2.9988086914615406e-17 0.00047846036093668928
730 0.094018934354415828 2.9434143651886637e-17 0.00047009467177207916
731 0.092385170606025163 2.9223382711165607e-17 0.00046192585303012583
732 0.090789662404072408 2.8787463218924253e-17 0.00045394831202036205
733 0.089231314104088605 2.8496155483017766e-17 0.00044615657052044302
734 0.087709042499866829 2.7735186396385149e-17 0.00043854521249933414
735 0.086221835918794079 2.7014338391161391e-17 0.00043110917959397039
736 0.084768673350267151 2.6805677719273484e-17 0.00042384336675133576
737 0.083348602805566954 2.6579564367065939e-17 0.00041674301402783479
738 0.081960673214124438 2.6012738654330412e-17 0.0004098033660706222
739 0.080603990598047098 2.5717871099727378e-17 0.00040301995299023551
740 0.079277694887232394 2.4794277187913963e-17 0.00039638847443616197
741 0.07798093620264672 2.4678955102015281e-17 0.0003899046810132336
742 0.076712891653283599 2.4311152800537476e-17 0.00038356445826641801
743 0.075472788425496692 2.3939011106758695e-17 0.00037736394212748348
744 0.074259834402000638 2.3238756022764476e-17 0.0003712991720100032
745 0.073073315134962888 2.2741680597546772e-17 0.00036536657567481446
746 0.071912505644124505 2.2368771632114398e-17 0.00035956252822062253
747 0.070776711155653316 2.2090054460605871e-17 0.0003538835557782666
748 0.069665267496456545 2.1792222763434358e-17 0.00034832633748228272
749 0.068577517641432731 2.1920747847583361e-17 0.00034288758820716364
750 0.067512840078529562 2.1347965139790911e-17 0.00033756420039264784
751 0.066470621802863825 2.1136364852764909e-17 0.00033235310901431913
752 0.065450267952773103 2.0419321076314359e-17 0.00032725133976386551
753 0.064451212371818958 2.0422270848783151e-17 0.00032225606185909482
754 0.06347289711822611 2.0071967967230915e-17 0.00031736448559113056
755 0.062514785011420965 1.9718184673755322e-17 0.00031257392505710483
756 0.06157635386615945 1.9444282592235858e-17 0.00030788176933079723
757 0.060657114360838191 1.9103789832876342e-17 0.00030328557180419095
758 0.059756562313448953 1.8820722191771096e-17 0.00029878281156724476
759 0.05887421538397962 1.844305887671875e-17 0.00029437107691989811
760 0.058009622465600125 1.8393011939704552e-17 0.00029004811232800063
761 0.057162344915754809 1.809617336482181e-17 0.00028581172457877406
762 0.056331943314216801 1.7849791899902068e-17 0.00028165971657108401
763 0.055517993680291061 1.7514285961259679e-17 0.00027758996840145529
764 0.054720088759245555 1.737246565451127e-17 0.00027360044379622778
765 0.053937830744135426 1.7093470208740763e-17 0.00026968915372067712
766 0.053170841752170024 1.6833625408804039e-17 0.00026585420876085012
767 0.052418743414157122 1.6444271279749501e-17 0.00026209371707078559
768 0.051681179416640584 1.6431047798525436e-17 0.00025840589708320293
769 0.050957796517767134 1.6202840597079187e-17 0.0002547889825888357
770 0.050248247946753435 1.5977094460393717e-17 0.00025124123973376716
771 0.049552199842570858 1.55203577576223e-17 0.0002477609992128543
772 0.048869335658488701 1.5526693885632763e-17 0.00024434667829244353
773 0.048199339381769166 1.5293999323930774e-17 0.00024099669690884584
774 0.047541913326257894 1.4881456928632419e-17 0.00023770956663128948
775 0.046896755868101013 1.4805061758316686e-17 0.00023448377934050506
776 0.046263577179387304 1.462765454499828e-17 0.00023131788589693652
777 0.045642103441980289 1.4544151609102266e-17 0.00022821051720990144
778 0.045032060454224455 1.4257548845202277e-17 0.00022516030227112227
779 0.044433178487437136 1.3993810282934903e-17 0.00022216589243718567
780 0.043845211677706428 1.3876366081700907e-17 0.00021922605838853215
781 0.043267900818831848 1.3863239227965779e-17 0.00021633950409415923
782 0.042701008782289135 1.349965812059932e-17 0.00021350504391144567
783 0.042144295149607894 1.3043666609767377e-17 0.00021072147574803946
784 0.041597534503825861 1.3119271924866859e-17 0.00020798767251912931
785 0.041060500668336421 1.2837081984440312e-17 0.00020530250334168212
786 0.040532971775045716 1.280926428170392e-17 0.00020266485887522858
787 0.040014743735500811 1.2651249091036441e-17 0.00020007371867750406
788 0.039505602539878851 1.2570947464356096e-17 0.00019752801269939425
789 0.039005354962621412 1.2271472791133462e-17 0.00019502677481310707
790 0.038513798229929279 1.2320909456413059e-17 0.00019256899114964638
791 0.038030748772909441 1.2059302716810663e-17 0.0001901537438645472
792 0.037556014851572964 1.1897352994299837e-17 0.00018778007425786483
793 0.037089421737567178 1.1841757960179543e-17 0.0001854471086878359
794 0.036630788079107794 1.161874411342359e-17 0.00018315394039553897
795 0.036179947856195854 1.1284264460523276e-17 0.00018089973928097928
796 0.035736729256361455 1.1346355339838919e-17 0.00017868364628180727
797 0.035300974233474593 1.1013561402250459e-17 0.00017650487116737296
798 0.034872520132683001 1.1052968330828123e-17 0.00017436260066341501
799 0.034451216283007083 1.080557601909038e-17 0.00017225608141503541
800 0.034036908879018245 1.0773100031021844e-17 0.00017018454439509122
801 0.033629454065408348 1.0630896074917182e-17 0.00016814727032704173
802 0.033228707928369267 1.0537731732920536e-17 0.00016614353964184634
803 0.032834529149243591 1.0441818949788758e-17 0.00016417264574621794
804 0.032446784399678547 1.0274197140824969e-17 0.00016223392199839274
805 0.032065338546391736 1.0089272211266393e-17 0.00016032669273195868
806 0.031690064851815428 1.0018450975092269e-17 0.00015845032425907714
807 0.031320834706992574 9.8240167712198717e-18 0.00015660417353496287
808 0.0309575281546608 9.7579169772249652e-18 0.000154787640773304
809 0.030600022788142757 9.7008727569078912e-18 0.00015300011394071378
810 0.030248201334739638 9.5627393794094303e-18 0.0001512410066736982
811 0.02990195090913228 9.4723096145320548e-18 0.00014950975454566139
812 0.029561160350806876 9.3625280369370771e-18 0.00014780580175403438
813 0.02922571918374145 9.1828875478534856e-18 0.00014612859591870724
814 0.02889552209573705 9.177049693575457e-18 0.00014447761047868524
815 0.028570464728172294 9.0102744008713872e-18 0.00014285232364086146
816 0.028250446105330861 8.9800121444583231e-18 0.00014125223052665429
817 0.027935368624850278 8.8207986001280609e-18 0.00013967684312425139
818 0.027625134621206117 8.7004290128666727e-18 0.00013812567310603059
819 0.0273196496004189 8.5587124084737229e-18 0.00013659824800209451
820 0.027018821604087397 8.4891797716651662e-18 0.00013509410802043699
821 0.026722561524261786 8.4804143401703802e-18 0.00013361280762130893
822 0.026430781306975269 8.3013550766783308e-18 0.00013215390653487633
823 0.02614339502264542 8.2137221435589287e-18 0.0001307169751132271
824 0.025860318750083929 8.1590806353500172e-18 0.00012930159375041964
825 0.025581470566295585 8.036782798942022e-18 0.00012790735283147792
826 0.025306770507426253 7.9290649631860962e-18 0.00012653385253713127
827 0.025036141616021731 7.9165242240642459e-18 0.00012518070808010867
828 0.024769505696805381 7.8482432392994397e-18 0.00012384752848402689
829 0.024506788807514109 7.7535700843354948e-18 0.00012253394403757056
830 0.024247918030512093 7.7022360523595393e-18 0.00012123959015256047
831 0.023992822077968108 7.6329036855000081e-18 0.00011996411038984054
832 0.023741431233064058 7.5523151467506277e-18 0.00011870715616532029
833 0.023493677302046781 7.4240776606597816e-18 0.0001174683865102339
834 0.023249493576938222 7.2328769166718105e-18 0.00011624746788469111
835 0.023008814805946007 7.1956905258347388e-18 0.00011504407402973004
836 0.022771577167230238 7.0894505456640788e-18 0.00011385788583615119
837 0.022537718241803492 7.0092993524714548e-18 0.00011268859120901745
838 0.022307176982663476 6.965971200167472e-18 0.00011153588491331738
839 0.02207989367921771 6.8448693598099723e-18 0.00011039946839608854
840 0.021855809918000881 6.8313145872057118e-18 0.00010927904959000441
841 0.021634868542074286 6.7312047798777505e-18 0.00010817434271037143
842 0.021417012674753089 6.8055384298928484e-18 0.00010708506337376545
843 0.02120218945429355 6.6691412777639069e-18 0.00010601094727146775
844 0.020990344464831823 6.6339897466990188e-18 0.00010495172232415912
845 0.020781425281678992 6.682369774915703e-18 0.00010390712640839496
846 0.020575380583445695 6.5204557452954398e-18 0.00010287690291722847
847 0.020372160128357238 6.3589737342035634e-18 0.00010186080064178619
848 0.020171714733194242 6.4475292310720743e-18 0.00010085857366597121
849 0.019973996253702331 6.2742412433197968e-18 9.9869981268511652e-05
850 0.019778958186510494 6.2300511849587334e-18 9.8894790932552463e-05
851 0.019586553634880408 6.2119446654744894e-18 9.7932768174402042e-05
852 0.01939673766003908 6.0142719042759387e-18 9.6983688300195393e-05
853 0.019209466850657574 6.0914696161019347e-18 9.6047334253287873e-05
854 0.019024696588986433 5.9070875340989678e-18 9.5123482944932164e-05
855 0.018842384975827686 5.9522138439219916e-18 9.4211924879138427e-05
856 0.018662490463515102 5.8821394099283484e-18 9.3312452317575502e-05
857 0.01848497324353171 5.8540153902259829e-18 9.242486621765855e-05
858 0.018309791817403064 5.863167670153253e-18 9.1548959087015317e-05
859 0.018136907844130776 5.6446993626784385e-18 9.0684539220653888e-05
860 0.017966283045962525 5.6703298785080071e-18 8.9831415229812625e-05
861 0.017797879914235419 5.6410694801586532e-18 8.8989399571177101e-05
862 0.017631661689775438 5.5653295980912892e-18 8.815830844887719e-05
863 0.017467592343979321 5.4727490609407453e-18 8.7337961719896612e-05
864 0.017305636560694049 5.4906391234205505e-18 8.6528182803470246e-05
865 0.017145759718971379 5.4457180564780881e-18 8.57287985948569e-05
866 0.016987927876732738 5.3877411746313106e-18 8.4939639383663698e-05
867 0.016832108472791207 5.3374337290620306e-18 8.4160542363956041e-05
868 0.01667826754218309 5.2385635296583537e-18 8.3391337710915454e-05
869 0.016526373772153168 5.2414446375643075e-18 8.2631868860765835e-05
870 0.016376395807779495 5.2196584060915152e-18 8.1881979038897476e-05
871 0.016228302902668346 5.1477831569285994e-18 8.1141514513341737e-05
872 0.016082065480553825 5.1043324031016853e-18 8.0410327402769132e-05
873 0.015937652981424029 5.0565590078568386e-18 7.9688264907120139e-05
874 0.015795036875940555 4.9892413270643949e-18 7.8975184379702771e-05
875 0.015654188729374578 4.9326972155499236e-18 7.8270943646872889e-05
876 0.015515080652054113 4.9155922235551721e-18 7.7575403260270569e-05
877 0.015377685958359063 4.8205247258250045e-18 7.6888429791795306e-05
878 0.015241976637873852 4.8382395088187633e-18 7.6209883189369256e-05
879 0.01510792689696577 4.7834740759470247e-18 7.5539634484828849e-05
880 0.014975510908535654 4.7560793592196668e-18 7.4877554542678265e-05
881 0.014844703923379185 4.7060968217494003e-18 7.4223519616895922e-05
882 0.014715480008007875 4.6629188708992952e-18 7.3577400040039374e-05
883 0.014587815252560985 4.5839442446291502e-18 7.2939076262804923e-05
884 0.014461685713144882 4.595401750422954e-18 7.2308428565724412e-05
885 0.014337067891353049 4.5313309848835425e-18 7.1685339456765244e-05
886 0.014213938724535292 4.5262443247750638e-18 7.106969362267646e-05
887 0.014092276155973143 4.4055160770479468e-18 7.0461380779865716e-05
888 0.01397205686261169 4.4271202906106694e-18 6.9860284313058446e-05
889 0.013853259551827892 4.3363326866366749e-18 6.9266297759139458e-05
890 0.013735862809050767 4.3638716554575356e-18 6.8679314045253829e-05
891 0.013619845610124378 4.3273528999707852e-18 6.8099228050621898e-05
892 0.013505187312922072 4.2467266264088257e-18 6.7525936564610359e-05
893 0.013391867649165069 4.2485836889983512e-18 6.6959338245825345e-05
894 0.01327986671644181 4.2098084235727622e-18 6.6399333582209055e-05
895 0.013169164970424469 4.1869493952512874e-18 6.5845824852122346e-05
896 0.013059743217277722 4.1261727316469263e-18 6.5298716086388615e-05
897 0.012951582606256062 4.0560660722181235e-18 6.4757913031280318e-05
898 0.012844664622484988 4.0477201731858128e-18 6.4223323112424943e-05
899 0.012738971079921814 4.0046532261341897e-18 6.3694855399609073e-05
900 0.012634484114492259 3.9893948743252964e-18 6.3172420572461295e-05
901 0.012531186177398249 3.9702729478879515e-18 6.2655930886991245e-05
902 0.012429060028593343 3.9072392750263441e-18 6.2145300142966723e-05
903 0.012328088730421793 3.8379006480409377e-18 6.1640443652108973e-05
904 0.012228255641417125 3.8281008681194086e-18 6.1141278207085627e-05
905 0.012129544410256234 3.799019124151076e-18 6.0647722051281169e-05
906 0.012031938969864875 3.8204042088507572e-18 6.0159694849324378e-05
907 0.011935423531669357 3.7191367178247841e-18 5.9677117658346781e-05
908 0.011839982579990235 3.7577408062993467e-18 5.9199912899951176e-05
909 0.011745600866571341 3.7427367029453625e-18 5.8728004332856703e-05
910 0.011652263405239921 3.712463891056977e-18 5.8261317026199607e-05
911 0.011559955466690846 3.648517064421294e-18 5.7799777333454231e-05
912 0.011468662573389602 3.5926235390391174e-18 5.734331286694801e-05
913 0.011378370123690725 3.5879856878965795e-18 5.6891850618453625e-05
914 0.011289064833755278 3.5380073940251195e-18 5.6445324168776389e-05
915 0.011200732623327572 3.4878636030400545e-18 5.6003663116637859e-05
916 0.01111335997349782 3.4572242168252721e-18 5.55667998674891e-05
917 0.011026933593087774 3.4880817780879626e-18 5.5134667965438872e-05
918 0.010941440414168987 3.4161741464824968e-18 5.4707202070844937e-05
919 0.010856867587677522 3.4790134951832139e-18 5.4284337938387611e-05
920 0.010773202479121587 3.3543853332932356e-18 5.3866012395607932e-05
921 0.010690432664381893 3.3808453615935013e-18 5.3452163321909466e-05
922 0.010608545925600696 3.3801969250929426e-18 5.304272962800348e-05
923 0.010527530247159989 3.3058129640617177e-18 5.2637651235799944e-05
924 0.010447373811746187 3.28995288036491e-18 5.2236869058730937e-05
925 0.010368064996500026 3.3059539201454102e-18 5.1840324982500131e-05
926 0.010289592369250696 3.3113089060554273e-18 5.144796184625348e-05
927 0.01021194468483257 3.1571593859081799e-18 5.1059723424162846e-05
928 0.010135110881483566 3.2466726900152167e-18 5.0675554407417827e-05
929 0.01005908007732236 3.228184126789295e-18 5.0295400386611803e-05
930 0.0099838415669051064 3.1263633946964264e-18 4.9919207834525531e-05
931 0.0099093848178582553 3.1277751205779293e-18 4.9546924089291276e-05
932 0.0098356994675862942 3.1179356012877398e-18 4.9178497337931474e-05
933 0.0097627753200533341 3.1134758007790785e-18 4.8813876600266667e-05
934 0.009690602342636025 3.0613784933889106e-18 4.8453011713180127e-05
935 0.0096191706630465463 3.0692079687646747e-18 4.809585331523273e-05
936 0.0095484705663233371 3.0252041865501981e-18 4.7742352831616684e-05
937 0.0094784924918885349 3.037733406155441e-18 4.7392462459442671e-05
938 0.0094092270306694332 3.0203581297338364e-18 4.7046135153347169e-05
939 0.0093406649222830332 2.9530405669994045e-18 4.6703324611415164e-05
940 0.0092727970522814285 2.9019957664577218e-18 4.6363985261407145e-05
941 0.0092056144494564417 2.8673803357460599e-18 4.6028072247282206e-05
942 0.0091391082832020416 2.885364205584255e-18 4.5695541416010205e-05
943 0.0090732698609327558 2.8749667709632083e-18 4.5366349304663779e-05
944 0.009008090625556851 2.8280893316343581e-18 4.5040453127784253e-05
945 0.0089435621530025485 2.8343221036648352e-18 4.4717810765012743e-05
946 0.0088796761497958697 2.8057231151277394e-18 4.4398380748979346e-05
947 0.0088164244506892166 2.8250377057613811e-18 4.4082122253446084e-05
948 0.0087537990163387633 2.8013623673636489e-18 4.3768995081693814e-05
949 0.0086917919310301201 2.7559959785023268e-18 4.3458959655150602e-05
950 0.0086303954004505971 2.7068635521516787e-18 4.3151977002252986e-05
951 0.0085696017495072007 2.7115398909436155e-18 4.2848008747536001e-05
952 0.0085094034201891582 2.673340432378965e-18 4.2547017100945793e-05
953 0.0084497929694742607 2.659009896156915e-18 4.2248964847371303e-05
954 0.0083907630672775124 2.6396833239403159e-18 4.195381533638756e-05
955 0.008332306494441619 2.6203302234412239e-18 4.1661532472208097e-05
956 0.0082744161407680913 2.6001608543867713e-18 4.1372080703840457e-05
957 0.0082170850030881711 2.6060777575395909e-18 4.1085425015440855e-05
958 0.0081603061833726356 2.5874854781667777e-18 4.0801530916863178e-05
959 0.0081040728868797696 2.5696183091305657e-18 4.0520364434398849e-05
960 0.0080483784203404587 2.5480949368152942e-18 4.0241892101702294e-05
961 0.0079932161901797374 2.5213666610628123e-18 3.9966080950898684e-05
962 0.0079385797007739609 2.5032340983904128e-18 3.9692898503869802e-05
963 0.0078844625527427787 2.5017800792895595e-18 3.9422312763713891e-05
964 0.0078308584412751688 2.4855587887472412e-18 3.9154292206375841e-05
965 0.0077777611544888534 2.4707406737782202e-18 3.8888805772444269e-05
966 0.0077251645718222142 2.4543326230463588e-18 3.8625822859111074e-05
967 0.0076730626624581218 2.4168086217146566e-18 3.8365313312290611e-05
968 0.0076214494837789594 2.4107659155166801e-18 3.81072474188948e-05
969 0.0075703191798520073 2.3841984797739118e-18 3.7851595899260038e-05
970 0.0075196659799448111 2.366707652305288e-18 3.7598329899724056e-05
971 0.0074694841970695501 2.3506886136268295e-18 3.7347420985347751e-05
972 0.007419768226556012 2.3398771986921452e-18 3.7098841132780062e-05
973 0.0073705125446523875 2.3070170773172768e-18 3.6852562723261935e-05
974 0.0073217117071534363 2.3080430803831522e-18 3.6608558535767183e-05
975 0.007273360348055178 2.3068795989455522e-18 3.6366801740275891e-05
976 0.0072254531782358199 2.2966922543673218e-18 3.6127265891179098e-05
977 0.0071779849841621347 2.2772886196637845e-18 3.5889924920810671e-05
978 0.0071309506266208226 2.2592352604025354e-18 3.5654753133104114e-05
979 0.0070843450394742829 2.2421511224133082e-18 3.5421725197371418e-05
980 0.007038163228440291 2.2356402543445774e-18 3.5190816142201456e-05
981 0.0069924002698950102 2.1876748562854984e-18 3.4962001349475051e-05
982 0.0069470513096990191 2.2023754524167233e-18 3.4735256548495093e-05
983 0.0069021115620454205 2.1774579547792726e-18 3.4510557810227099e-05
984 0.0068575763083302179 2.1725642771565217e-18 3.428788154165109e-05
985 0.0068134408960437969 2.158757410047801e-18 3.4067204480218982e-05
986 0.0067697007376835774 2.1476758675647404e-18 3.3848503688417884e-05
987 0.0067263513096870731 2.112277639056648e-18 3.3631756548435366e-05
988 0.0066833881513851355 2.1075534082856382e-18 3.3416940756925675e-05
989 0.006640806863974719 2.1132504041192992e-18 3.3204034319873592e-05
990 0.0065986031095109868 2.0914996183264428e-18 3.2993015547554937e-05
991 0.0065567726099182806 2.0781391924301821e-18 3.2783863049591402e-05
992 0.0065153111460194016 2.0566708435252643e-18 3.2576555730097006e-05
993 0.0064742145565830573 2.0289593064262603e-18 3.2371072782915287e-05
994 0.0064334787373889445 2.0417845420017014e-18 3.2167393686944724e-05
995 0.0063930996403100465 2.0249055830822981e-18 3.1965498201550235e-05
996 0.0063530732724120607 2.0089263743932178e-18 3.1765366362060303e-05
997 0.0063133956950692438 2.00950167612915e-18 3.1566978475346221e-05
998 0.0062740630230965471 1.9884697378763927e-18 3.1370315115482739e-05
999 0.0062350714238977199 1.9493687730913335e-18 3.1175357119488602e-05
1000 0.0061964171166289522 1.9556392823268065e-18 3.0982085583144761e-05
1001 0.0061580963713776752 1.9222998062785337e-18 3.0790481856888376e-05
1002 0.006120105508356545 1.9277645352938656e-18 3.0600527541782724e-05
1003 0.0060824408971117804 1.9118261341186022e-18 3.0412204485558904e-05
1004 0.0060450989557460956 1.9207501203513603e-18 3.0225494778730478e-05
1005 0.0060080761501554517 1.8883019598433584e-18 3.0040380750777258e-05
1006 0.0059713689932798146 1.898587876549703e-18 2.9856844966399072e-05
1007 0.0059349740443670864 1.8604202632734759e-18 2.9674870221835433e-05
1008 0.005898887908250606 1.8770074013281266e-18 2.949443954125303e-05
1009 0.0058631072346391833 1.8280169749901079e-18 2.9315536173195916e-05
1010 0.0058276287174202739 1.859829630183232e-18 2.9138143587101371e-05
1011 0.0057924490939750472 1.8263234269547178e-18 2.8962245469875236e-05
1012 0.0057575651445061831 1.8301146814417983e-18 2.8787825722530916e-05
1013 0.0057229736913771085 1.7867626079449173e-18 2.8614868456885542e-05
1014 0.0056886715984633303 1.8057136094330823e-18 2.844335799231665e-05
1015 0.0056546557705148374 1.781975352671085e-18 2.8273278852574188e-05
1016 0.0056209231525301212 1.7644753944788678e-18 2.8104615762650606e-05
1017 0.0055874707291409201 1.7712144026737644e-18 2.7937353645704599e-05
1018 0.0055542955240078387 1.7687499148157749e-18 2.7771477620039194e-05
1019 0.0055213945992266021 1.7575708513681212e-18 2.7606972996133011e-05
1020 0.005488765054744619 1.7538578858389503e-18 2.7443825273723096e-05
1021 0.0054564040277876912 1.7425961499610147e-18 2.7282020138938457e-05
1022 0.0054243086922967244 1.6940569218946238e-18 2.7121543461483623e-05
1023 0.0053924762583742623 1.6929708164590345e-18 2.696238129187131e-05
1024 0.0053609039717404175 1.7046377938378187e-18 2.6804519858702089e-05
1025 0.0053295891131983509 1.6634975817223909e-18 2.6647945565991755e-05
1026 0.0052985289981090193 1.6769109033138039e-18 2.6492644990545097e-05
1027 0.005267720975874671 1.6638796817409574e-18 2.6338604879373356e-05
1028 0.0052371624294315286 1.6670084736561899e-18 2.6185812147157642e-05
1029 0.0052068507747508857 1.619535792970693e-18 2.6034253873754428e-05
1030 0.0051767834603489854 1.6500654370628185e-18 2.5883917301744928e-05
1031 0.0051469579668048772 1.6277604212741693e-18 2.5734789834024388e-05
1032 0.0051173718062869078 1.6065131504467768e-18 2.558685903143454e-05
1033 0.0050880225220869052 1.5975939998359396e-18 2.5440112610434527e-05
1034 0.0050589076881623792 1.5742553692799684e-18 2.5294538440811894e-05
1035 0.0050300249086864725 1.5612547980823932e-18 2.5150124543432362e-05
1036 0.0050013662469167068 1.5657629023106867e-18 2.5006831234583536e-05
1037 0.004972935010447219 1.5731517683287008e-18 2.4864675052236096e-05
1038 0.0049447288905735748 1.5830439268725518e-18 2.4723644452867875e-05
1039 0.0049167456070918197 1.5775383567072437e-18 2.4583728035459099e-05
1040 0.0048889829078847934 1.5411897188959238e-18 2.4444914539423966e-05
1041 0.0048614385685153702 1.5327846636037928e-18 2.4307192842576851e-05
1042 0.0048341103918263456 1.5468109266678565e-18 2.4170551959131728e-05
1043 0.0048069962075470386 1.49055677094436e-18 2.4034981037735193e-05
1044 0.0047800938719065583 1.5114211114938129e-18 2.3900469359532792e-05
1045 0.0047534012672530721 1.4863853437419633e-18 2.3767006336265359e-05
1046 0.0047269163016797917 1.4868461912586695e-18 2.3634581508398957e-05
1047 0.0047006369086567846 1.4921564580215343e-18 2.3503184543283922e-05
1048 0.0046745610466689689 1.4538054662686529e-18 2.3372805233344846e-05
1049 0.0046486866988601112 1.4760895477147047e-18 2.3243433494300556e-05
1050 0.0046230118726823775 1.4625230828704743e-18 2.3115059363411889e-05
1051 0.0045975345995519293 1.4559776203691561e-18 2.2987672997759645e-05
1052 0.0045722529345098954 1.4651435059389023e-18 2.2861264672549478e-05
1053 0.004547164955888883 1.4151037906868308e-18 2.2735824779444416e-05
1054 0.0045222687649850721 1.4085824265384938e-18 2.2611343824925359e-05
1055 0.0044975624857353184 1.4247887995776345e-18 2.2487812428676593e-05
1056 0.0044730442643996695 1.4137350812866716e-18 2.2365221321998346e-05
1057 0.004448712269248996 1.4061995495140749e-18 2.224356134624498e-05
1058 0.0044245646902575436 1.4012500247322224e-18 2.2122823451287717e-05
1059 0.0044005997388004607 1.3759284783320693e-18 2.2002998694002304e-05
1060 0.0043768156473562147 1.3732941441796091e-18 2.1884078236781073e-05
1061 0.0043532106692136738 1.39337795561904e-18 2.1766053346068368e-05
1062 0.0043297830781838815 1.3781788835760151e-18 2.1648915390919406e-05
1063 0.0043065311683164976 1.3467862892102441e-18 2.1532655841582488e-05
1064 0.0042834532536206622 1.3557977930031679e-18 2.1417266268103312e-05
1065 0.0042605476677902232 1.3478250583114574e-18 2.1302738338951116e-05
1066 0.0042378127639334569 1.3435393897368304e-18 2.1189063819667284e-05
1067 0.0042152469143069329 1.3253927070184051e-18 2.1076234571534664e-05
1068 0.004192848510053639 1.3315595553263247e-18 2.0964242550268195e-05
1069 0.0041706159609451359 1.3321903235782356e-18 2.0853079804725679e-05
1070 0.0041485476951278518 1.3148087289909696e-18 2.074273847563926e-05
1071 0.0041266421588733075 1.3080564160690915e-18 2.0633210794366537e-05
1072 0.0041048978163321908 1.3008529152359455e-18 2.0524489081660955e-05
1073 0.0040833131492923414 1.2907798291997775e-18 2.0416565746461708e-05
1074 0.0040618866569404628 1.2899750149833923e-18 2.0309433284702315e-05
1075 0.0040406168556275084 1.2794474489454867e-18 2.0203084278137542e-05
1076 0.0040195022786377608 1.2723482953401215e-18 2.0097511393188803e-05
1077 0.0039985414759614183 1.257887724319516e-18 1.9992707379807092e-05
1078 0.0039777330140707452 1.2600824610853436e-18 1.9888665070353726e-05
1079 0.0039570754756995908 1.244859045002727e-18 1.9785377378497956e-05
1080 0.0039365674596264048 1.2340861874492467e-18 1.9682837298132025e-05
1081 0.0039162075804604814 1.2326856326715982e-18 1.9581037902302408e-05
1082 0.0038959944684315122 1.2292031105772476e-18 1.947997234215756e-05
1083 0.0038759267691823641 1.2315550910565047e-18 1.9379633845911821e-05
1084 0.0038560031435649947 1.2250381203864719e-18 1.9280015717824972e-05
1085 0.0038362222674394849 1.2066834551001851e-18 1.9181111337197425e-05
1086 0.0038165828314761369 1.1985446791776785e-18 1.9082914157380685e-05
1087 0.0037970835409605209 1.2034371861875509e-18 1.8985417704802603e-05
1088 0.0037777231156014882 1.1810398324737014e-18 1.8888615578007441e-05
1089 0.0037585002893421671 1.1800904788757344e-18 1.8792501446710834e-05
1090 0.0037394138101736422 1.1779558840573188e-18 1.8697069050868211e-05
1091 0.0037204624399515746 1.1685347644294833e-18 1.8602312199757873e-05
1092 0.0037016449542155269 1.1723910011590749e-18 1.8508224771077635e-05
1093 0.0036829601420109493 1.1671053930575344e-18 1.8414800710054745e-05
1094 0.003664406805713896 1.1482394008426016e-18 1.8322034028569481e-05
1095 0.0036459837608583436 1.1450379976115678e-18 1.8229918804291718e-05
1096 0.0036276898359660103 1.1513159680568659e-18 1.8138449179830051e-05
1097 0.003609523872378775 1.1440266252413775e-18 1.8047619361893876e-05
1098 0.0035914847240935892 1.1438962231207376e-18 1.7957423620467946e-05
1099 0.0035735712575997629 1.1346175413336046e-18 1.7867856287998814e-05
1100 0.0035557823517187175 1.1233888821795109e-18 1.7778911758593587e-05
1101 0.0035381168974460702 1.1122309071877913e-18 1.7690584487230352e-05
1102 0.0035205737977960627 1.1183007802268375e-18 1.7602868988980314e-05
1103 0.0035031519676482176 1.1063444443608982e-18 1.7515759838241088e-05
1104 0.0034858503335963567 1.1073138112984652e-18 1.7429251667981782e-05
1105 0.0034686678337996837 1.1007084047891535e-18 1.7343339168998418e-05
1106 0.0034516034178361686 1.0938957799844907e-18 1.7258017089180843e-05
1107 0.0034346560465579818 1.0792381933127891e-18 1.7173280232789908e-05
1108 0.0034178246919490999 1.0848104343529215e-18 1.7089123459745501e-05
1109 0.0034011083369848861 1.080692691787822e-18 1.7005541684924432e-05
1110 0.0033845059754938206 1.076705311132272e-18 1.6922529877469103e-05
1111 0.0033680166120211323 1.060910754900043e-18 1.6840083060105663e-05
1112 0.0033516392616944743 1.0605482652635298e-18 1.6758196308472371e-05
1113 0.0033353729500914548 1.0558472485137942e-18 1.6676864750457274e-05
1114 0.0033192167131091553 1.0574480530873305e-18 1.6596083565545778e-05
1115 0.0033031695968354564 1.0399806683647845e-18 1.6515847984177282e-05
1116 0.0032872306574222685 1.03239924005071e-18 1.6436153287111343e-05
1117 0.0032713989609605143 1.0365036984566914e-18 1.6356994804802571e-05
1118 0.003255673583356915 1.0307827874085729e-18 1.6278367916784575e-05
1119 0.003240053610212572 1.0223879387998993e-18 1.620026805106286e-05
1120 0.0032245381367032233 1.0142055400521762e-18 1.6122690683516117e-05
1121 0.0032091262674612195 1.0063995881395181e-18 1.6045631337306096e-05
1122 0.0031938171164591824 1.011673343317602e-18 1.5969085582295912e-05
1123 0.0031786098068952722 1.0064984868634539e-18 1.5893049034476361e-05
1124 0.0031635034710801391 1.0066937052256324e-18 1.5817517355400695e-05
1125 0.003148497250325389 9.9268019407722801e-19 1.5742486251626945e-05
1126 0.0031335902948337064 9.9456265751682305e-19 1.5667951474168531e-05
1127 0.0031187817635904037 9.7844716677942385e-19 1.5593908817952018e-05
1128 0.003104070824256636 9.8195347046474575e-19 1.552035412128318e-05
1129 0.0030894566530639562 9.781060157001154e-19 1.544728326531978e-05
1130 0.0030749384347104644 9.7824424767195542e-19 1.5374692173552323e-05
1131 0.0030605153622583325 9.5989135681371178e-19 1.5302576811291663e-05
1132 0.0030461866370328134 9.5711647801566003e-19 1.5230933185164067e-05
1133 0.0030319514685225703 9.606671978976466e-19 1.5159757342612851e-05
1134 0.0030178090742814458 9.4248942768419321e-19 1.5089045371407229e-05
1135 0.0030037586798316216 9.3541325090908778e-19 1.5018793399158108e-05
1136 0.0029897995185680227 9.4194961583543888e-19 1.4948997592840114e-05
1137 0.0029759308316640925 9.3703229209368719e-19 1.4879654158320463e-05
1138 0.0029621518679788968 9.4344087019705254e-19 1.4810759339894484e-05
1139 0.0029484618839654146 9.2321765329027008e-19 1.4742309419827073e-05
1140 0.002934860143580209 9.165627609144213e-19 1.4674300717901044e-05
1141 0.0029213459181942057 9.2826253457446511e-19 1.4606729590971028e-05
1142 0.0029079184865047521 9.2825336834224655e-19 1.453959243252376e-05
1143 0.0028945771344489031 9.2144142110014016e-19 1.4472885672244516e-05
1144 0.0028813211551178444 9.1694274231713172e-19 1.4406605775589222e-05
1145 0.0028681498486724808 9.0478926021054914e-19 1.4340749243362404e-05
1146 0.0028550625222601928 8.9720819308950233e-19 1.4275312611300964e-05
1147 0.0028420584899326974 8.8988513354382825e-19 1.4210292449663488e-05
1148 0.0028291370725650375 8.9849355752964285e-19 1.4145685362825187e-05
1149 0.0028162975977756295 8.9505785619221568e-19 1.4081487988878147e-05
1150 0.0028035393998474475 8.9183978629903126e-19 1.4017696999237238e-05
1151 0.0027908618196502174 8.8739862168215743e-19 1.3954309098251088e-05
1152 0.0027782642045636706 8.8279207441143409e-19 1.3891321022818354e-05
1153 0.0027657459084018156 8.6298792684005861e-19 1.3828729542009078e-05
1154 0.0027533062913382782 8.7872266927759677e-19 1.3766531456691391e-05
1155 0.0027409447198324961 8.6060285193377436e-19 1.370472359916248e-05
1156 0.0027286605665571236 8.721999534230578e-19 1.3643302832785618e-05
1157 0.0027164532103261464 8.6899623647536445e-19 1.3582266051630731e-05
1158 0.0027043220360241614 8.6111244218741398e-19 1.3521610180120808e-05
1159 0.0026922664345364858 8.6384538582538824e-19 1.3461332172682429e-05
1160 0.0026802858026801898 8.588178872111004e-19 1.3401429013400948e-05
1161 0.0026683795431360975 8.5128519054801993e-19 1.3341897715680487e-05
1162 0.0026565470643816294 8.2793084759089572e-19 1.3282735321908146e-05
1163 0.0026447877806246019 8.4878985501043963e-19 1.3223938903123009e-05
1164 0.0026331011117377338 8.3425453497787522e-19 1.316550555868867e-05
1165 0.0026214864831942603 8.2880681889604004e-19 1.3107432415971302e-05
1166 0.0026099433260041694 8.3106201805764677e-19 1.3049716630020846e-05
1167 0.0025984710766513604 8.0555005116743396e-19 1.2992355383256803e-05
1168 0.0025870691770316823 7.9986504083001846e-19 1.2935345885158411e-05
1169 0.0025757370743916459 8.0580010208637147e-19 1.287868537195823e-05
1170 0.0025644742212680358 8.2201409026761614e-19 1.2822371106340179e-05
1171 0.0025532800754282515 8.1422169659518738e-19 1.2766400377141257e-05
1172 0.0025421540998114916 8.0477417468524929e-19 1.2710770499057459e-05
1173 0.0025310957624706193 7.988835095350832e-19 1.2655478812353097e-05
1174 0.00252010453651482 8.0938299045326871e-19 1.26005226825741e-05
1175 0.0025091799000529639 8.0188718571516093e-19 1.254589950026482e-05
1176 0.0024983213361377725 7.8651782611831928e-19 1.2491606680688862e-05
1177 0.0024875283327106422 7.9586603293412791e-19 1.243764166355321e-05
1178 0.0024768003825471315 7.7472434285630352e-19 1.2384001912735658e-05
1179 0.002466136983203309 7.7464674282855728e-19 1.2330684916016545e-05
1180 0.002455537636962581 7.7504536446898975e-19 1.2277688184812906e-05
1181 0.0024450018507833492 7.599236115103523e-19 1.2225009253916746e-05
1182 0.0024345291362472972 7.6873729821706518e-19 1.2172645681236486e-05
1183 0.0024241190095082724 7.6859830323616262e-19 1.2120595047541362e-05
1184 0.0024137709912419214 7.7016845946798736e-19 1.2068854956209607e-05
1185 0.0024034846065958764 7.6734810421769206e-19 1.2017423032979383e-05
1186 0.002393259385140616 7.4570270509969205e-19 1.196629692570308e-05
1187 0.0023830948608209684 7.4614283544428946e-19 1.1915474304104842e-05
1188 0.0023729905719081425 7.5867801232779737e-19 1.1864952859540713e-05
1189 0.0023629460609524344 7.5756971452874041e-19 1.1814730304762172e-05
1190 0.0023529608747365326 7.4223904854464247e-19 1.1764804373682663e-05
1191 0.0023430345642293888 7.4637013604234252e-19 1.1715172821146944e-05
1192 0.0023331666845406215 7.3712740593205214e-19 1.1665833422703108e-05
1193 0.0023233567948755967 7.4243013343344262e-19 1.1616783974377983e-05
1194 0.0023136044584909444 7.3190295068595904e-19 1.1568022292454722e-05
1195 0.0023039092426507561 7.3008126709978094e-19 1.151954621325378e-05
1196 0.0022942707185832222 7.3453591797144997e-19 1.147135359291611e-05
1197 0.0022846884614378541 7.2530868506082725e-19 1.142344230718927e-05
1198 0.0022751620502432612 7.1218438231808435e-19 1.1375810251216306e-05
1199 0.0022656910678654149 7.1473710105063197e-19 1.1328455339327074e-05
1200 0.00225627510096641 7.0880309670929403e-19 1.128137550483205e-05
1201 0.0022469137399638069 7.0078260346773303e-19 1.1234568699819034e-05
1202 0.002237606578990419 7.147118185545932e-19 1.1188032894952096e-05
1203 0.0022283532158545688 7.0160632876951804e-19 1.1141766079272844e-05
1204 0.0022191532520009537 7.0402424154503685e-19 1.1095766260004769e-05
1205 0.0022100062924718293 6.9870357199846412e-19 1.1050031462359147e-05
1206 0.0022009119458688046 6.9461354542255969e-19 1.1004559729344022e-05
1207 0.0021918698243150268 6.9469690928802157e-19 1.0959349121575135e-05
1208 0.0021828795434178519 6.9147965016996243e-19 1.091439771708926e-05
1209 0.0021739407222319714 6.7961090390314213e-19 1.0869703611159857e-05
1210 0.0021650529832230084 6.8830146300296095e-19 1.0825264916115043e-05
1211 0.002156215952231485 6.8872357200234248e-19 1.0781079761157425e-05
1212 0.0021474292584373169 6.7971960572148197e-19 1.0737146292186585e-05
1213 0.0021386925343246936 6.7303355923006137e-19 1.0693462671623469e-05
1214 0.0021300054156473767 6.7859833333172095e-19 1.0650027078236883e-05
1215 0.0021213675413944096 6.6311681949609232e-19 1.0606837706972047e-05
1216 0.0021127785537563165 6.7118645193914035e-19 1.0563892768781583e-05
1217 0.0021042380980915718 6.61037187880964e-19 1.052119049045786e-05
1218 0.0020957458228936295 6.6482639358309518e-19 1.0478729114468147e-05
1219 0.0020873013797582038 6.5557417832882887e-19 1.043650689879102e-05
1220 0.0020789044233510637 6.584837711661997e-19 1.0394522116755318e-05
1221 0.0020705546113761078 6.5285436364459094e-19 1.0352773056880539e-05
1222 0.0020622516045439134 6.5114904822667104e-19 1.0311258022719567e-05
1223 0.0020539950665405863 6.5050111830851631e-19 1.0269975332702932e-05
1224 0.0020457846639970242 6.4251342373743966e-19 1.0228923319985121e-05
1225 0.0020376200664585422 6.4342518927360922e-19 1.0188100332292711e-05
1226 0.0020295009463548301 6.4279943658508385e-19 1.014750473177415e-05
1227 0.0020214269789703 6.3833947362131253e-19 1.0107134894851499e-05
1228 0.0020133978424147713 6.3335858753805161e-19 1.0066989212073857e-05
1229 0.0020054132175944999 6.3488214473771118e-19 1.0027066087972499e-05
1230 0.0019974727881835411 6.3427676025818096e-19 9.9873639409177055e-06
1231 0.0019895762405954683 6.2459005072569783e-19 9.9478812029773408e-06
1232 0.0019817232639554286 6.2742883579912453e-19 9.9086163197771425e-06
1233 0.0019739135500724775 6.232695001509919e-19 9.8695677503623874e-06
1234 0.0019661467934123126 6.2305698481408763e-19 9.8307339670615639e-06
1235 0.0019584226910702575 6.1527750485233612e-19 9.7921134553512866e-06
1236 0.0019507409427446175 6.161773093024372e-19 9.7537047137230874e-06
1237 0.0019431012507102928 6.1258287400746546e-19 9.7155062535514643e-06
1238 0.0019355033197927508 6.1122900986710944e-19 9.6775165989637536e-06
1239 0.0019279468573422617 6.1093689219366309e-19 9.6397342867113081e-06
1240 0.0019204315732084553 6.1017227184621645e-19 9.6021578660422758e-06
1241 0.0019129571797151597 6.0248891541558558e-19 9.5647858985757992e-06
1242 0.0019055233916355546 6.015724603939442e-19 9.5276169581777735e-06
1243 0.0018981299261675722 6.0153585274592942e-19 9.4906496308378613e-06
1244 0.0018907765029096153 5.9662735780721221e-19 9.453882514548077e-06
1245 0.0018834628438365534 5.9556277556994076e-19 9.4173142191827673e-06
1246 0.0018761886732759721 5.9233597864692405e-19 9.3809433663798606e-06
1247 0.0018689537178847194 5.8780502182893914e-19 9.3447685894235971e-06
1248 0.0018617577066257114 5.8670357603008611e-19 9.3087885331285562e-06
1249 0.0018546003707449982 5.8893638871574637e-19 9.2730018537249906e-06
1250 0.0018474814437490984 5.8699725049317955e-19 9.2374072187454927e-06
1251 0.0018404006613826 5.7976780500728656e-19 9.2020033069130008e-06
1252 0.0018333577616060114 5.8308626018421217e-19 9.1667888080300571e-06
1253 0.0018263524845738345 5.7321941471055918e-19 9.1317624228691717e-06
1254 0.0018193845726129582 5.7085027626931727e-19 9.0969228630647918e-06
1255 0.0018124537702012228 5.7645435090253709e-19 9.0622688510061133e-06
1256 0.0018055598239462543 5.7220569563324852e-19 9.0277991197312707e-06
1257 0.0017987024825645704 5.6660523515903236e-19 8.9935124128228528e-06
1258 0.0017918814968608766 5.6371216987976175e-19 8.9594074843043827e-06
1259 0.001785096619707615 5.6687851417293352e-19 8.9254830985380749e-06
1260 0.0017783476060247365 5.5807596153180338e-19 8.8917380301236821e-06
1261 0.0017716342127597313 5.5694250974604884e-19 8.8581710637986571e-06
1262 0.0017649561988678322 5.57782870170652e-19 8.8247809943391605e-06
1263 0.0017583133252924744 5.5175005432409944e-19 8.7915666264623721e-06
1264 0.001751705354945985 5.5724230609785648e-19 8.7585267747299256e-06
1265 0.0017451320526904401 5.5426290875784358e-19 8.7256602634522009e-06
1266 0.0017385931853187914 5.5173404483284792e-19 8.6929659265939563e-06
1267 0.0017320885215361633 5.4180056429412738e-19 8.6604426076808173e-06
1268 0.0017256178319413895 5.3919383879525687e-19 8.628089159706947e-06
1269 0.0017191808890087178 5.3860635872765616e-19 8.5959044450435884e-06
1270 0.0017127774670697518 5.414592064667907e-19 8.5638873353487588e-06
1271 0.0017064073422955719 5.3893843203127059e-19 8.5320367114778592e-06
1272 0.0017000702926790745 5.3865583740309422e-19 8.5003514633953727e-06
1273 0.00169376609801748 5.3472794078115414e-19 8.4688304900873998e-06
1274 0.0016874945398950624 5.3671898713879956e-19 8.437472699475312e-06
1275 0.0016812554016660381 5.3500306788879175e-19 8.4062770083301911e-06
1276 0.0016750484684376751 5.3099576680059012e-19 8.3752423421883754e-06
1277 0.0016688735270535648 5.2701602180695795e-19 8.3443676352678247e-06
1278 0.001662730366077091 5.2804050168325446e-19 8.3136518303854556e-06
1279 0.0016566187757750628 5.2547246946008972e-19 8.2830938788753141e-06
1280 0.0016505385481015529 5.2413780198167988e-19 8.2526927405077642e-06
1281 0.0016444894766818874 5.2195518012021539e-19 8.2224473834094361e-06
1282 0.0016384713567968244 5.1512893074037444e-19 8.192356783984122e-06
1283 0.0016324839853669088 5.1929742428571009e-19 8.1624199268345439e-06
1284 0.0016265271609369686 5.171138522204858e-19 8.1326358046848436e-06
1285 0.0016206006836608222 5.0862112051711564e-19 8.1030034183041107e-06
1286 0.00161470435528613 5.0922606028266553e-19 8.0735217764306494e-06
1287 0.0016088379791393895 5.024280782127345e-19 8.0441898956969466e-06
1288 0.0016030013601111438 5.0609402297941146e-19 8.0150068005557193e-06
1289 0.0015971943046412882 5.019655968057312e-19 7.985971523206441e-06
1290 0.0015914166207045954 5.026306978412837e-19 7.9570831035229766e-06
1291 0.0015856681177963468 4.9851880606467876e-19 7.9283405889817334e-06
1292 0.0015799486069181558 4.9502983921422793e-19 7.8997430345907784e-06
1293 0.0015742579005639187 4.9528798686078222e-19 7.8712895028195931e-06
1294 0.0015685958127059248 4.961679715428173e-19 7.8429790635296244e-06
1295 0.001562962158781118 4.9607213311333275e-19 7.8148107939055898e-06
1296 0.001557356755677503 4.9335522986519235e-19 7.786783778387515e-06
1297 0.0015517794217206973 4.880932794804414e-19 7.758897108603486e-06
1298 0.0015462299766606251 4.8303828975792832e-19 7.7311498833031253e-06
1299 0.0015407082416583565 4.8441299074774685e-19 7.7035412082917821e-06
1300 0.0015352140392730746 4.8569649943697741e-19 7.6760701963653736e-06
1301 0.0015297471934491999 4.8643133056574104e-19 7.6487359672460002e-06
1302 0.0015243075295036336 4.7576702407300152e-19 7.6215376475181678e-06
1303 0.0015188948741131664 4.7398603014910462e-19 7.5944743705658323e-06
1304 0.001513509055301966 4.7301798042082389e-19 7.5675452765098303e-06
1305 0.0015081499024292529 4.7939766202922577e-19 7.5407495121462645e-06
1306 0.0015028172461770592 4.706090745023342e-19 7.514086230885296e-06
1307 0.0014975109185381796 4.7276526974736632e-19 7.4875545926908982e-06
1308 0.0014922307528041623 4.6776130687729042e-19 7.4611537640208118e-06
1309 0.0014869765835535114 4.7381852935314523e-19 7.434882917767557e-06
1310 0.0014817482466399365 4.6439951435724456e-19 7.4087412331996828e-06
1311 0.0014765455791808072 4.6002876472582173e-19 7.3827278959040354e-06
1312 0.0014713684195456524 4.6133135680089629e-19 7.3568420977282621e-06
1313 0.0014662166073448196 4.6146022934229713e-19 7.3310830367240978e-06
1314 0.0014610899834182503 4.6611603175830144e-19 7.3054499170912518e-06
1315 0.0014559883898243556 4.621685166438652e-19 7.2799419491217779e-06
1316 0.0014509116698290341 4.5316438107028523e-19 7.25455834914517e-06
1317 0.001445859667894789 4.5880994223304504e-19 7.229298339473945e-06
1318 0.0014408322296699287 4.5609854179351168e-19 7.204161148349643e-06
1319 0.001435829201977947 4.5861373981457614e-19 7.1791460098897352e-06
1320 0.0014308504328069413 4.4997600584127347e-19 7.1542521640347063e-06
1321 0.0014258957712992061 4.4834749184706792e-19 7.1294788564960306e-06
1322 0.0014209650677408706 4.4391533586823423e-19 7.1048253387043532e-06
1323 0.001416058173551696 4.4978075537235247e-19 7.0802908677584797e-06
1324 0.0014111749412749296 4.4425297712496434e-19 7.0558747063746478e-06
1325 0.0014063152245673218 4.4123754423624905e-19 7.0315761228366087e-06
1326 0.0014014788781891926 4.466146103264318e-19 7.0073943909459632e-06
1327 0.0013966657579946135 4.4676616423116627e-19 6.9833287899730679e-06
1328 0.0013918757209217124 4.4395712821135707e-19 6.9593786046085624e-06
1329 0.0013871086249830575 4.4239762455394524e-19 6.9355431249152869e-06
1330 0.001382364329256135 4.3713310262834131e-19 6.911821646280675e-06
1331 0.001377642693873943 4.3017346474998735e-19 6.8882134693697146e-06
1332 0.001372943580015667 4.3024830196144128e-19 6.8647179000783351e-06
1333 0.0013682668498974425 4.2464109585002309e-19 6.8413342494872126e-06
1334 0.0013636123667632417 4.2164502702737876e-19 6.8180618338162085e-06
1335 0.0013589799948758217 4.2670446326637487e-19 6.7948999743791083e-06
1336 0.0013543695995077694 4.2766808584214067e-19 6.7718479975388473e-06
1337 0.001349781046932662 4.323437464945e-19 6.7489052346633098e-06
1338 0.0013452142044162755 4.2782506630710469e-19 6.7260710220813778e-06
1339 0.0013406689402079329 4.2652187723772444e-19 6.703344701039665e-06
1340 0.0013361451235318813 4.1618296965188163e-19 6.6807256176594062e-06
1341 0.0013316426245788171 4.2010035219247565e-19 6.6582131228940856e-06
1342 0.0013271613144974267 4.1670575476285138e-19 6.6358065724871335e-06
1343 0.0013227010653860901 4.2330347002110985e-19 6.6135053269304508e-06
1344 0.0013182617502845888 4.1914981565358996e-19 6.5913087514229439e-06
1345 0.0013138432431659766 4.218914838692685e-19 6.5692162158298828e-06
1346 0.0013094454189284471 4.0932417554729728e-19 6.5472270946422356e-06
1347 0.0013050681533873813 4.1885178536117339e-19 6.5253407669369064e-06
1348 0.0013007113232673486 4.1782833177236019e-19 6.5035566163367431e-06
1349 0.0012963748061943165 4.1351039561898219e-19 6.4818740309715821e-06
1350 0.0012920584806878537 4.0493766199534048e-19 6.4602924034392682e-06
1351 0.0012877622261534502 4.1034397921224267e-19 6.4388111307672505e-06
1352 0.0012834859228748701 4.1182910174517903e-19 6.4174296143743503e-06
1353 0.0012792294520066326 3.9840919816617629e-19 6.3961472600331634e-06
1354 0.0012749926955665585 3.9743913773184294e-19 6.374963477832793e-06
1355 0.0012707755364283365 3.9538786393431189e-19 6.3538776821416819e-06
1356 0.001266577858314234 4.0133814127208663e-19 6.3328892915711697e-06
1357 0.001262399545787829 4.0595280538106913e-19 6.3119977289391445e-06
1358 0.0012582404842468372 4.015023183749548e-19 6.2912024212341862e-06
1359 0.0012541005599160187 3.9721250448183408e-19 6.2705027995800931e-06
1360 0.0012499796598401207 3.9140556305096395e-19 6.2498982992006036e-06
1361 0.0012458776718769239 3.9307334345719896e-19 6.2293883593846197e-06
1362 0.0012417944846903272 3.9845884442184737e-19 6.2089724234516361e-06
1363 0.0012377299877435162 3.912031985319773e-19 6.1886499387175809e-06
1364 0.0012336840712922194 3.8612494917311322e-19 6.1684203564610966e-06
1365 0.0012296566263779814 3.8239737805576607e-19 6.1482831318899072e-06
1366 0.0012256475448215389 3.8064477823908795e-19 6.1282377241076944e-06
1367 0.0012216567192162504 3.8702282703751787e-19 6.1082835960812515e-06
1368 0.0012176840429215742 3.8145151784439449e-19 6.0884202146078714e-06
1369 0.0012137294100566611 3.8830860122165406e-19 6.0686470502833054e-06
1370 0.001209792715493924 3.8623804423395903e-19 6.04896357746962e-06
1371 0.0012058738548527616 3.8705802909852042e-19 6.0293692742638079e-06
1372 0.0012019727244932685 3.7994653335493883e-19 6.0098636224663427e-06
1373 0.0011980892215100632 3.7518789733622178e-19 5.9904461075503155e-06
1374 0.0011942232437261336 3.8319850864257906e-19 5.9711162186306682e-06
1375 0.0011903746896867432 3.799874054567782e-19 5.9518734484337156e-06
1376 0.0011865434586534401 3.6786809221108424e-19 5.9327172932672007e-06
1377 0.0011827294505980903 3.7050761420340502e-19 5.9136472529904512e-06
1378 0.0011789325661969402 3.6644266155948721e-19 5.8946628309847009e-06
1379 0.0011751527068248066 3.7215394231483876e-19 5.8757635341240334e-06
1380 0.0011713897745492471 3.698951840855967e-19 5.8569488727462352e-06
1381 0.0011676436721248561 3.7447927564898961e-19 5.8382183606242802e-06
1382 0.001163914302987545 3.6407255675919136e-19 5.8195715149377256e-06
1383 0.0011602015712489579 3.649360898590869e-19 5.8010078562447897e-06
1384 0.0011565053816908473 3.6333314346303428e-19 5.7825269084542366e-06
1385 0.0011528256397595846 3.6433695065155735e-19 5.7641281987979233e-06
1386 0.0011491622515606727 3.6269157177115277e-19 5.7458112578033631e-06
1387 0.0011455151238533349 3.565340099996785e-19 5.7275756192666745e-06
1388 0.0011418841640451539 3.612883392587361e-19 5.7094208202257695e-06
1389 0.0011382692801867294 3.5434687407331242e-19 5.6913464009336469e-06
1390 0.0011346703809664506 3.6019254341881079e-19 5.6733519048322528e-06
1391 0.0011310873757052332 3.5272544287595636e-19 5.6554368785261661e-06
1392 0.0011275201743513995 3.5229800567632656e-19 5.6376008717569979e-06
1393 0.0011239686874755246 3.5622432017996276e-19 5.6198434373776233e-06
1394 0.0011204328262653734 3.5322132834935032e-19 5.6021641313268665e-06
1395 0.0011169125025208878 3.4878847273541564e-19 5.5845625126044387e-06
1396 0.0011134076286492037 3.4729576361082996e-19 5.5670381432460184e-06
1397 0.0011099181176597171 3.4679558442294362e-19 5.5495905882985854e-06
1398 0.0011064438831592087 3.5236275927448718e-19 5.5322194157960432e-06
1399 0.0011029848393469895 3.4805341445101354e-19 5.5149241967349472e-06
