index sum SD mean
12 0.0 0.0 0.0
13 0.0 0.0 0.0
14 0.0 0.0 0.0
15 0.95503941151285932 1.0727135096363001e-14 0.039793308813035805
16 3.0953039529214661 4.499520909320287e-14 0.12897099803839443
17 6.0933558693152516 9.7832223334486713e-14 0.25388982788813547
18 9.6688309770863992 1.6214296757038514e-13 0.40286795737859998
19 13.377863359924584 2.2946927966041379e-13 0.55741097333019096
20 16.716731813843406 2.9078423616630321e-13 0.6965304922434753
21 19.351112851171301 3.3960707269155185e-13 0.80629636879880417
22 21.210362122766256 3.7453492444504202e-13 0.88376508844859403
23 22.410555808933097 3.9738732180888119e-13 0.93377315870554567
24 23.132874104965502 4.1125169678214964e-13 0.96386975437356259
25 23.544106569364711 4.1912092617442215e-13 0.9810044403901963
26 23.767898216000688 4.2364784233569148e-13 0.99032909233336197
27 23.885159879523179 4.2586796743886852e-13 0.99521499498013244
28 23.944623935858914 4.2713396025030828e-13 0.99769266399412138
29 23.973917526727032 4.2781793642294668e-13 0.998913230280293
30 23.987977040875208 4.2803409740480634e-13 0.99949904336980033
31 23.994566868575767 4.2805813880924882e-13 0.99977361952399024
32 23.997589346911788 4.2817862096239326e-13 0.99989955612132453
33 23.998948326877148 4.2820265425257203e-13 0.99995618028654787
34 23.999548288185071 4.282267312466918e-13 0.99998117867437797
35 23.999808746722099 4.281918395953671e-13 0.99999203111342083
36 23.999920086250711 4.2823024659859468e-13 0.99999667026044625
37 23.999966983475925 4.2830091043981573e-13 0.99999862431149689
38 23.999986509198813 4.2859919309259064e-13 0.99999943788328383
39 23.999994545234006 4.2835360854021871e-13 0.9999997727180836
40 23.999997817412236 4.2795518791346437e-13 0.99999990905884317
41 23.999999143294758 4.2818855672153106e-13 0.99999996430394822
42 23.99999966730131 4.2828896022275672e-13 0.99999998613755459
43 23.999999872266066 4.2823825270798021e-13 0.9999999946777528
44 23.999999951634084 4.2819464935492814e-13 0.99999999798475347
45 23.999999981778153 4.2820013803250202e-13 0.99999999924075633
46 23.999999993201222 4.281350747486917e-13 0.9999999997167176
47 23.999999997458339 4.2821152504626498e-13 0.99999999989409749
48 23.999999999055493 4.2828832644715736e-13 0.99999999996064559
49 23.999999999648246 4.2822875799012429e-13 0.99999999998534361
50 23.999999999648246 4.2822875799012429e-13 0.99999999998534361
51 23.999999999648246 4.2822875799012429e-13 0.99999999998534361
52 23.999999999648246 4.2822875799012429e-13 0.99999999998534361
53 23.999999999648246 4.2822875799012429e-13 0.99999999998534361
54 23.999999999648246 4.2822875799012429e-13 0.99999999998534361
55 23.999999999648246 4.2822875799012429e-13 0.99999999998534361
56 23.999999999648246 4.2822875799012429e-13 0.99999999998534361
57 23.999999999648246 4.2822875799012429e-13 0.99999999998534361
58 23.999999999648246 4.2822875799012429e-13 0.99999999998534361
59 23.999999999648246 4.2822875799012429e-13 0.99999999998534361
60 23.999999999648246 4.2822875799012429e-13 0.99999999998534361
61 23.999999999648246 4.2822875799012429e-13 0.99999999998534361
62 23.999999999648246 4.2822875799012429e-13 0.99999999998534361
63 23.999999999648246 4.2822875799012429e-13 0.99999999998534361
64 23.999999999648246 4.2822875799012429e-13 0.99999999998534361
65 23.999999999648246 4.2822875799012429e-13 0.99999999998534361
66 23.999999999648246 4.2822875799012429e-13 0.99999999998534361
67 23.999999999648246 4.2822875799012429e-13 0.99999999998534361
68 23.999999999648246 4.2822875799012429e-13 0.99999999998534361
69 23.999999999648246 4.2822875799012429e-13 0.99999999998534361
70 23.999999999647461 4.2808819476900252e-13 0.99999999998531086
71 23.999999999648246 4.2822875799012429e-13 0.99999999998534361
72 23.999999999648246 4.2822875799012429e-13 0.99999999998534361
73 23.999999999648246 4.2822875799012429e-13 0.99999999998534361
74 23.999999999648246 4.2822875799012429e-13 0.99999999998534361
75 18.944772483207938 3.4583534770317385e-13 0.78936552013366412
76 14.91879089683542 2.7406274928361152e-13 0.62161628736814245
77 11.76282587059981 2.1686210915716269e-13 0.49011774460832541
78 9.313586656069992 1.7212386785957035e-13 0.38806611066958302
79 7.421672759584327 1.3751468472616828e-13 0.30923636498268031
80 5.9606636304167075 1.1064750914535103e-13 0.24836098460069614
81 4.8289890803558277 8.9797907699040229e-14 0.20120787834815948
82 3.9477075532527928 7.3539180824694998e-14 0.16448781471886637
83 3.256684028536323 6.0635479916228753e-14 0.13569516785568012
84 2.7106081666288482 5.0588921359720838e-14 0.11294200694286867
85 2.2754970367005396 4.2638307771463781e-14 0.094812376529189155
86 1.9258703823872816 3.6059804905860789e-14 0.080244599266136737
87 1.6425721100030624 3.0751001608743707e-14 0.068440504583460932
88 1.4111336706225763 2.6423938851905309e-14 0.058797236275940683
89 1.2205620889753379 2.28814590570653e-14 0.050856753707305746
90 1.0624489377329933 1.9924397686026189e-14 0.044268705738874724
91 0.93031641788029984 1.7458231401686129e-14 0.038763184078345829
92 0.81913717164828426 1.5374558809286059e-14 0.03413071548534518
93 0.72498047727665427 1.3606335038785527e-14 0.03020751988652726
94 0.64475037894647014 1.2108862780001063e-14 0.026864599122769589
95 0.57599078847905805 1.0819023197487947e-14 0.02399961618662742
96 0.51673956629485318 9.7058855085961381e-15 0.021530815262285549
97 0.46541850801132573 8.7475394283807496e-15 0.019392437833805239
98 0.42074993526235072 7.9063127660211268e-15 0.017531247302597947
99 0.38169295844986811 7.1758498568362213e-15 0.015903873268744505
100 0.34739448510007154 6.5321279411422685e-15 0.01447477021250298
101 0.31715130815620329 5.9640877598042022e-15 0.013214637839841803
102 0.29038057561631458 5.4613540305329713e-15 0.012099190650679775
103 0.26659664648169068 5.0134169901140589e-15 0.011108193603403779
104 0.24539284153851401 4.6160607069243459e-15 0.010224701730771417
105 0.22642696543336197 4.2607770253723293e-15 0.0094344568930567491
106 0.20940976219788374 3.9399708044478958e-15 0.0087254067582451557
107 0.19409564936686569 3.6518102390864806e-15 0.0080873187236194036
108 0.18027525615420192 3.3921755960151621e-15 0.0075114690064250799
109 0.1677693630452825 3.1565378946389208e-15 0.006990390126886771
110 0.15642396803691253 2.943539867259211e-15 0.0065176653348713552
111 0.14610625930844634 2.7501218278518618e-15 0.0060877608045185978
112 0.13670129463523764 2.5724785422466934e-15 0.0056958872764682348
113 0.12810926224826941 2.4111452099246821e-15 0.0053378859270112253
114 0.12024320952265594 2.2634316439801384e-15 0.0050101337301106637
115 0.11302715202235218 2.1271866273820171e-15 0.0047094646675980073
116 0.10639449238779509 2.0026757481633074e-15 0.0044331038494914623
117 0.10028669488712962 1.8876462048044683e-15 0.004178612286963734
118 0.094652168231615749 1.7814764968782914e-15 0.0039438403429839898
119 0.089445321904798231 1.6831064400958672e-15 0.0037268884126999261
120 0.084625780630289943 1.5931909816358786e-15 0.0035260741929287478
121 0.080157658645869059 1.5089435788036993e-15 0.0033399024435778776
122 0.076009027645191157 1.4311173610788315e-15 0.0031670428185496314
123 0.072151401839724266 1.3580774164190587e-15 0.0030063084099885111
124 0.068559311425425595 1.2904860763528031e-15 0.0028566379760593999
125 0.065209935411321931 1.2277653828110602e-15 0.0027170806421384138
126 0.062082784686321571 1.1685546349063799e-15 0.0025867826952633986
127 0.05915942772900102 1.1137785597469843e-15 0.0024649761553750425
128 0.056423252617345779 1.0624823064691024e-15 0.0023509688590560743
129 0.053859260024856519 1.0139736306461837e-15 0.0022441358343690218
130 0.051453882738475967 9.6877042959886589e-16 0.0021439117807698321
131 0.049194827936289237 9.2633996596598285e-16 0.0020497844973453847
132 0.047070939045991717 8.8629126014033857e-16 0.0019612891269163214
133 0.045072074490466595 8.4886919486242924e-16 0.0018780031037694414
134 0.043189001032018046 8.1332736928776631e-16 0.0017995417096674186
135 0.041413299766055955 7.7981854251959983e-16 0.0017255541569189982
136 0.039737283099839711 7.4836976154215771e-16 0.0016557201291599879
137 0.0381539212916382 7.1839199096905287e-16 0.0015897467204849249
138 0.036656777328003175 6.9011067698141483e-16 0.0015273657220001324
139 0.035239949088052808 6.6351985684032533e-16 0.0014683312120022003
140 0.033898017888870285 6.3843628149505181e-16 0.0014124174120362619
141 0.0326260026295788 6.1456397394874586e-16 0.0013594167762324501
142 0.031419318856862097 5.915976256027716e-16 0.0013091382857025873
143 0.030273742164558828 5.7021690655795768e-16 0.0012614059235232845
144 0.029185375416878514 5.4966784998153455e-16 0.0012160573090366047
145 0.02815061935077124 5.3008459605938299e-16 0.0011729424729488016
146 0.027166146169705023 5.1159928092707407e-16 0.0011319227570710426
147 0.026228875789964422 4.939281784885892e-16 0.0010928698245818509
148 0.025335954442754476 4.771975413029933e-16 0.0010556647684481031
149 0.024484735371861591 4.6120356946820246e-16 0.0010201973071608996
150 0.023672761398218851 4.4590399403681817e-16 0.00098636505825911878
151 0.022897749150148188 4.3140739356672682e-16 0.00095407288125617452
152 0.02215757478189976 4.172851085917236e-16 0.00092323228257915665
153 0.021450261023882585 4.0407674893848884e-16 0.00089376087599510768
154 0.020773965426106669 3.912928031612865e-16 0.00086558189275444451
155 0.020126969672201039 3.7924864132968668e-16 0.00083862373634170997
156 0.019507669855241782 3.6744985717287187e-16 0.00081281957730174091
157 0.018914567618787508 3.5628240085168278e-16 0.00078810698411614611
158 0.018346262077200706 3.4560012073566808e-16 0.00076442758655002939
159 0.017801442438729269 3.3537413483820819e-16 0.0007417267682803862
160 0.017278881263098376 3.2548087842963777e-16 0.00071995338596243233
161 0.016777428292664199 3.1597551294452699e-16 0.00069905951219434166
162 0.016296004802630763 3.0688064139687397e-16 0.0006790002001096151
163 0.015833598421537417 2.9816734086878026e-16 0.00065973326756405904
164 0.015389258378279256 2.8987926941347336e-16 0.00064121909909496905
165 0.014962091136406595 2.8184941374184746e-16 0.00062342046401694148
166 0.014551256380432464 2.7417001795990243e-16 0.00060630234918468602
167 0.01415596332241892 2.6666607164981593e-16 0.00058983180510078831
168 0.013775467300267073 2.595191339048551e-16 0.00057397780417779471
169 0.013409066641947688 2.5260043088013539e-16 0.00055871111008115365
170 0.013056099772419318 2.4593886132538795e-16 0.00054400415718413827
171 0.012715942542224107 2.3946641180280935e-16 0.00052983093925933775
172 0.012388005758758454 2.3322749027949983e-16 0.00051616690661493555
173 0.012071732903013452 2.2738096175888474e-16 0.00050298887095889388
174 0.011766598016192125 2.2166236072617425e-16 0.00049027491734133859
