index sum SD mean
25 0.0 0.0 0.0
26 0.0 0.0 0.0
27 0.0 0.0 0.0
28 0.0 0.0 0.0
29 0.0 0.0 0.0
30 0.0 0.0 0.0
31 0.0 0.0 0.0
32 0.0 0.0 0.0
33 0.0 0.0 0.0
34 0.0 0.0 0.0
35 0.0 0.0 0.0
36 0.0 0.0 0.0
37 0.0 0.0 0.0
38 0.0 0.0 0.0
39 0.0 0.0 0.0
40 0.0 0.0 0.0
41 0.0 0.0 0.0
42 0.0 0.0 0.0
43 0.0 0.0 0.0
44 0.0 0.0 0.0
45 0.0 0.0 0.0
46 0.0 0.0 0.0
47 0.0 0.0 0.0
48 0.0 0.0 0.0
49 0.0 0.0 0.0
50 0.0 0.0 0.0
51 0.0 0.0 0.0
52 0.0 0.0 0.0
53 0.0 0.0 0.0
54 0.0 0.0 0.0
55 0.0 0.0 0.0
56 0.0 0.0 0.0
57 0.0 0.0 0.0
58 0.0 0.0 0.0
59 0.0 0.0 0.0
60 0.019999634878567263 1.7970957901538895e-06 0.00021738733563660069
61 0.070007708780713537 1.2884023251982952e-05 0.00076095335631210371
62 0.14304681740821515 4.3528593935504674e-05 0.0015548567109588602
63 0.23717190154195289 0.00010677139242460475 0.002577955451542966
64 0.35176342139010497 0.00021957551610880168 0.0038235154498924453
65 0.48690061521410755 0.00040420876739939981 0.005292397991457691
66 0.64314270052122502 0.00068964986117968981 0.0069906815274046194
67 0.82143892238547034 0.0011132430997723801 0.0089286839389725037
68 1.0230954234522027 0.0017228341305386132 0.011120602428828291
69 1.2497735707066386 0.0025794855420710216 0.013584495333767811
70 1.5035083664845101 0.003760761132609417 0.016342482244396848
71 1.7867354010741887 0.0053641799501105919 0.019421036968197702
72 2.1022908942850997 0.0075087259407565152 0.022850987981359781
73 2.4532796156186274 0.010327781151561912 0.02666608277846334
74 2.8426131870549929 0.013941614991374921 0.030897969424510792
75 3.2720581839508012 0.01840288422718948 0.035565849825552186
76 3.7409510762537113 0.023634439873808675 0.040662511698409905
77 4.2451094553207049 0.029404600349894137 0.046142494079572882
78 4.7764106518063372 0.035369970896799698 0.051917507084851489
79 5.3230776334310139 0.041164788319650536 0.057859539493815372
80 5.8705066589536425 0.046485431868304797 0.063809854988626555
81 6.4026058682066562 0.051135386441981887 0.06959354204572453
82 6.9036263524981596 0.055029087671422755 0.075039416874979989
83 7.3601757516990629 0.058170829461745281 0.080001910344555033
84 7.7628515732961354 0.060625133384151146 0.08437882144887103
85 8.1070209678610734 0.062488732910402585 0.088119793128924706
86 8.3926324466212829 0.063868738759008267 0.091224265724144382
87 8.6232979690956153 0.064868067963816931 0.093731499664082771
88 8.805042465628194 0.065577333376179617 0.095706983322045594
89 8.9450777042146008 0.066071588140774698 0.097229105480593492
90 9.0508175239764537 0.066410215354344299 0.098378451347570145
91 9.1292089407636805 0.066638540253981471 0.099230531964822608
92 9.1863570834054595 0.066790156871781775 0.099851707428320211
93 9.227376988237042 0.066889354567851722 0.10029757595909829
94 9.2563969737493981 0.066953318578915302 0.10061301058423258
95 9.2766492846029109 0.066993972645102678 0.10083314439785773
96 9.2906008601774044 0.067019441547979522 0.10098479195845005
97 9.3000934956368422 0.067035167390716091 0.10108797277866133
98 9.3064756818338434 0.067044735648597406 0.10115734436775917
99 9.310717440691878 0.0670504704019807 0.10120345044230303
100 9.3135053269543526 0.067053855634629456 0.10123375355385165
101 9.3153178855904635 0.067055821860387457 0.10125345527815721
102 9.3164839735459761 0.067056945102685894 0.10126613014723887
103 9.3172265074747855 0.067057575417911588 0.10127420116820419
104 9.3176946474182518 0.067057922464592773 0.10127928964585056
105 9.3179869474050889 0.067058109523458864 0.10128246681962053
106 9.3181677410772128 0.067058207974956707 0.10128443196823057
107 9.3182785472582204 0.067058258332858708 0.10128563638324152
108 9.3183458570802618 0.067058283220046727 0.10128636801174197
109 9.3183863932717319 0.067058294963657339 0.10128680862251882
110 9.3184105848027325 0.067058300088136444 0.10128707157394275
111 9.3184249344248009 0.067058302175082282 0.10128722754809566
112 9.3184333657724281 0.067058302812144824 0.10128731919317857
113 9.31843827586742 0.067058302956377117 0.1012873725637763
114 9.3184411248586247 0.067058302934721134 0.101287403531072
115 9.3184427700114334 0.067058302727425176 0.10128742141316775
116 9.3184437114703247 0.067058302535693767 0.10128743164641657
117 9.3184442440464998 0.06705830239951284 0.10128743743528804
118 9.3184445425315854 0.067058302296844619 0.10128744067969114
119 9.3184447081499169 0.067058302231064432 0.1012874424798904
120 9.3184447994166852 0.067058302191975075 0.10128744347192049
121 9.3184448492580643 0.067058302167336117 0.10128744401367461
122 9.318444876275473 0.067058302152462432 0.1012874443073421
123 9.3184448907930815 0.067058302143515047 0.10128744446514219
124 9.318444898561502 0.067058302138694598 0.10128744454958154
125 9.3184449026909189 0.067058302136146788 0.10128744459446651
126 9.3184449026909189 0.067058302136146788 0.10128744459446651
127 9.3184449026909189 0.067058302136146788 0.10128744459446651
128 9.3184449026909189 0.067058302136146788 0.10128744459446651
129 9.3184449026909189 0.067058302136146788 0.10128744459446651
130 9.3184449026909189 0.067058302136146788 0.10128744459446651
131 9.3184449026909189 0.067058302136146788 0.10128744459446651
132 9.3184449026909189 0.067058302136146788 0.10128744459446651
133 9.3184449026909189 0.067058302136146788 0.10128744459446651
134 9.3184449026909189 0.067058302136146788 0.10128744459446651
135 9.3184449026909189 0.067058302136146788 0.10128744459446651
136 9.3184449026909189 0.067058302136146788 0.10128744459446651
137 9.3184449026909189 0.067058302136146788 0.10128744459446651
138 9.3184449026909189 0.067058302136146788 0.10128744459446651
139 9.3184449026909189 0.067058302136146788 0.10128744459446651
140 9.3184449026909189 0.067058302136146788 0.10128744459446651
141 9.3184449026909189 0.067058302136146788 0.10128744459446651
142 9.3184449026909189 0.067058302136146788 0.10128744459446651
143 9.3184449026909189 0.067058302136146788 0.10128744459446651
144 9.3184449026909189 0.067058302136146788 0.10128744459446651
145 9.3184449026909189 0.067058302136146788 0.10128744459446651
146 9.3184449026909189 0.067058302136146788 0.10128744459446651
147 9.3184449026909189 0.067058302136146788 0.10128744459446651
148 9.3184449026909189 0.067058302136146788 0.10128744459446651
149 9.3184449026909189 0.067058302136146788 0.10128744459446651
150 9.3184449026909189 0.067058302136146788 0.10128744459446651
151 9.3184449026909189 0.067058302136146788 0.10128744459446651
152 9.3184449026909189 0.067058302136146788 0.10128744459446651
153 9.3184449026909189 0.067058302136146788 0.10128744459446651
154 9.3184449026909189 0.067058302136146788 0.10128744459446651
155 9.3184449026909189 0.067058302136146788 0.10128744459446651
156 9.3184449026909189 0.067058302136146788 0.10128744459446651
157 9.3184449026909189 0.067058302136146788 0.10128744459446651
158 9.3184449026909189 0.067058302136146788 0.10128744459446651
159 9.3184449026909189 0.067058302136146788 0.10128744459446651
160 9.3184449026909189 0.067058302136146788 0.10128744459446651
161 9.3184449026909189 0.067058302136146788 0.10128744459446651
162 9.3184449026909189 0.067058302136146788 0.10128744459446651
163 9.3184449026909189 0.067058302136146788 0.10128744459446651
164 9.3184449026909189 0.067058302136146788 0.10128744459446651
165 9.3184449026909189 0.067058302136146788 0.10128744459446651
166 9.3184449026909189 0.067058302136146788 0.10128744459446651
167 9.3184449026909189 0.067058302136146788 0.10128744459446651
168 9.3184449026909189 0.067058302136146788 0.10128744459446651
169 9.3184449026909189 0.067058302136146788 0.10128744459446651
170 9.3184449026909189 0.067058302136146788 0.10128744459446651
171 9.3184449026909189 0.067058302136146788 0.10128744459446651
172 9.3184449026909189 0.067058302136146788 0.10128744459446651
173 9.3184449026909189 0.067058302136146788 0.10128744459446651
174 9.3184449026909189 0.067058302136146788 0.10128744459446651
175 9.3184449026909189 0.067058302136146788 0.10128744459446651
176 9.3184449026909189 0.067058302136146788 0.10128744459446651
177 9.3184449026909189 0.067058302136146788 0.10128744459446651
178 9.3184449026909189 0.067058302136146788 0.10128744459446651
179 9.3184449026909189 0.067058302136146788 0.10128744459446651
180 9.3184449026909189 0.067058302136146788 0.10128744459446651
181 9.3184449026909189 0.067058302136146788 0.10128744459446651
182 9.3184449026909189 0.067058302136146788 0.10128744459446651
183 9.3184449026909189 0.067058302136146788 0.10128744459446651
184 9.3184449026909189 0.067058302136146788 0.10128744459446651
185 9.3184449026909189 0.067058302136146788 0.10128744459446651
186 9.3184449026909189 0.067058302136146788 0.10128744459446651
187 9.3184449026909189 0.067058302136146788 0.10128744459446651
188 9.3184449026909189 0.067058302136146788 0.10128744459446651
189 9.3184449026909189 0.067058302136146788 0.10128744459446651
190 9.3184449026909189 0.067058302136146788 0.10128744459446651
191 9.3184449026909189 0.067058302136146788 0.10128744459446651
192 9.3184449026909189 0.067058302136146788 0.10128744459446651
193 9.3184449026909189 0.067058302136146788 0.10128744459446651
194 9.3184449026909189 0.067058302136146788 0.10128744459446651
195 9.3184449026909189 0.067058302136146788 0.10128744459446651
196 9.3184449026909189 0.067058302136146788 0.10128744459446651
197 9.3184449026909189 0.067058302136146788 0.10128744459446651
198 9.3184449026909189 0.067058302136146788 0.10128744459446651
199 9.3184449026909189 0.067058302136146788 0.10128744459446651
200 9.3184449026909189 0.067058302136146788 0.10128744459446651
201 9.3184449026909189 0.067058302136146788 0.10128744459446651
202 9.3184449026909189 0.067058302136146788 0.10128744459446651
203 9.3184449026909189 0.067058302136146788 0.10128744459446651
204 9.3184449026909189 0.067058302136146788 0.10128744459446651
205 9.3184449026909189 0.067058302136146788 0.10128744459446651
206 9.3184449026909189 0.067058302136146788 0.10128744459446651
207 9.3184449026909189 0.067058302136146788 0.10128744459446651
208 9.3184449026909189 0.067058302136146788 0.10128744459446651
209 9.3184449026909189 0.067058302136146788 0.10128744459446651
210 9.3184449026909189 0.067058302136146788 0.10128744459446651
211 9.3184449026909189 0.067058302136146788 0.10128744459446651
212 9.3184449026909189 0.067058302136146788 0.10128744459446651
213 9.3184449026909189 0.067058302136146788 0.10128744459446651
214 9.3184449026909189 0.067058302136146788 0.10128744459446651
215 9.3184449026909189 0.067058302136146788 0.10128744459446651
216 9.3184449026909189 0.067058302136146788 0.10128744459446651
217 9.3184449026909189 0.067058302136146788 0.10128744459446651
218 9.3184449026909189 0.067058302136146788 0.10128744459446651
219 9.3184449026909189 0.067058302136146788 0.10128744459446651
220 9.3184449026909189 0.067058302136146788 0.10128744459446651
221 9.3184449026909189 0.067058302136146788 0.10128744459446651
222 9.3184449026909189 0.067058302136146788 0.10128744459446651
223 9.3184449026909189 0.067058302136146788 0.10128744459446651
224 9.3184449026909189 0.067058302136146788 0.10128744459446651
225 9.3184449026909189 0.067058302136146788 0.10128744459446651
226 9.3184449026909189 0.067058302136146788 0.10128744459446651
227 9.3184449026909189 0.067058302136146788 0.10128744459446651
228 9.3184449026909189 0.067058302136146788 0.10128744459446651
229 9.3184449026909189 0.067058302136146788 0.10128744459446651
230 9.3184449026909189 0.067058302136146788 0.10128744459446651
231 9.3184449026909189 0.067058302136146788 0.10128744459446651
232 9.3184449026909189 0.067058302136146788 0.10128744459446651
233 9.3184449026909189 0.067058302136146788 0.10128744459446651
234 9.3184449026909189 0.067058302136146788 0.10128744459446651
235 9.3184449026909189 0.067058302136146788 0.10128744459446651
236 9.3184449026909189 0.067058302136146788 0.10128744459446651
237 9.3184449026909189 0.067058302136146788 0.10128744459446651
238 9.3184449026909189 0.067058302136146788 0.10128744459446651
239 9.3184449026909189 0.067058302136146788 0.10128744459446651
240 9.3184449026909189 0.067058302136146788 0.10128744459446651
241 9.3184449026909189 0.067058302136146788 0.10128744459446651
242 9.3184449026909189 0.067058302136146788 0.10128744459446651
243 9.3184449026909189 0.067058302136146788 0.10128744459446651
244 9.3184449026909189 0.067058302136146788 0.10128744459446651
245 9.3184449026909189 0.067058302136146788 0.10128744459446651
246 9.3184449026909189 0.067058302136146788 0.10128744459446651
247 9.3184449026909189 0.067058302136146788 0.10128744459446651
248 9.3184449026909189 0.067058302136146788 0.10128744459446651
249 9.3184449026909189 0.067058302136146788 0.10128744459446651
250 9.3184449026909189 0.067058302136146788 0.10128744459446651
251 9.3184449026909189 0.067058302136146788 0.10128744459446651
252 9.3184449026909189 0.067058302136146788 0.10128744459446651
253 9.3184449026909189 0.067058302136146788 0.10128744459446651
254 9.3184449026909189 0.067058302136146788 0.10128744459446651
255 9.3184449026909189 0.067058302136146788 0.10128744459446651
256 9.3184449026909189 0.067058302136146788 0.10128744459446651
257 9.3184449026909189 0.067058302136146788 0.10128744459446651
258 9.3184449026909189 0.067058302136146788 0.10128744459446651
259 9.3184449026909189 0.067058302136146788 0.10128744459446651
260 9.3184449026909189 0.067058302136146788 0.10128744459446651
261 9.3184449026909189 0.067058302136146788 0.10128744459446651
262 9.3184449026909189 0.067058302136146788 0.10128744459446651
263 9.3184449026909189 0.067058302136146788 0.10128744459446651
264 9.3184449026909189 0.067058302136146788 0.10128744459446651
265 9.3184449026909189 0.067058302136146788 0.10128744459446651
266 9.3184449026909189 0.067058302136146788 0.10128744459446651
267 9.3184449026909189 0.067058302136146788 0.10128744459446651
268 9.3184449026909189 0.067058302136146788 0.10128744459446651
269 9.3184449026909189 0.067058302136146788 0.10128744459446651
270 9.3184449026909189 0.067058302136146788 0.10128744459446651
271 9.3184449026909189 0.067058302136146788 0.10128744459446651
272 9.3184449026909189 0.067058302136146788 0.10128744459446651
273 9.3184449026909189 0.067058302136146788 0.10128744459446651
274 9.3184449026909189 0.067058302136146788 0.10128744459446651
275 9.3184449026909189 0.067058302136146788 0.10128744459446651
276 9.3184449026909189 0.067058302136146788 0.10128744459446651
277 9.3184449026909189 0.067058302136146788 0.10128744459446651
278 9.3184449026909189 0.067058302136146788 0.10128744459446651
279 9.3184449026909189 0.067058302136146788 0.10128744459446651
280 9.3184449026909189 0.067058302136146788 0.10128744459446651
281 9.3184449026909189 0.067058302136146788 0.10128744459446651
282 9.3184449026909189 0.067058302136146788 0.10128744459446651
283 9.3184449026909189 0.067058302136146788 0.10128744459446651
284 9.3184449026909189 0.067058302136146788 0.10128744459446651
285 9.3184449026909189 0.067058302136146788 0.10128744459446651
286 9.3184449026909189 0.067058302136146788 0.10128744459446651
287 9.3184449026909189 0.067058302136146788 0.10128744459446651
288 9.3184449026909189 0.067058302136146788 0.10128744459446651
289 9.3184449026909189 0.067058302136146788 0.10128744459446651
290 9.3184449026909189 0.067058302136146788 0.10128744459446651
291 9.3184449026909189 0.067058302136146788 0.10128744459446651
292 9.3184449026909189 0.067058302136146788 0.10128744459446651
293 9.3184449026909189 0.067058302136146788 0.10128744459446651
294 9.3184449026909189 0.067058302136146788 0.10128744459446651
295 9.3184449026909189 0.067058302136146788 0.10128744459446651
296 9.3184449026909189 0.067058302136146788 0.10128744459446651
297 9.3184449026909189 0.067058302136146788 0.10128744459446651
298 9.3184449026909189 0.067058302136146788 0.10128744459446651
299 9.3184449026909189 0.067058302136146788 0.10128744459446651
300 8.8861032849539416 0.065705778212786087 0.096588079184281972
301 8.45169113613888 0.063838165247481718 0.091866208001509561
302 8.0192111512920619 0.061561146811501655 0.087165338601000675
303 7.5922294727120576 0.058976130040951244 0.082524233399044106
304 7.1738367030615704 0.056176790438602332 0.07797648590284316
305 6.7666328798199409 0.053246360226920607 0.07355035738934719
306 6.3727329396588637 0.050256217938459261 0.069268836300639819
307 5.9937880708743911 0.047265533434744066 0.065149870335591206
308 5.6310187374807112 0.044321681572171263 0.061206725407399035
309 5.285255602394372 0.041461173160532272 0.057448430460808393
310 4.9569850012428081 0.038710890396441155 0.053880271752639215
311 4.646396170038785 0.036089460208173781 0.050504306196073753
312 4.3534280005918111 0.033608641423806082 0.047319869571650124
313 4.0778136303638632 0.03127463894083915 0.044324061199607211
314 3.8191217110157756 0.02908929316602922 0.041512192511041039
315 3.5767936293805436 0.027051117080987945 0.038878191623701562
316 3.3501763250212564 0.025156173742567327 0.036414960054578872
317 3.1385506299584049 0.023398799120220408 0.034114680760417446
318 2.9411552617294388 0.021772183416165273 0.031969078931841727
319 2.7572067371439251 0.020268828040661057 0.029969638447216576
320 2.5859155765055526 0.01888089663031027 0.028107778005495136
321 2.4264991965388076 0.017600478136573963 0.026374991266726169
322 2.2781919174604006 0.016419778537491977 0.024762955624569573
323 2.1402524947642556 0.015331255732780467 0.023263614073524518
324 2.0119695674344626 0.014327710026677785 0.021869234428635465
325 1.8926653772391508 0.013402340534729437 0.020572449752599465
326 1.7816980780057727 0.01254877573923701 0.019366283456584487
327 1.678462917146117 0.011761085257495092 0.018244162142892574
328 1.5823925273741744 0.011033777798106201 0.017199918775806244
329 1.4929565333527606 0.010361789514882973 0.016227788406008269
330 1.4096606450314328 0.00974046600354804 0.015322398315559052
331 1.3320453770081884 0.0091655402006997552 0.014478754097915091
332 1.2596845083292576 0.0086331079986634012 0.013692222916622365
333 1.1921833753956659 0.0081396029467801032 0.01295851494995289
334 1.1291770628515945 0.007681770398173202 0.012273663726647765
335 1.0703285706287484 0.0072566434519817057 0.011634006202486396
336 1.0153269639801512 0.0068615182979611744 0.011036162651958165
337 0.96388557082089654 0.0064939318935635223 0.01047701707414018
338 0.91574023825700579 0.0061516409400828517 0.0099536982419239761
339 0.8706476527411644 0.0058326018702073677 0.0094635614428387436
340 0.82838375989835622 0.0055349530889628393 0.0090041713032430019
341 0.78874226158093741 0.0052569980276055963 0.0085732854519667105
342 0.75153321143756568 0.0049971897862108637 0.0081688392547561491
343 0.716581705212892 0.0047541173340199328 0.0077889315784009996
344 0.68372667210156357 0.0045264932477596664 0.0074318116532778649
345 0.65281973229153389 0.0043131414048565549 0.0070958666553427594
346 0.62372416748620474 0.0041129873103038497 0.0067796105161543998
347 0.59631395082512306 0.0039250480762778308 0.0064816733785339467
348 0.57047286429481048 0.0037484241765010856 0.006200792003204462
349 0.54609370756723719 0.0035822922814177454 0.0059358011692091
350 0.52307751080518339 0.0034258968289286118 0.0056856251174476459
351 0.50133289841439654 0.0032785455362461758 0.0054492706349390926
352 0.48077542753802704 0.0031396022301357451 0.0052258198645437721
353 0.46132703330160929 0.0030084824277986336 0.0050144242750174923
354 0.44291550033339688 0.0028846485678081209 0.0048142989166673573
355 0.42547399654764556 0.0027676063007039836 0.0046247173537787558
356 0.40894060889583539 0.0026568994615580295 0.0044450066184329937
357 0.39325796782384687 0.0025521079777114522 0.0042745431285200744
358 0.37837286793210501 0.0024528439293656952 0.0041127485644794019
359 0.36423593870275617 0.0023587491286385146 0.0039590862902473493
360 0.35080133548885462 0.0022694923914565387 0.0038130579944440717
361 0.33802646754911952 0.0021847676342954263 0.0036742007342295603
362 0.32587172824388244 0.0021042909841162425 0.003542084002650896
363 0.31430027151937223 0.0020277996227449076 0.0034163072991236112
364 0.30327779410741962 0.001955049751112443 0.0032964977620371697
365 0.29277233937327762 0.0018858150890118431 0.0031823080366660613
366 0.28275411640806503 0.0018198853669188985 0.0030734143087833153
367 0.27319533939691082 0.0017570653125811412 0.002969514558662074
368 0.26407006887024748 0.0016971729964586069 0.0028703268355461681
369 0.25535407894783874 0.0016400391325768042 0.0027755878146504208
370 0.24702472793361949 0.0015855059757506882 0.0026850513905828204
371 0.23906084150089493 0.0015334264231794067 0.002598487407618423
372 0.2314426046867705 0.00148366317502722 0.0025156804857257662
373 0.22415146550434892 0.0014360881101104022 0.0024364289728733579
374 0.21717003931392903 0.0013905813541871849 0.0023605439055861851
375 0.2104820293264055 0.0013470308773376285 0.0022878481448522338
376 0.20407214794481199 0.0013053318373976869 0.0022181755211392608
377 0.19792604577407794 0.0012653860432110652 0.0021513700627617165
378 0.19203024573703484 0.0012271014525561371 0.0020872852797503786
379 0.18637208456412671 0.0011903918576071063 0.0020257835278709425
380 0.18093965360523406 0.0011551762365268501 0.0019667353652742833
381 0.1757217501380417 0.001121378579559009 0.0019100190232395836
382 0.1707078287751389 0.0010889274760808893 0.0018555198779906402
383 0.16588795728541539 0.0010577557806528061 0.0018031299704936456
384 0.161252776101971 0.0010278003462895469 0.0017527475663257717
385 0.15679346014772272 0.00099900171143224429 0.0017042767407361166
386 0.15250168450929222 0.00097130390753570671 0.001657627005535785
387 0.14836959132770955 0.00094465416724242993 0.0016127129492142342
388 0.14438975966546161 0.00091900272054996858 0.0015694539094071914
389 0.14055517992313488 0.0008943027217224106 0.0015277736948166834
390 0.13685922356557118 0.00087050981694084082 0.0014876002561475129
391 0.13329562256164471 0.00084758218127911145 0.0014488654626265728
392 0.12985844580347258 0.00082548028756205139 0.0014115048456899194
393 0.12654207804616191 0.00080416674625925885 0.0013754573700669773
394 0.12334120382308021 0.00078360624988460894 0.0013406652589465239
395 0.12025077894813305 0.00076376530006929614 0.0013070736842188374
396 0.11726602821435375 0.0007446122196872729 0.001274630741460367
397 0.11438242084948257 0.00072611702963479372 0.0012432871831465496
398 0.11159565679657736 0.00070825125181845337 0.0012129962695280147
399 0.10890165532685751 0.00069098796803341764 0.0011837136448571469
400 0.10629653967441942 0.00067430156491835752 0.0011553971703741242
401 0.10377663077591438 0.00065816765805375979 0.001128006856259939
402 0.10133841910630569 0.0006425633630935553 0.0011015045555033227
403 0.098978583898169561 0.00062746660619128296 0.0010758541728061908
404 0.096693950768398179 0.00061285672047447061 0.001051021204004328
405 0.094481512757321445 0.00059871376504071086 0.001026972964753494
406 0.092338393966601109 0.00058501904008513605 0.0010036781952891425
407 0.090261864138045031 0.00057175452833785247 0.00098110721889179374
408 0.088249319552692065 0.00055890319776393622 0.00095923173426839202
409 0.08629827805346714 0.00054644880803883359 0.00093802476145072981
410 0.084406372714505809 0.00053437588424325166 0.00091746057298375879
411 0.082571345347571379 0.00052266965921140965 0.0008975146233431672
412 0.080791041315087492 0.00051131606084278572 0.0008781634925552988
413 0.079063403717231348 0.00050030166648963213 0.00085938482301338426
414 0.077386468316848381 0.00048961366766420177 0.00084115726431356933
415 0.075758358692838187 0.00047923983734513177 0.00082346042057432811
416 0.074177281691413882 0.00046916849916259131 0.00080627480099362912
417 0.072641523140535597 0.00045938849849183497 0.00078958177326669127
418 0.07114944381531238 0.00044988917535347873 0.00077336351973165626
419 0.069699475636988098 0.00044066033891949961 0.0007576029960542185
420 0.06829011809019353 0.00043169224350495948 0.00074228389228471231
421 0.066919935565873931 0.00042297554254783676 0.0007273906039768906
422 0.065587551757432389 0.00041450139243246007 0.00071290817127643905
423 0.0642916498507244 0.00040626116286774288 0.00069882228098613474
424 0.063030966678596451 0.00039824672067100372 0.00068511920302822226
425 0.061804293898444711 0.00039045022350486173 0.00067178580324396423
426 0.060610470050167224 0.00038286413994505393 0.00065880945706703505
427 0.059448384786883579 0.00037548132414158574 0.0006461780955096041
428 0.058316969166945946 0.00036829481162804604 0.00063388009964071676
429 0.057215201363214022 0.00036129806289164856 0.00062190436264363067
430 0.056142096644421588 0.00035448464509259232 0.000610240180917626
431 0.055096713377503187 0.00034784855246552748 0.0005988773193206868
432 0.054078143540284555 0.00034138385045872575 0.00058780590804657126
433 0.053085518330093971 0.00033508500755966225 0.00057701650358797792
434 0.052117999638549815 0.00032894655266921507 0.00056649999607119366
435 0.051174784853632582 0.00032296337474828232 0.00055624766145252811
436 0.050255099593943996 0.00031713042779380406 0.00054625108254286955
437 0.049358201632469588 0.00031144298597525342 0.00053650219165727816
438 0.048483374663496441 0.00030589638610475521 0.00052699320286409175
439 0.04762993166266951 0.00030048626058676065 0.00051771664850727727
440 0.04679720925751335 0.00029520828723182154 0.00050866531801644949
441 0.045984570940554657 0.00029005842926444484 0.00049983229283211584
442 0.045191401749577566 0.00028503267826824886 0.00049121088858236487
443 0.044417111366248534 0.00028012729618981705 0.00048279468876357101
444 0.043661129846749025 0.00027533861213285431 0.00047457749833422854
445 0.042922907097742595 0.00027066301553479972 0.00046655333801894126
446 0.042201915812025072 0.00026609723816437751 0.00045871647621766384
447 0.041497644296123917 0.00026163789615507783 0.0004510613510448252
448 0.04080960208317011 0.00025728192886393384 0.00044358263133880554
449 0.040137313531282755 0.0002530262172057336 0.00043627514707916039
450 0.039480321969820237 0.00024886788801875017 0.00042913393445456781
451 0.038838184904121151 0.00024480406600786074 0.00042215418374044728
452 0.038210476737132931 0.00024083205146102071 0.00041533126888187966
453 0.037596785449576328 0.00023694919059592747 0.00040866071140843832
454 0.036996714072405436 0.00023315294687441707 0.00040213819643918953
455 0.036409878610269918 0.00022944086603741759 0.00039575955011162957
456 0.035835908511606888 0.00022581056642589825 0.00038952074469137922
457 0.03527444556234819 0.00022225977253067722 0.00038341788654726295
458 0.034725143623311965 0.00021878625051779287 0.0003774472132968692
459 0.034187668213123121 0.00021538788454054776 0.00037160508927307738
460 0.033661695779025808 0.00021206258207386369 0.00036588799759810662
461 0.033146913487552193 0.00020880834263790844 0.00036029253790817602
462 0.032643019549914463 0.00020562329861065987 0.00035481542989037462
463 0.032149720326142953 0.00020250548538223518 0.00034945348180590166
464 0.031666733541601752 0.00019945317637275596 0.00034420362545219298
465 0.0311937845854727 0.00019646455472951938 0.00033906287592905108
466 0.030730608796934053 0.00019353798405714404 0.0003340283564884136
467 0.030276949083431422 0.00019067177969250135 0.00032909727264599371
468 0.029832557193317739 0.00018786439494461449 0.00032426692601432325
469 0.029397192192410618 0.00018511426136169639 0.00031953469774359365
470 0.02897062110362511 0.00018241992030945022 0.00031489805547418599
471 0.028552617933580396 0.00017977990725449847 0.00031035454275630864
472 0.028142963917629077 0.00017719284828108842 0.00030590178171335954
473 0.027741446900464966 0.00017465737286018822 0.00030153746630940179
474 0.027347861343706599 0.00017217218768378749 0.00029725936243159349
475 0.02696200792516092 0.00016973600791797539 0.00029306530353435782
476 0.026583693419878651 0.00016734761644916185 0.00028895318934650706
477 0.026212730420171085 0.00016500580701537119 0.00028492098282794661
478 0.025848937169902809 0.0001627094342005123 0.00028096670836850882
479 0.025492137335121207 0.00016045736413982864 0.00027708844929479575
480 0.025142159846410963 0.00015824851863894361 0.00027328434615664089
481 0.0247988386734917 0.00015608183084546041 0.0002695525942770837
482 0.024462012571389326 0.00015395626717887268 0.00026589144099336225
483 0.02413152556994563 0.00015187088015480819 0.00026229919097766989
484 0.023807225236995581 0.00014982464028095543 0.00025877418735864761
485 0.023488964604057 0.0001478166622146867 0.00025531483265279348
486 0.023176600091628113 0.00014584599248692147 0.00025191956621334907
487 0.022869992940959701 0.00014391178271997687 0.00024858687979304025
488 0.022569007770318211 0.00014201314413854683 0.00024531530185128487
489 0.022273513326027318 0.00014014924561749705 0.00024210340571768823
490 0.021983382528426583 0.00013831932306497224 0.0002389498100915933
491 0.021698490709098274 0.00013652252262381421 0.00023585315988150298
492 0.021418717571191501 0.00013475809755772819 0.00023281214751295109
493 0.021143946638117198 0.00013302536576123379 0.00022982550693605649
494 0.020874062980123981 0.00013132351085286387 0.00022689198891439108
495 0.02060895663844026 0.00012965190103508679 0.00022401039824391586
496 0.020348519293549704 0.00012800979854297079 0.00022117955753858375
497 0.020092646378032885 0.00012639655617584865 0.00021839833019600963
498 0.019841236364874011 0.0001248115650070445 0.00021566561266167403
499 0.019594189468689426 0.00012325413740812163 0.00021298032031184157
500 0.019351409426609109 0.00012172368323700914 0.00021034140681096858
501 0.019112802326858608 0.00012021960663998436 0.0002077478513788979
502 0.018878277394276787 0.00011874138099065128 0.00020519866732909552
503 0.018647744529289509 0.00011728835033647876 0.00020269287531836424
504 0.01842111759759581 0.00011586000493562558 0.00020022953910430228
505 0.018198312255387716 0.00011445581066187461 0.00019780774190638822
506 0.017979246373638794 0.00011307524814872283 0.00019542659101781299
507 0.017763839970417809 0.00011171781241112022 0.0001930852170697588
508 0.017552015145743182 0.00011038301241592033 0.00019078277332329545
509 0.017343696020300472 0.00010907037061100281 0.00018851843500326601
510 0.017138808799182049 0.00010777942548125915 0.00018629139999110921
511 0.016937280846029305 0.00010650968693707349 0.00018410087876118809
512 0.016739042301158562 0.00010526073503988549 0.0001819461119691148
513 0.016544024509023206 0.00010403211364660188 0.00017982635335894791
514 0.016352160863669994 0.00010282342212542411 0.00017774087895293473
515 0.016163386172646087 0.00010163422720812582 0.00017568898013745746
516 0.015977637159460812 0.00010046414771108205 0.00017366996912457404
517 0.015794851961264629 9.9312787080457871e-05 0.00017168317349200684
518 0.015614970012311097 9.8179739203884189e-05 0.00016972793491642498
519 0.015437932839244908 9.706466734902106e-05 0.00016780361781787944
520 0.015263682933212255 9.5967194713131358e-05 0.0001659095971001332
521 0.015092164317878409 9.4886966963786195e-05 0.00016404526432476531
522 0.014923322036721221 9.3823607102043211e-05 0.00016221002213827413
523 0.014757103363837407 9.2776830094275537e-05 0.0001604032974330153
524 0.01459345605718599 9.1746284369087806e-05 0.00015862452236071727
525 0.014432329364768027 9.0731648685774715e-05 0.00015687314526921769
526 0.014273673442261513 8.9732581752613748e-05 0.00015514862437240775
527 0.014117440470412456 8.8748826516281195e-05 0.00015345043989578756
528 0.013963583001701871 8.7780062337451922e-05 0.00015177807610545512
529 0.013812054944011276 8.6825997540088655e-05 0.00015013103200012257
530 0.013662811290026933 8.5886347302051359e-05 0.00014850881836985796
531 0.013515808086884374 8.4960833439605321e-05 0.00014691095746613449
532 0.013371002406731582 8.4049184196676921e-05 0.00014533698268186503
533 0.013228351948619115 8.3151102830606474e-05 0.00014378643422412082
534 0.013087816453968839 8.22663897015997e-05 0.00014225887449966128
535 0.012949355580841074 8.1394763621188716e-05 0.00014075386500914211
536 0.012812930233268172 8.0535977162049559e-05 0.00013927098079639317
537 0.012678502208636717 7.9689788513046106e-05 0.0001378098066156165
538 0.012546034173802192 7.8855961333868064e-05 0.00013636993667176297
539 0.012415489642074158 7.803426462256509e-05 0.00013495097437037128
540 0.012286832951038417 7.7224472595176254e-05 0.00013355253207650454
541 0.012160029241162053 7.6426364575526482e-05 0.00013217423088219624
542 0.012035044435105445 7.5639724892279461e-05 0.00013081570038158091
543 0.011911845217649764 7.4864342779621968e-05 0.00012947657845271482
544 0.011790399016138559 7.4100012277618821e-05 0.00012815651104498434
545 0.011670674046543747 7.3346542699874364e-05 0.00012685515267982334
546 0.011552639101540276 7.2603724065010961e-05 0.00012557216414717693
547 0.011436263716677622 7.187136747134356e-05 0.00012430721431171327
548 0.011321518095835119 7.1149284742695859e-05 0.00012305997930255565
549 0.011208373093230762 7.0437291878682048e-05 0.00012183014231772568
550 0.011096800382509009 6.973522782234829e-05 0.00012061739546205445
551 0.010986771728339116 6.9042883071314485e-05 0.000119421431829773
552 0.010878259984072438 6.8360099793618494e-05 0.00011824195634861346
553 0.010771238439767227 6.7686709372351525e-05 0.00011707867869312203
554 0.010665680956636382 6.7022546810040304e-05 0.00011593131474604762
555 0.010561561952575189 6.636745062778793e-05 0.00011479958644103467
556 0.010458856388123874 6.572126276797779e-05 0.00011368322161004211
557 0.010357539752861295 6.5083828501292271e-05 0.00011258195383544886
558 0.010257588052222924 6.445499633857908e-05 0.00011149552230677092
559 0.010158977794731901 6.3834617947827158e-05 0.00011042367168186849
560 0.010061685979628351 6.3222548076223049e-05 0.00010936615195248209
561 0.0099656900848796755 6.2618644476984911e-05 0.00010832271831390952
562 0.0098709680555526345 6.2022767840444462e-05 0.00010729313103861559
563 0.0097774982925273694 6.1434781728685427e-05 0.00010627715535355836
564 0.0096852596415337808 6.0854552512957637e-05 0.00010527456132101935
565 0.00959423138249107 6.0281949313073301e-05 0.00010428512372272902
566 0.009504393219132809 5.9716843938044281e-05 0.00010330862194709575
567 0.0094157252689013853 5.9159110827331098e-05 0.00010234483987936288
568 0.0093282080530977633 5.8608626992224001e-05 0.00010139356579454091
569 0.0092418224872749446 5.8065271957055726e-05 0.00010045459225298852
570 0.0091565498718660637 5.7528927700126837e-05 9.952771599854417e-05
571 0.0090723718830408515 5.699947859440128e-05 9.8612737859139684e-05
572 0.0089892708203222881 5.6476828669928791e-05 9.7709465438285741e-05
573 0.0089072285629356873 5.596083211379585e-05 9.6817701771040074e-05
574 0.0088262281237963865 5.545139746564622e-05 9.5937262215178119e-05
575 0.0087462525943567456 5.4948418050830372e-05 9.5067962982138546e-05
576 0.0086672853995897053 5.4451789306709508e-05 9.4209623908583751e-05
577 0.00858931029022246 5.3961408731164048e-05 9.3362068371983264e-05
578 0.008512311335178796 5.3477175832563289e-05 9.2525123208465172e-05
579 0.0084362729142261027 5.2998992081315959e-05 9.1698618632892419e-05
580 0.0083611797108227547 5.2526760863082349e-05 9.0882388161116898e-05
581 0.0082870167051609742 5.2060387433683049e-05 9.0076268534358415e-05
582 0.0082137691673997842 5.1599778875695512e-05 8.9280099645649831e-05
583 0.0081414226510823171 5.1144844056688316e-05 8.8493724468286056e-05
584 0.0080699629867313962 5.0695493589009314e-05 8.7716988986210823e-05
585 0.0079993762756169848 5.0251639791019551e-05 8.6949742126271579e-05
586 0.0079296488836893397 4.981319664964754e-05 8.6191835692275433e-05
587 0.0078607674356714844 4.9380079784132797e-05 8.5443124300777003e-05
588 0.0077927188093050706 4.8952206410828982e-05 8.4703465318533371e-05
589 0.0077254901297438344 4.8529495308945282e-05 8.3972718801563411e-05
590 0.0076590687640891867 4.8111866787118298e-05 8.3250747435752035e-05
591 0.0075934423160629776 4.769924265072365e-05 8.2537416478945406e-05
592 0.0075285986208127875 4.7291546169855143e-05 8.1832593704486817e-05
593 0.0074645257398453894 4.6888702047918574e-05 8.1136149346145535e-05
594 0.0074012119560846633 4.6490636390803523e-05 8.0447956044398512e-05
595 0.0073386457690502458 4.6097276676613758e-05 7.9767888794024405e-05
596 0.0072768158901537275 4.5708551725949056e-05 7.9095824892975298e-05
597 0.007215711238109321 4.5324391672741341e-05 7.8431643892492623e-05
598 0.0071553209344562612 4.494472793565502e-05 7.7775227548437619e-05
599 0.0070956342991901266 4.4569493190066328e-05 7.7126459773805718e-05
600 0.0070366408465006511 4.4198621340637293e-05 7.6485226592398379e-05
601 0.0069783302806134713 4.3832047494499751e-05 7.5851416093624687e-05
602 0.006920692491733417 4.3469707935062941e-05 7.5224918388406702e-05
603 0.0068637175520869136 4.3111540096454262e-05 7.4605625566162098e-05
604 0.0068073957120611383 4.2757482538599123e-05 7.3993431652838454e-05
605 0.0067517173964375407 4.2407474922940488e-05 7.3388232569973272e-05
606 0.0066966732007173544 4.2061457988794881e-05 7.2789926094753846e-05
607 0.0066422538875366742 4.1719373530337179e-05 7.2198411821050801e-05
608 0.0065884503831688517 4.138116437420163e-05 7.161359112140056e-05
609 0.0065352537741117074 4.1046774357684867e-05 7.1035367109909868e-05
610 0.0064826553037573712 4.0716148307533085e-05 7.0463644606058384e-05
611 0.0064306463691423659 4.0389232019293944e-05 6.9898330099373536e-05
612 0.0063792185177757544 4.0065972237212304e-05 6.9339331714953853e-05
613 0.0063283634445431064 3.9746316634649268e-05 6.8786559179816371e-05
614 0.006278072988684151 3.943021379500282e-05 6.8239923790045119e-05
615 0.0062283391308421152 3.9117613193109453e-05 6.7699338378718644e-05
616 0.0061791539901826205 3.8808465177107038e-05 6.7164717284593696e-05
617 0.0061305098215802658 3.8502720950739895e-05 6.6635976321524631e-05
618 0.0060823990128710381 3.8200332556088312e-05 6.6113032748598235e-05
619 0.006034814082168675 3.7901252856706434e-05 6.5595805240963858e-05
620 0.005987747675243309 3.7605435521153053e-05 6.5084213861340315e-05
621 0.0059411925629606725 3.7312835006901694e-05 6.4578180032181224e-05
622 0.0058951416387802488 3.7023406544617477e-05 6.4077626508480962e-05
623 0.0058495879163108534 3.673710612278898e-05 6.3582477351204926e-05
624 0.0058045245269220504 3.6453890472704896e-05 6.3092657901326637e-05
625 0.0057599447174100571 3.6173717053765649e-05 6.2608094754457137e-05
626 0.0057158418477166548 3.5896544039121096e-05 6.2128715736050599e-05
627 0.0056722093886997643 3.5622330301625988e-05 6.1654449877171353e-05
628 0.0056290409199543897 3.5351035400105726e-05 6.118522739080858e-05
629 0.0055863301276826254 3.5082619565924491e-05 6.072097964872419e-05
630 0.0055440708026115153 3.4817043689849389e-05 6.0261639158820818e-05
631 0.0055022568379575173 3.4554269309203432e-05 5.980713954301649e-05
632 0.0054608822274364579 3.4294258595301023e-05 5.9357415515613671e-05
633 0.005419941063317793 3.4036974341160018e-05 5.8912402862149925e-05
634 0.0053794275345221115 3.3782379949482991e-05 5.8472038418718604e-05
635 0.0053393359247607798 3.3530439420903194e-05 5.803626005174761e-05
636 0.005299660610716659 3.3281117342488118e-05 5.7605006638224551e-05
637 0.005260396060264968 3.3034378876495203e-05 5.7178218046358347e-05
638 0.0052215368307331851 3.2790189749373857e-05 5.6755835116665058e-05
639 0.0051830775671990962 3.2548516241008154e-05 5.6337799643468438e-05
640 0.0051450130008260601 3.2309325174194393e-05 5.5924054356805002e-05
641 0.0051073379472345078 3.2072583904348274e-05 5.5514542904722911e-05
642 0.0050700473049088649 3.1838260309436071e-05 5.5109209835965922e-05
643 0.0050331360536389966 3.1606322780124401e-05 5.470800058303257e-05
644 0.0049965992529952966 3.1376740210143768e-05 5.4310861445601051e-05
645 0.0049604320408366993 3.114948198686002e-05 5.3917739574311947e-05
646 0.0049246296318507026 3.092451798204957e-05 5.3528582954898939e-05
647 0.0048891873161247008 3.0701818542872768e-05 5.3143340392659788e-05
648 0.0048541004577478319 3.0481354483041053e-05 5.2761961497259041e-05
649 0.0048193644934426509 3.0263097074172981e-05 5.2384396667854899e-05
650 0.0047849749312258308 3.0047018037334679e-05 5.2010597078541636e-05
651 0.0047509273490972869 2.9833089534760266e-05 5.1640514664100942e-05
652 0.0047172173937569959 2.962128416174764e-05 5.1274102106054301e-05
653 0.0046838407793488102 2.9411574938726151e-05 5.0911312819008809e-05
654 0.0046507932862307399 2.9203935303490938e-05 5.055210093729065e-05
655 0.0046180707597709373 2.8998339103600945e-05 5.0196421301858016e-05
656 0.0045856691091688924 2.8794760588936148e-05 4.9844229447487959e-05
657 0.0045535843063011653 2.8593174404410254e-05 4.9495481590230056e-05
658 0.0045218123845911168 2.839355558283554e-05 4.9150134615120837e-05
659 0.0044903494379020551 2.8195879537935708e-05 4.8808146064152775e-05
660 0.0044591916194532894 2.8000122057503586e-05 4.8469474124492277e-05
661 0.004428335140758472 2.7806259296700384e-05 4.8134077616939911e-05
662 0.0043977762705858306 2.7614267771492717e-05 4.7801915984628593e-05
663 0.0043675113339396521 2.7424124352224783e-05 4.7472949281952743e-05
664 0.0043375367110626345 2.7235806257322047e-05 4.7147138163724284e-05
665 0.0043078488364585617 2.7049291047123537e-05 4.6824443874549581e-05
666 0.0042784441979348605 2.6864556617840052e-05 4.6504828238422399e-05
667 0.0042493193356645635 2.6681581195634853e-05 4.6188253648527867e-05
668 0.0042204708412672603 2.6500343330824488e-05 4.587468305725283e-05
669 0.0041918953569085645 2.6320821892196799e-05 4.5564079966397442e-05
670 0.0041635895744177344 2.614299606144339e-05 4.5256408417584069e-05
671 0.0041355502344229585 2.5966845327703972e-05 4.4951632982858244e-05
672 0.0041077741255039768 2.5792349482220263e-05 4.4649718755478006e-05
673 0.0040802580833616108 2.5619488613096503e-05 4.4350631340887075e-05
674 0.004052998990003792 2.5448243100164732e-05 4.4054336847867303e-05
675 0.0040259937729478085 2.5278593609951918e-05 4.376080187986748e-05
676 0.0039992394044383057 2.5110521090747153e-05 4.3469993526503323e-05
677 0.0039727329006807449 2.4944006767766269e-05 4.3181879355225489e-05
678 0.0039464713210899637 2.4779032138411891e-05 4.2896427403151781e-05
679 0.0039204517675535183 2.4615578967626829e-05 4.2613606169059981e-05
680 0.0038946713837094199 2.4453629283338648e-05 4.2333384605537172e-05
681 0.0038691273542380347 2.4293165371993364e-05 4.2055732111282984e-05
682 0.0038438169041677688 2.4134169774176481e-05 4.1780618523562707e-05
683 0.0038187372981942462 2.3976625280319162e-05 4.1508014110807022e-05
684 0.0037938858400127146 2.3820514926487946e-05 4.1237889565355593e-05
685 0.00376925987166336 2.3665821990255939e-05 4.0970215996340872e-05
686 0.003744856772889237 2.3512529986653909e-05 4.0704964922709099e-05
687 0.0037206739605065886 2.3360622664199322e-05 4.0442108266375964e-05
688 0.0036967088877872317 2.3210084001001856e-05 4.018161834551339e-05
689 0.0036729590438527916 2.3060898200943428e-05 3.9923467867965125e-05
690 0.0036494219530804786 2.2913049689931578e-05 3.9667629924787813e-05
691 0.0036260951745202357 2.2766523112224025e-05 3.9414077983915602e-05
692 0.003602976301322904 2.2621303326823476e-05 3.9162785883944606e-05
693 0.0035800629601792856 2.2477375403940676e-05 3.8913727828035713e-05
694 0.003557352810769777 2.2334724621524564e-05 3.8666878377932359e-05
695 0.0035348435452244109 2.219333646185795e-05 3.8422212448091426e-05
696 0.0035125328875930451 2.205319660821729e-05 3.8179705299924402e-05
697 0.0034904185933254893 2.191429094159535e-05 3.7939332536146626e-05
698 0.0034684984487613939 2.177660553748528e-05 3.770107009523254e-05
699 0.0034467702706296442 2.1640126662724776e-05 3.7464894245974395e-05
700 0.0034252319055570785 2.1504840772399276e-05 3.7230781582142161e-05
