index sum SD mean
50 0.0 0.0 0.0
51 0.0 0.0 0.0
52 0.0 0.0 0.0
53 0.0 0.0 0.0
54 0.0 0.0 0.0
55 0.0 0.0 0.0
56 0.0 0.0 0.0
57 0.0 0.0 0.0
58 0.0 0.0 0.0
59 0.0 0.0 0.0
60 0.015281013678692982 3.1918139304524401e-06 0.00021830019540989974
61 0.053745254915855002 2.3476625878052002e-05 0.00076778935594078569
62 0.11050404748077478 8.0782569376184628e-05 0.0015786292497253539
63 0.18460797837084494 0.00020062252842864035 0.0026372568338692134
64 0.27623637275300783 0.00041623128791917877 0.0039462338964715406
65 0.38624778948685101 0.00077310085997015767 0.0055178255640978714
66 0.51605245518753573 0.0013347763041169415 0.0073721779312505105
67 0.6675909056511935 0.0021890243459055567 0.0095370129378741925
68 0.8433675780465123 0.0034549727401897495 0.012048108257807319
69 1.046524747046039 0.0052921601103130137 0.014950353529229129
70 1.2809453142964171 0.0079114685587380711 0.018299218775663102
71 1.5513389410321563 0.011584407652465193 0.022161984871887946
72 1.8631389394907738 0.016636176509912445 0.026616270564153912
73 2.221825830260038 0.023390228635002858 0.031740369003714831
74 2.6313412835999817 0.032038454507537173 0.037590589765714021
75 3.0920059435794767 0.04248107586597407 0.044171513479706812
76 3.5992004874082433 0.054258434915391472 0.051417149820117761
77 4.1436088477887667 0.066652190246308141 0.059194412111268094
78 4.712405151304969 0.078889845075708231 0.067320073590070986
79 5.2903528614432984 0.090322457787451585 0.075576469449189984
80 5.8606787571005325 0.10050917265090713 0.083723982244293324
81 6.4062715522228437 0.10922241965217691 0.091518165031754917
82 6.9114616312137445 0.11641253546906276 0.098735166160196355
83 7.363957213546704 0.12215913380311505 0.10519938876495291
84 7.7562239710196268 0.12662251513035214 0.11080319958599467
85 8.0858540858410084 0.13000160949515349 0.11551220122630013
86 8.3549523018736878 0.13250190092148481 0.1193564614553384
87 8.5689097869347073 0.13431432545823652 0.12241299695621011
88 8.7350132262386602 0.13560398459113771 0.12478590323198085
89 8.8612222064628554 0.1365062686537197 0.12658888866375509
90 8.9552737916962108 0.13712774811030476 0.12793248273851729
91 9.0241347139056476 0.13754960239429337 0.1289162101986521
92 9.0737417137642176 0.13783201594052299 0.12962488162520311
93 9.1089454661528944 0.13801859134441355 0.13012779237361277
94 9.1335787262455828 0.13814028578393914 0.13047969608922261
95 9.1505874315058584 0.13821868232845674 0.13072267759294084
96 9.1621832906588612 0.13826857870517659 0.13088833272369801
97 9.1699930027856542 0.13829996261582769 0.13099990003979506
98 9.1751911746866917 0.1383194755447279 0.13107415963838132
99 9.1786118200421019 0.13833147116084504 0.13112302600060147
100 9.1808379338003547 0.13833876406399601 0.13115482762571937
101 9.1822710771023512 0.1383431501602331 0.13117530110146217
102 9.1831841302407007 0.13834576089436901 0.13118834471772431
103 9.1837598837547176 0.1383472984020622 0.13119656976792454
104 9.1841193370466012 0.13834819508760057 0.13120170481495144
105 9.1843415784547133 0.13834871294886589 0.1312048796922102
106 9.1844776885773811 0.13834900919234741 0.13120682412253401
107 9.1845602855139337 0.13834917717526898 0.13120800407877048
108 9.1846099626567259 0.13834927154545903 0.13120871375223894
109 9.1846395821331264 0.13834932413428094 0.1312091368876161
110 9.184657093289859 0.13834935320208025 0.131209387046998
111 9.1846673616558085 0.13834936914454174 0.13120953373794011
112 9.1846733288030293 0.13834937783843337 0.13120961898290043
113 9.1846767744435063 0.13834938264923666 0.13120966820633581
114 9.184678757905397 0.13834938522322043 0.13120969654150566
115 9.1846798886562819 0.13834938652032608 0.13120971269508974
116 9.1846805268198946 0.13834938719863313 0.13120972181171278
117 9.1846808838044538 0.13834938754512061 0.13120972691149219
118 9.1846810815515383 0.13834938771783323 0.13120972973645054
119 9.1846811901798091 0.13834938780594178 0.13120973128828298
120 9.1846812493270829 0.13834938785138873 0.13120973213324405
121 9.1846812812653962 0.1383493878745416 0.13120973258950566
122 9.1846812983710731 0.13834938788602225 0.13120973283387247
123 9.1846813074670681 0.1383493878924679 0.13120973296381525
124 9.1846813122772595 0.13834938789572188 0.13120973303253228
125 9.1846813147936786 0.13834938789710291 0.13120973306848113
126 9.1846813147936786 0.13834938789710291 0.13120973306848113
127 9.1846813147936786 0.13834938789710291 0.13120973306848113
128 9.1846813147936786 0.13834938789710291 0.13120973306848113
129 9.1846813147936786 0.13834938789710291 0.13120973306848113
130 9.1846813147936786 0.13834938789710291 0.13120973306848113
131 9.1846813147936786 0.13834938789710291 0.13120973306848113
132 9.1846813147936786 0.13834938789710291 0.13120973306848113
133 9.1846813147936786 0.13834938789710291 0.13120973306848113
134 9.1846813147936786 0.13834938789710291 0.13120973306848113
135 9.1846813147936786 0.13834938789710291 0.13120973306848113
136 9.1846813147936786 0.13834938789710291 0.13120973306848113
137 9.1846813147936786 0.13834938789710291 0.13120973306848113
138 9.1846813147936786 0.13834938789710291 0.13120973306848113
139 9.1846813147936786 0.13834938789710291 0.13120973306848113
140 9.1846813147936786 0.13834938789710291 0.13120973306848113
141 9.1846813147936786 0.13834938789710291 0.13120973306848113
142 9.1846813147936786 0.13834938789710291 0.13120973306848113
143 9.1846813147936786 0.13834938789710291 0.13120973306848113
144 9.1846813147936786 0.13834938789710291 0.13120973306848113
145 9.1846813147936786 0.13834938789710291 0.13120973306848113
146 9.1846813147936786 0.13834938789710291 0.13120973306848113
147 9.1846813147936786 0.13834938789710291 0.13120973306848113
148 9.1846813147936786 0.13834938789710291 0.13120973306848113
149 9.1846813147936786 0.13834938789710291 0.13120973306848113
150 9.1846813147936786 0.13834938789710291 0.13120973306848113
151 9.1846813147936786 0.13834938789710291 0.13120973306848113
152 9.1846813147936786 0.13834938789710291 0.13120973306848113
153 9.1846813147936786 0.13834938789710291 0.13120973306848113
154 9.1846813147936786 0.13834938789710291 0.13120973306848113
155 9.1846813147936786 0.13834938789710291 0.13120973306848113
156 9.1846813147936786 0.13834938789710291 0.13120973306848113
157 9.1846813147936786 0.13834938789710291 0.13120973306848113
158 9.1846813147936786 0.13834938789710291 0.13120973306848113
159 9.1846813147936786 0.13834938789710291 0.13120973306848113
160 9.1846813147936786 0.13834938789710291 0.13120973306848113
161 9.1846813147936786 0.13834938789710291 0.13120973306848113
162 9.1846813147936786 0.13834938789710291 0.13120973306848113
163 9.1846813147936786 0.13834938789710291 0.13120973306848113
164 9.1846813147936786 0.13834938789710291 0.13120973306848113
165 9.1846813147936786 0.13834938789710291 0.13120973306848113
166 9.1846813147936786 0.13834938789710291 0.13120973306848113
167 9.1846813147936786 0.13834938789710291 0.13120973306848113
168 9.1846813147936786 0.13834938789710291 0.13120973306848113
169 9.1846813147936786 0.13834938789710291 0.13120973306848113
170 9.1846813147936786 0.13834938789710291 0.13120973306848113
171 9.1846813147936786 0.13834938789710291 0.13120973306848113
172 9.1846813147936786 0.13834938789710291 0.13120973306848113
173 9.1846813147936786 0.13834938789710291 0.13120973306848113
174 9.1846813147936786 0.13834938789710291 0.13120973306848113
175 9.1846813147936786 0.13834938789710291 0.13120973306848113
176 9.1846813147936786 0.13834938789710291 0.13120973306848113
177 9.1846813147936786 0.13834938789710291 0.13120973306848113
178 9.1846813147936786 0.13834938789710291 0.13120973306848113
179 9.1846813147936786 0.13834938789710291 0.13120973306848113
180 9.1846813147936786 0.13834938789710291 0.13120973306848113
181 9.1846813147936786 0.13834938789710291 0.13120973306848113
182 9.1846813147936786 0.13834938789710291 0.13120973306848113
183 9.1846813147936786 0.13834938789710291 0.13120973306848113
184 9.1846813147936786 0.13834938789710291 0.13120973306848113
185 9.1846813147936786 0.13834938789710291 0.13120973306848113
186 9.1846813147936786 0.13834938789710291 0.13120973306848113
187 9.1846813147936786 0.13834938789710291 0.13120973306848113
188 9.1846813147936786 0.13834938789710291 0.13120973306848113
189 9.1846813147936786 0.13834938789710291 0.13120973306848113
190 9.1846813147936786 0.13834938789710291 0.13120973306848113
191 9.1846813147936786 0.13834938789710291 0.13120973306848113
192 9.1846813147936786 0.13834938789710291 0.13120973306848113
193 9.1846813147936786 0.13834938789710291 0.13120973306848113
194 9.1846813147936786 0.13834938789710291 0.13120973306848113
195 9.1846813147936786 0.13834938789710291 0.13120973306848113
196 9.1846813147936786 0.13834938789710291 0.13120973306848113
197 9.1846813147936786 0.13834938789710291 0.13120973306848113
198 9.1846813147936786 0.13834938789710291 0.13120973306848113
199 9.1846813147936786 0.13834938789710291 0.13120973306848113
200 9.1846813147936786 0.13834938789710291 0.13120973306848113
201 9.1846813147936786 0.13834938789710291 0.13120973306848113
202 9.1846813147936786 0.13834938789710291 0.13120973306848113
203 9.1846813147936786 0.13834938789710291 0.13120973306848113
204 9.1846813147936786 0.13834938789710291 0.13120973306848113
205 9.1846813147936786 0.13834938789710291 0.13120973306848113
206 9.1846813147936786 0.13834938789710291 0.13120973306848113
207 9.1846813147936786 0.13834938789710291 0.13120973306848113
208 9.1846813147936786 0.13834938789710291 0.13120973306848113
209 9.1846813147936786 0.13834938789710291 0.13120973306848113
210 9.1846813147936786 0.13834938789710291 0.13120973306848113
211 9.1846813147936786 0.13834938789710291 0.13120973306848113
212 9.1846813147936786 0.13834938789710291 0.13120973306848113
213 9.1846813147936786 0.13834938789710291 0.13120973306848113
214 9.1846813147936786 0.13834938789710291 0.13120973306848113
215 9.1846813147936786 0.13834938789710291 0.13120973306848113
216 9.1846813147936786 0.13834938789710291 0.13120973306848113
217 9.1846813147936786 0.13834938789710291 0.13120973306848113
218 9.1846813147936786 0.13834938789710291 0.13120973306848113
219 9.1846813147936786 0.13834938789710291 0.13120973306848113
220 9.1846813147936786 0.13834938789710291 0.13120973306848113
221 9.1846813147936786 0.13834938789710291 0.13120973306848113
222 9.1846813147936786 0.13834938789710291 0.13120973306848113
223 9.1846813147936786 0.13834938789710291 0.13120973306848113
224 9.1846813147936786 0.13834938789710291 0.13120973306848113
225 9.1846813147936786 0.13834938789710291 0.13120973306848113
226 9.1846813147936786 0.13834938789710291 0.13120973306848113
227 9.1846813147936786 0.13834938789710291 0.13120973306848113
228 9.1846813147936786 0.13834938789710291 0.13120973306848113
229 9.1846813147936786 0.13834938789710291 0.13120973306848113
230 9.1846813147936786 0.13834938789710291 0.13120973306848113
231 9.1846813147936786 0.13834938789710291 0.13120973306848113
232 9.1846813147936786 0.13834938789710291 0.13120973306848113
233 9.1846813147936786 0.13834938789710291 0.13120973306848113
234 9.1846813147936786 0.13834938789710291 0.13120973306848113
235 9.1846813147936786 0.13834938789710291 0.13120973306848113
236 9.1846813147936786 0.13834938789710291 0.13120973306848113
237 9.1846813147936786 0.13834938789710291 0.13120973306848113
238 9.1846813147936786 0.13834938789710291 0.13120973306848113
239 9.1846813147936786 0.13834938789710291 0.13120973306848113
240 9.1846813147936786 0.13834938789710291 0.13120973306848113
241 9.1846813147936786 0.13834938789710291 0.13120973306848113
242 9.1846813147936786 0.13834938789710291 0.13120973306848113
243 9.1846813147936786 0.13834938789710291 0.13120973306848113
244 9.1846813147936786 0.13834938789710291 0.13120973306848113
245 9.1846813147936786 0.13834938789710291 0.13120973306848113
246 9.1846813147936786 0.13834938789710291 0.13120973306848113
247 9.1846813147936786 0.13834938789710291 0.13120973306848113
248 9.1846813147936786 0.13834938789710291 0.13120973306848113
249 9.1846813147936786 0.13834938789710291 0.13120973306848113
250 9.1846813147936786 0.13834938789710291 0.13120973306848113
251 9.1846813147936786 0.13834938789710291 0.13120973306848113
252 9.1846813147936786 0.13834938789710291 0.13120973306848113
253 9.1846813147936786 0.13834938789710291 0.13120973306848113
254 9.1846813147936786 0.13834938789710291 0.13120973306848113
255 9.1846813147936786 0.13834938789710291 0.13120973306848113
256 9.1846813147936786 0.13834938789710291 0.13120973306848113
257 9.1846813147936786 0.13834938789710291 0.13120973306848113
258 9.1846813147936786 0.13834938789710291 0.13120973306848113
259 9.1846813147936786 0.13834938789710291 0.13120973306848113
260 9.1846813147936786 0.13834938789710291 0.13120973306848113
261 9.1846813147936786 0.13834938789710291 0.13120973306848113
262 9.1846813147936786 0.13834938789710291 0.13120973306848113
263 9.1846813147936786 0.13834938789710291 0.13120973306848113
264 9.1846813147936786 0.13834938789710291 0.13120973306848113
265 9.1846813147936786 0.13834938789710291 0.13120973306848113
266 9.1846813147936786 0.13834938789710291 0.13120973306848113
267 9.1846813147936786 0.13834938789710291 0.13120973306848113
268 9.1846813147936786 0.13834938789710291 0.13120973306848113
269 9.1846813147936786 0.13834938789710291 0.13120973306848113
270 9.1846813147936786 0.13834938789710291 0.13120973306848113
271 9.1846813147936786 0.13834938789710291 0.13120973306848113
272 9.1846813147936786 0.13834938789710291 0.13120973306848113
273 9.1846813147936786 0.13834938789710291 0.13120973306848113
274 9.1846813147936786 0.13834938789710291 0.13120973306848113
275 9.1846813147936786 0.13834938789710291 0.13120973306848113
276 9.1846813147936786 0.13834938789710291 0.13120973306848113
277 9.1846813147936786 0.13834938789710291 0.13120973306848113
278 9.1846813147936786 0.13834938789710291 0.13120973306848113
279 9.1846813147936786 0.13834938789710291 0.13120973306848113
280 9.1846813147936786 0.13834938789710291 0.13120973306848113
281 9.1846813147936786 0.13834938789710291 0.13120973306848113
282 9.1846813147936786 0.13834938789710291 0.13120973306848113
283 9.1846813147936786 0.13834938789710291 0.13120973306848113
284 9.1846813147936786 0.13834938789710291 0.13120973306848113
285 9.1846813147936786 0.13834938789710291 0.13120973306848113
286 9.1846813147936786 0.13834938789710291 0.13120973306848113
287 9.1846813147936786 0.13834938789710291 0.13120973306848113
288 9.1846813147936786 0.13834938789710291 0.13120973306848113
289 9.1846813147936786 0.13834938789710291 0.13120973306848113
290 9.1846813147936786 0.13834938789710291 0.13120973306848113
291 9.1846813147936786 0.13834938789710291 0.13120973306848113
292 9.1846813147936786 0.13834938789710291 0.13120973306848113
293 9.1846813147936786 0.13834938789710291 0.13120973306848113
294 9.1846813147936786 0.13834938789710291 0.13120973306848113
295 9.1846813147936786 0.13834938789710291 0.13120973306848113
296 9.1846813147936786 0.13834938789710291 0.13120973306848113
297 9.1846813147936786 0.13834938789710291 0.13120973306848113
298 9.1846813147936786 0.13834938789710291 0.13120973306848113
299 9.1846813147936786 0.13834938789710291 0.13120973306848113
300 8.808685658885878 0.13569341305222543 0.12583836655551253
301 8.4156140799222978 0.13182253770982633 0.12022305828460425
302 8.0121871988742068 0.12700145656576575 0.11445981712677439
303 7.604452707412638 0.12147880110539604 0.1086350386773234
304 7.1976862709336249 0.11548145370273098 0.10282408958476608
305 6.7963502511317211 0.10920743012535285 0.097090717873310306
306 6.404103733139566 0.10282276498318904 0.091487196187708092
307 6.023846734621543 0.096461556980519905 0.086054953351736324
308 5.6577859249623632 0.090228057264075151 0.080825513213748049
309 5.3075123654824425 0.084199932591754956 0.075821605221177757
310 4.974084020163378 0.078432060103955231 0.071058343145191119
311 4.6581078341773745 0.072960413872335872 0.066544397631105354
312 4.3598176776331918 0.067805748555153034 0.062283109680474166
313 4.0791458932251672 0.062976914771727108 0.058273512760359532
314 3.8157871630747433 0.058473725186346026 0.054511245186782048
315 3.5692542288756264 0.054289354928447317 0.050989346126794663
316 3.3389255249396559 0.050412298083013139 0.047698936070566515
317 3.1240851600125636 0.046827924419012255 0.044629788000179478
318 2.9239558936400809 0.043519690556023151 0.041770798480572587
319 2.7377258583630906 0.040470061293968997 0.039110369405187008
320 2.5645698211839774 0.037661194107205198 0.03663671173119968
321 2.4036657570066517 0.035075433948239469 0.034338082242952171
322 2.2542074657285154 0.032695659112366764 0.032202963796121649
323 2.1154138954282078 0.0305055120240709 0.030220198506117252
324 1.9865357636009351 0.028489542731276376 0.028379082337156216
325 1.8668599963380854 0.026633287220764305 0.026669428519115506
326 1.755712424652105 0.024923298173564125 0.025081606066458643
327 1.6524591179970232 0.023347141651886408 0.023606558828528901
328 1.5565066661418732 0.021893370332037147 0.022235809516312474
329 1.4673016693115837 0.020551481022134655 0.020961452418736908
330 1.3843296471355091 0.01931186246851389 0.019776137816221558
331 1.3071135374450782 0.018165737909996045 0.018673050534929687
332 1.2352119111514273 0.017105104613005056 0.017645884445020389
333 1.1682170333215316 0.016122675105083667 0.016688814761736167
334 1.1057528154802667 0.015211817968421536 0.015796468792575239
335 1.0474727538336313 0.014366502343371605 0.01496389648333759
336 0.99305787946169 0.013581244769146213 0.014186541135167
337 0.9422147628360481 0.012851060144844875 0.01346021089765783
338 0.89467361547239266 0.012171416975296993 0.012781051649605609
339 0.85018643594288856 0.011538193505975999 0.012145520513469836
340 0.80852531723668197 0.010947641193520151 0.011550361674809743
341 0.76948080521602147 0.010396347801284584 0.01099258293165745
342 0.73286041459615192 0.0098812070950064362 0.010469434494230741
343 0.69848720622845861 0.0093993881750560546 0.0099783886604065519
344 0.66619851311932299 0.0089483108335073284 0.0095171216159903281
345 0.63584473070311631 0.0085256207228792472 0.0090834961529016617
346 0.60728821640677288 0.0081291680652285769 0.0086755459486681837
347 0.58040229614414673 0.0077569889956274696 0.0082914613734878101
348 0.55507031401141516 0.0074072871943332693 0.0079295759144487887
349 0.53118479526265527 0.0070784185430567163 0.0075883542180379326
350 0.50864667270509112 0.0067688771178863417 0.0072663810386441588
351 0.48736456879487439 0.006477282028370366 0.0069623509827839202
352 0.46725416815613086 0.006202366917088609 0.0066750595450875833
353 0.44823759097280591 0.0059429675689895529 0.0064033941567543705
354 0.43024288404555155 0.0056980145338244087 0.006146326914936451
355 0.41320351325903043 0.0054665235464171425 0.0059029073322718634
356 0.39705791886100472 0.0052475883008538168 0.0056722559837286387
357 0.381749102447977 0.0050403733651351521 0.0054535586063996716
358 0.36722426370261019 0.0048441085006152799 0.005246060910037288
359 0.35343443977404909 0.0046580819197405967 0.0050490634253435585
360 0.34033420694038302 0.0044816360829971072 0.0048619172420054715
361 0.32788140046209197 0.0043141631322102039 0.0046840200066013138
362 0.31603684009684418 0.0041550999868109773 0.0045148120013834879
363 0.30476410111629393 0.0040039250110685655 0.0043537728730899134
364 0.2940293053343434 0.0038601550118187149 0.0042004186476334773
365 0.28380090401115121 0.0037233409483937753 0.004054298628730732
366 0.27404951134818989 0.0035930661063583152 0.0039149930192598553
367 0.26474773336676394 0.0034689431368884827 0.0037821104766680561
368 0.25587001574396112 0.0033506116995330468 0.0036552859391994446
369 0.24739250461572954 0.003237736340519702 0.0035341786373675648
370 0.23929291877488429 0.0031300045345472975 0.0034184702682126325
371 0.23155043236894624 0.0030271248974128805 0.0033078633195563747
372 0.22414556726219342 0.0029288255533513165 0.003202079532317049
373 0.21706009416877362 0.0028348526451571318 0.0031008584881253372
374 0.21027694176598583 0.0027449689676027149 0.0030039563109426548
375 0.20378011313357045 0.0026589527179953884 0.0029111444733367206
376 0.1975546088663114 0.0025765963516532499 0.002822208698090163
377 0.1915863562844386 0.0024977055322406502 0.0027369479469205515
378 0.18586214420468039 0.0024220981682574177 0.0026551734886382911
379 0.18036956279996172 0.0023496035268400182 0.002576708039999453
380 0.17509694807333309 0.0022800614155051003 0.002501384972476187
381 0.17003333102925838 0.0022133214657915081 0.0024290475861322627
382 0.16516839243177719 0.0021492422661043213 0.002359548463311103
383 0.16049240791228075 0.0020876912512803711 0.0022927486844611538
384 0.15599622725525983 0.0020285434281690018 0.0022285175322179977
385 0.15167122059511934 0.0019716811823447767 0.0021667317227874192
386 0.14750924997359677 0.00191699378442238 0.0021072749996228109
387 0.14350263746505487 0.0018643769398356189 0.0020500376780722123
388 0.13964413375941606 0.001813732262048257 0.0019949161965630868
389 0.13592689287717308 0.0017649670606708578 0.0019418127553881869
390 0.1323444436565448 0.001717993714224629 0.0018906349093792115
391 0.12889066799027318 0.0016727295242407781 0.0018412952570039027
392 0.12555977787935946 0.0016290963161871672 0.001793711112562278
393 0.12234629590864882 0.0015870202430868067 0.0017478042272664116
394 0.11924503610877379 0.0015464315222973736 0.0017035005158396257
395 0.1162510835884157 0.0015072639198021865 0.0016607297655487957
396 0.11335978199250965 0.0014694549241754365 0.0016194254570358522
397 0.1105667137730279 0.0014329451021152723 0.0015795244824718271
398 0.1078676906955621 0.001397678376222159 0.0015409670099366013
399 0.10525873541210584 0.0013636013527261624 0.0015036962201729405
400 0.10273607763578717 0.0013306635930924078 0.0014676582519398166
401 0.10029611992089514 0.0012988168703267221 0.0014328017131556448
402 0.097935464620597601 0.0012680157467098506 0.0013990780660085372
403 0.095650865477645536 0.0012382170901983451 0.0013664409353949362
404 0.093439239683319464 0.0012093795039267985 0.0013348462811902781
405 0.09129765376862306 0.0011814642096349213 0.0013042521966946151
406 0.089223319815839086 0.0011544336690820069 0.0012746188545119869
407 0.087213575307780067 0.0011282527674380508 0.0012459082186825725
408 0.085265890994061122 0.00110288753676804 0.001218084157058016
409 0.083377851027920807 0.0010783059946963896 0.0011911121575417258
410 0.081547153076149251 0.0010544777244820627 0.0011649593296592751
411 0.079771604214589481 0.0010313732887981834 0.0011395943459227068
412 0.078049108039055654 0.0010089651491372923 0.001114987257700795
413 0.076377666188018667 0.0009872266290733866 0.0010911095169716953
414 0.074755370458124248 0.00096613247522438119 0.0010679338636874892
415 0.073180397748149134 0.00094565854455209086 0.0010454342535449876
416 0.071651006069628626 0.0009257817763450968 0.0010235858009946947
417 0.07016553225122879 0.00090648017762472036 0.0010023647464461256
418 0.068722380700362087 0.00088773252342470464 0.00098174829571945842
419 0.067320030753702159 0.00086951888277258355 0.00096171472505288797
420 0.065957024984609106 0.00085182009170291229 0.00094224321406584431
421 0.064631968297713602 0.00083461753996065763 0.00092331383282447999
422 0.063343526052466265 0.00081789365724621122 0.00090490751503523239
423 0.062090420933553735 0.00080163162823862261 0.00088700601333648195
424 0.060871425384262372 0.00078581515138102657 0.00086959179120374821
425 0.059685367160940257 0.00077042892648110665 0.00085264810229914649
426 0.058531120386155357 0.00075545808059224553 0.00083615886265936228
427 0.057407605850722819 0.0007408884004209916 0.00082010865501032598
428 0.056313788858110052 0.00072670637888592885 0.00080448269797300071
429 0.055248675431803791 0.00071289879616291349 0.0007892667918829113
430 0.054211312583825014 0.00069945308291293916 0.00077444732262607163
431 0.053200785634026644 0.00068635737902450586 0.00076001122334323778
432 0.052216215302794043 0.00067359998015386637 0.00074594593289705781
433 0.051256757639690814 0.00066116992260908307 0.00073223939485272591
434 0.05032160151834468 0.00064905646144347063 0.0007188800216906383
435 0.049409967145274236 0.0006372494380938199 0.00070585667350391761
436 0.048521105372080486 0.00062573895768997401 0.00069315864817257836
437 0.047654295243994706 0.00061451563294568723 0.00068077564634278149
438 0.046808843678111355 0.00060357030235910129 0.00066869776683016219
439 0.045984083806310173 0.0005928943137629547 0.00065691548294728817
440 0.045179373518704172 0.00058247916126131962 0.0006454196216957739
441 0.044394094570804635 0.00057231675316535757 0.00063420135101149475
442 0.043627653848198972 0.00056239949007552009 0.00062325219783141393
443 0.042879476595932463 0.00055271968158106233 0.00061256395137046374
444 0.042149011128972229 0.00054327011252045324 0.00060212873041388894
445 0.041435726137432821 0.00053404390196484992 0.0005919389448204689
446 0.040739108581873566 0.00052503428289640917 0.0005819872654553367
447 0.040058664715725938 0.00051623484274985565 0.00057226663879608481
448 0.039393917791089514 0.00050763931898630097 0.00056277025415842161
449 0.038744408430002465 0.00049924173449982054 0.00055349154900003524
450 0.038109693715710991 0.00049103630266056993 0.00054442419593872841
451 0.037489344916610885 0.0004830173496842531 0.00053556207023729835
452 0.036882949948558556 0.00047517957451750258 0.00052689928497940796
453 0.036290110347355235 0.00046751776794952811 0.00051843014781936055
454 0.035710441289766408 0.00046002690030998812 0.00051014916128237721
455 0.035143571196281732 0.00045270212142246386 0.00050205101708973902
456 0.034589141157812704 0.00044553874876616175 0.00049413058796875296
457 0.034046804421970438 0.00043853225972171196 0.00048638292031386341
458 0.033516225910076976 0.00043167828495729844 0.00047880322728681397
459 0.032997081757594152 0.00042497260229066702 0.00047138688225134502
460 0.032489058875591482 0.00041841113087557312 0.00046412941250844974
461 0.031991854850338869 0.00041198995715388916 0.00045702649786198381
462 0.031505176217619661 0.00040570520659661793 0.00045007394596599515
463 0.031028740051831229 0.00039955320319711335 0.00044326771502616042
464 0.030562273135277214 0.00039353046423350131 0.00043660390193253162
465 0.030105508430987516 0.00038763334890400006 0.0004300786918712502
466 0.029658191043549678 0.00038185867794464243 0.0004236884434792811
467 0.029220072211291429 0.0003762031871576902 0.00041742960301844895
468 0.028790911849483659 0.00037066379005703913 0.00041129874070690943
469 0.028370475417988528 0.00036523730466037063 0.00040529250597126469
470 0.027958538824815797 0.00035992092660572879 0.00039940769749736852
471 0.027554883214107265 0.0003547117872186773 0.00039364118877296093
472 0.027159297245209348 0.00034960717093205561 0.00038798996064584785
473 0.026771574354371313 0.00034460429236926089 0.00038245106220530445
474 0.026391516833696841 0.00033970065753041821 0.00037702166905281202
475 0.026018931657500962 0.00033489374433874381 0.00037169902367858515
476 0.025653632308056236 0.00033018116153329691 0.00036648046154366052
477 0.025295436316535545 0.00032556045638963341 0.00036136337595050777
478 0.024944168758150299 0.00032102940782848346 0.00035634526797357572
479 0.02459965895779994 0.00031658579399281109 0.00035142369939714199
480 0.024261741882407158 0.00031222750583255509 0.00034659631260581652
481 0.023930255861911977 0.00030795236880081455 0.00034186079802731397
482 0.02360504578373477 0.0003037584093471457 0.00033721493976763959
483 0.02328596032506294 0.00029964366215034691 0.00033265657607232772
484 0.022972853057870626 0.00029560626090455731 0.00032818361511243751
485 0.022665580412249628 0.00029164427142500576 0.00032379400588928041
486 0.022364004505055924 0.00028775594037135061 0.00031948577864365606
487 0.022067991279841759 0.0002839395598942046 0.00031525701828345368
488 0.021777409054174 0.00028019335952281531 0.00031110584363105715
489 0.021492131498897196 0.00027651572926415174 0.00030703044998424563
490 0.021212035691364709 0.00027290510395267301 0.00030302908130521014
491 0.020937000801182007 0.0002693598640572551 0.00029910001144545722
492 0.020666910860401309 0.00026587852808162546 0.00029524158372001868
493 0.020401652985270278 0.00026245965900046627 0.00029145218550386112
494 0.020141116221371914 0.00025910177297702399 0.00028773023173388451
495 0.019885194295630012 0.00025580352489932548 0.0002840742042232859
496 0.019633782346725789 0.00025256353968374173 0.00028048260495322556
497 0.01938677943178671 0.00024938050607485352 0.00027695399188266728
498 0.019144087338384137 0.000246253172771912 0.00027348696197691623
499 0.018905609597813174 0.00024318026638168311 0.00027008013711161678
500 0.018671253437945744 0.00024016059544990383 0.00026673219197065351
501 0.018440927695665296 0.00023719298297008424 0.00026344182422378991
502 0.018214544270368168 0.00023427626999497015 0.00026020777529097382
503 0.017992017042079974 0.00023140937261334967 0.0002570288148868568
504 0.017773262255802409 0.00022859116279223525 0.00025390374651146298
505 0.017558198533090021 0.00022582064057645603 0.00025083140761557175
506 0.017346746216189025 0.00022309671250866109 0.00024781066023127178
507 0.017138828342653411 0.00022041845035688292 0.00024484040489504872
508 0.016934369155979574 0.0002177848011116565 0.00024191955937113678
509 0.016733295784155559 0.00021519489582955801 0.00023904708263079369
510 0.016535536201735965 0.00021264772740057846 0.00023622194573908522
511 0.016341021319904052 0.00021014247535273243 0.00023344316171291504
512 0.016149682683230849 0.00020767818226613216 0.00023070975261758355
513 0.015961454706632437 0.00020525406761871774 0.00022802078152332053
514 0.01577627234448863 0.00020286922550256608 0.00022537531920698042
515 0.015594072883026786 0.00020052286306241357 0.00022277246975752551
516 0.015414795756091507 0.00019821426966107922 0.00022021136794416439
517 0.015238380054133277 0.00019594254368824921 0.00021769114363047538
518 0.015064768464665534 0.00019370703916626907 0.00021521097806665051
519 0.014893903336715012 0.0001915069313471398 0.00021277004766735732
520 0.014725729545976217 0.00018934153783698552 0.0002103675649425174
521 0.014560193588090903 0.00018721022200471238 0.00020800276554415576
522 0.014397241706478584 0.00018511219692241582 0.00020567488152112263
523 0.014236822851557165 0.00018304684198440635 0.00020338318359367378
524 0.014078886818755782 0.00018101351154827799 0.00020112695455365404
525 0.013923384630568811 0.00017901157797304385 0.00019890549472241159
526 0.013770268497413697 0.00017704043071152612 0.00019671812139162426
527 0.013619491779168739 0.00017509947484036856 0.00019456416827383913
528 0.013471008486938251 0.0001731880773046278 0.00019244297838483216
529 0.013324774453812279 0.00017130570614443997 0.00019035392076874685
530 0.013180745627462451 0.00016945173416568036 0.00018829636610660644
531 0.013038880252770264 0.00016762569056070562 0.00018626971789671807
532 0.012899136144288169 0.00016582696070213668 0.00018427337348983098
533 0.012761473512753408 0.00016405509866084016 0.00018230676446790583
534 0.012625852147642867 0.00016230952321938077 0.00018036931639489809
535 0.012492233983753388 0.00016058979817956106 0.00017846048548219125
536 0.012360581025726899 0.00015889541112435314 0.0001765797289389557
537 0.012230856358232015 0.00015722588380456655 0.00017472651940331451
538 0.012103023419328604 0.00015558069478175226 0.00017290033456183719
539 0.011977047869419558 0.00015395948659758615 0.00017110068384885082
540 0.0118528948437732 0.00015236176945870964 0.00016932706919675999
541 0.011730530661788656 0.00015078710713795887 0.00016757900945412366
542 0.011609922403147843 0.00014923507360202977 0.00016585603433068348
543 0.011491037892421715 0.00014770525318453048 0.00016415768417745309
544 0.011373845682448086 0.00014619724061000488 0.00016248350974925837
545 0.011258315034309957 0.00014471064065696277 0.00016083307191871367
546 0.011144415891911829 0.00014324506723696257 0.00015920594131302613
547 0.011032118442356612 0.00014180009962095496 0.00015760169203366588
548 0.010921394621037452 0.00014037544393403299 0.00015601992315767788
549 0.010812215984414637 0.00013897070369208651 0.00015446022834878051
550 0.010704554563928539 0.00013758548061291564 0.000152922208056122
551 0.010598384114709649 0.00013621949814947195 0.00015140548735299497
552 0.010493677999086277 0.00013487238741887838 0.00014990968570123252
553 0.01039040994747824 0.00013354376987820244 0.00014843442782111772
554 0.010288555491561567 0.00013223339498069311 0.00014697936416516524
555 0.010188089600171346 0.00013094091236667493 0.00014554413714530493
556 0.010088987634741593 0.00012966596622848196 0.00014412839478202276
557 0.009991226704169116 0.00012840832549023949 0.00014273181005955879
558 0.0098947832924811078 0.0001271676585197894 0.00014135404703544439
559 0.0097996346944071132 0.00012594367073095789 0.00013999478134867305
560 0.0097057582650490193 0.00012473603358774467 0.00013865368950070027
561 0.0096131330921576611 0.00012354454625248696 0.00013733047274510943
562 0.0095217374746245243 0.00012236889581277645 0.00013602482106606464
563 0.0094315505364891295 0.00012120881131947013 0.00013473643623555898
564 0.0093425518256980179 0.0001200640267593218 0.00013346502608140026
565 0.0092547213058845803 0.00011893428101382904 0.00013221030436977972
566 0.0091680393506654995 0.00011781931791436017 0.00013097199072379284
567 0.0090824870134443084 0.00011671891183493574 0.00012974981447777583
568 0.0089980452250877224 0.00011563279904935435 0.00012854350321553888
569 0.0089146958688091846 0.00011456076838720875 0.00012735279812584551
570 0.0088324205453476825 0.00011350255717008412 0.00012617743636210974
571 0.008751201662622823 0.00011245794460125488 0.00012501716660889747
572 0.0086710222696474125 0.0001114267445624615 0.00012387174670924875
573 0.0085918647624073745 0.00011040868114965967 0.00012274092517724821
574 0.0085137127306511313 0.00010940356113981607 0.00012162446758073044
575 0.0084365501924923338 0.00010841120784382363 0.00012052214560703334
576 0.008360360565386556 0.00010743136012801843 0.00011943372236266508
577 0.008285128409607977 0.00010646383828206217 0.00011835897728011395
578 0.0082108383466297005 0.00010550844403556675 0.00011729769066613858
579 0.0081374756186313908 0.00010456501612161821 0.00011624965169473415
580 0.0080650248519337098 0.00010363330624825214 0.00011521464074191014
581 0.0079934718139779599 0.0001027131528985635 0.00011419245448539942
582 0.0079228022861313058 0.00010180437285492386 0.00011318288980187579
583 0.0078530023239542536 0.00010090678647941822 0.00011218574748506077
584 0.0077840585096060223 0.00010002024629566834 0.00011120083585151461
585 0.0077159569199128988 9.9144526171634012e-05 0.0001102279559987557
586 0.0076486846358559991 9.8279481066679329e-05 0.00010926692336937142
587 0.007582228746378923 9.7424944640627352e-05 0.00010831755351969889
588 0.0075165765848205111 9.6580753726012295e-05 0.00010737966549743588
589 0.0074517157234574097 9.5746748261103958e-05 0.00010645308176367728
590 0.0073876339681944337 9.4922771225813704e-05 0.00010553762811706334
591 0.0073243193533989726 9.4108668580037932e-05 0.00010463313361998533
592 0.0072617602898461791 9.3304310244161565e-05 0.00010373943271208828
593 0.0071999449225829786 9.2509505011516564e-05 0.00010285635603689969
594 0.0071388621122896205 9.1724128225708471e-05 0.00010198374446128029
595 0.0070785007574910627 9.0948036910186181e-05 0.00010112143939272947
596 0.0070188499613176815 9.0181090745046415e-05 0.00010026928516168116
597 0.0069598990270991054 8.9423152010837946e-05 9.9427128958558644e-05
598 0.0069016374540718526 8.8674085532714482e-05 9.8594820772455032e-05
599 0.0068440549331988034 8.7933758624665785e-05 9.7772213331411481e-05
600 0.006787141343098449 8.7202041033626946e-05 9.6959162044263551e-05
601 0.0067308867460809723 8.6478804883328289e-05 9.6155524944013893e-05
602 0.0066752813842864342 8.5763924617790385e-05 9.5361162632663342e-05
603 0.0066203156759169577 8.5057276944385186e-05 9.4575938227385115e-05
604 0.00656598021155107 8.4358740776383073e-05 9.379971730787243e-05
605 0.006512265548608496 8.3668174736453252e-05 9.3032364980121375e-05
606 0.0064591629479862425 8.2985498786064391e-05 9.2273756399803458e-05
607 0.0064066633473726159 8.2310582615835435e-05 9.1523762105323088e-05
608 0.0063547579887139414 8.1643313422838739e-05 9.0782256981627736e-05
609 0.006303438086607608 8.0983559313982126e-05 9.0049115522965832e-05
610 0.0062526955106045647 8.0331248334482386e-05 8.932422158006521e-05
611 0.0062025218117830608 7.9686257136306248e-05 8.860745445404372e-05
612 0.0061529088313139078 7.9048480602975066e-05 8.7898697590198678e-05
613 0.0061038485525831652 7.8417815437588646e-05 8.7197836465473789e-05
614 0.0060553329412538553 7.7794141633165381e-05 8.6504756303626507e-05
615 0.0060073545476262268 7.7177393551564123e-05 8.5819350680374672e-05
616 0.0059599056293078295 7.6567457475999181e-05 8.5141508990111848e-05
617 0.0059129787103301603 7.59642370883065e-05 8.4471124433287999e-05
618 0.0058665664430619293 7.5367637720106159e-05 8.3808092043741845e-05
619 0.0058206616056203373 7.4777566320363399e-05 8.3152308651719098e-05
620 0.0057752570993454032 7.4193931423994274e-05 8.2503672847791473e-05
621 0.0057303459463356639 7.3616643121443085e-05 8.1862084947652343e-05
622 0.0056859212870434732 7.3045613029147169e-05 8.1227446957763904e-05
623 0.0056419763779279718 7.2480754260797643e-05 8.0599662541828168e-05
624 0.0055985044396187414 7.1921964143439976e-05 7.9978634851696304e-05
625 0.0055554992512558878 7.1369192843242772e-05 7.9364275017941249e-05
626 0.0055129542578163764 7.0822341143102435e-05 7.8756489397376807e-05
627 0.0054708631575438055 7.0281327883726965e-05 7.8155187964911512e-05
628 0.0054292197536910634 6.9746073262432721e-05 7.7560282195586624e-05
629 0.0053880179524676127 6.9216498807050958e-05 7.6971685035251606e-05
630 0.0053472517610319847 6.8692527350302802e-05 7.6389310871885502e-05
631 0.0053069152855280905 6.8174083004616501e-05 7.5813075507544147e-05
632 0.0052670027291640492 6.7661091137367267e-05 7.5242896130914993e-05
633 0.0052275083903323962 6.7153478346527887e-05 7.4678691290462799e-05
634 0.0051884266607706477 6.6651172436723072e-05 7.4120380868152109e-05
635 0.0051497520237611914 6.615410239568868e-05 7.3567886053731304e-05
636 0.0051114790523697157 6.566219837113962e-05 7.3021129319567361e-05
637 0.0050736024077214191 6.5175391648055158e-05 7.2480034396020277e-05
638 0.0050361168373142537 6.469361462639344e-05 7.1944526247346482e-05
639 0.0049990171733685944 6.4216800799247019e-05 7.1414531048122771e-05
640 0.0049622983312127625 6.3744884731453008e-05 7.0889976160182328e-05
641 0.0049259553077037384 6.3277802038669363e-05 7.0370790110053412e-05
642 0.004889983179682568 6.2815489366928315e-05 6.9856902566893826e-05
643 0.0048543771024637467 6.2357884372673888e-05 6.9348244320910672e-05
644 0.0048191323083580642 6.1904925703288298e-05 6.884474726225806e-05
645 0.0047842441052281248 6.1456552978108144e-05 6.8346344360401779e-05
646 0.0047497078750759619 6.1012706769927236e-05 6.7852969643942315e-05
647 0.0047155190726618623 6.0573328586979333e-05 6.7364558180883744e-05
648 0.0046816732241537796 6.0138360855390449e-05 6.6881046059339704e-05
649 0.0046481659258064082 5.9707746902087944e-05 6.6402370368662977e-05
650 0.0046149928426692044 5.9281430938149501e-05 6.5928469180988639e-05
651 0.0045821497073224964 5.8859358042575243e-05 6.5459281533178522e-05
652 0.0045496323186408729 5.8441474146462732e-05 6.4994747409155326e-05
653 0.0045174365405830866 5.8027726017566363e-05 6.453480772261552e-05
654 0.0044855583010076855 5.7618061245219572e-05 6.4079404300109797e-05
655 0.0044539935905136109 5.7212428225602575e-05 6.362847986448015e-05
656 0.0044227384613051068 5.6810776147335373e-05 6.3181978018644387e-05
657 0.0043917890260802188 5.6413054977379518e-05 6.2739843229717412e-05
658 0.004361141456942259 5.6019215447233466e-05 6.2302020813460846e-05
659 0.0043307919843336646 5.5629209039406179e-05 6.1868456919052356e-05
660 0.0043007368959916163 5.5242987974157519e-05 6.1439098514165947e-05
661 0.0042709725359249499 5.4860505196494305e-05 6.1013893370356425e-05
662 0.004241495303411817 5.4481714363412305e-05 6.0592790048740241e-05
663 0.0042123016520175804 5.4106569831376929e-05 6.0175737885965436e-05
664 0.0041833880886325645 5.3735026644035536e-05 5.9762686980465205e-05
665 0.0041547511725291203 5.3367040520156043e-05 5.9353588178987434e-05
666 0.0041263875144376579 5.3002567841787045e-05 5.8948393063395111e-05
667 0.0040982937756411783 5.2641565642635662e-05 5.854705393773112e-05
668 0.0040704666670879517 5.2283991596659757e-05 5.8149523815542165e-05
669 0.0040429029485219139 5.1929804006871521e-05 5.7755756407455916e-05
670 0.0040155994276304388 5.1578961794350007e-05 5.7365706109006271e-05
671 0.0039885529592090822 5.1231424487460039e-05 5.6979327988701172e-05
672 0.0039617604443429686 5.0887152211274932e-05 5.6596577776328122e-05
673 0.0039352188296044536 5.0546105677201067e-05 5.6217411851492194e-05
674 0.0039089251062666992 5.0208246172801746e-05 5.5841787232381418e-05
675 0.0038828763095328498 4.9873535551817799e-05 5.5469661564754998e-05
676 0.003857069517780469 4.9541936224382137e-05 5.5100993111149555e-05
677 0.0038315018518208753 4.9213411147425944e-05 5.4735740740298218e-05
678 0.0038061704741731181 4.8887923815273128e-05 5.4373863916758833e-05
679 0.0037810725883522054 4.8565438250420512e-05 5.4015322690745791e-05
680 0.0037562054381713394 4.8245918994500056e-05 5.3660077688161993e-05
681 0.0037315663070578184 4.7929331099420052e-05 5.3308090100825975e-05
682 0.0037071525173822946 4.761564011868226e-05 5.2959321676889924e-05
683 0.0036829614298011502 4.7304812098870918e-05 5.2613734711445002e-05
684 0.0036589904426116474 4.69968135713104e-05 5.2271292037309247e-05
685 0.0036352369911196009 4.6691611543888043e-05 5.1931957015994299e-05
686 0.0036116985470193022 4.6389173493038538e-05 5.1595693528847174e-05
687 0.0035883726177854043 4.6089467355885971e-05 5.1262465968362919e-05
688 0.0035652567460765388 4.5792461522540384e-05 5.0932239229664839e-05
689 0.0035423485091503649 4.5498124828545175e-05 5.0604978702148071e-05
690 0.0035196455182898425 4.5206426547471783e-05 5.0280650261283465e-05
691 0.0034971454182404715 4.4917336383658074e-05 4.9959220260578162e-05
692 0.0034748458866582267 4.4630824465087711e-05 4.9640655523688952e-05
693 0.0034527446335680108 4.4346861336406467e-05 4.9324923336685868e-05
694 0.0034308394008323528 4.4065417952072588e-05 4.9011991440462181e-05
695 0.0034091279616301597 4.3786465669638257e-05 4.8701828023287997e-05
696 0.0033876081199452688 4.3509976243159005e-05 4.8394401713503842e-05
697 0.0033662777100646464 4.3235921816727831e-05 4.8089681572352091e-05
698 0.0033451345960859606 4.2964274918131748e-05 4.7787637086942292e-05
699 0.0033241766714343854 4.2695008452627477e-05 4.748823816334836e-05
700 0.0033034018583884017 4.2428095696834023e-05 4.7191455119834312e-05
