index sum SD mean
25 0.0 0.0 0.0
26 0.0 0.0 0.0
27 0.0 0.0 0.0
28 0.0 0.0 0.0
29 0.0 0.0 0.0
30 0.0 0.0 0.0
31 0.0 0.0 0.0
32 0.0 0.0 0.0
33 0.0 0.0 0.0
34 0.0 0.0 0.0
35 0.0 0.0 0.0
36 0.0 0.0 0.0
37 0.0 0.0 0.0
38 0.0 0.0 0.0
39 0.0 0.0 0.0
40 0.0 0.0 0.0
41 0.0 0.0 0.0
42 0.0 0.0 0.0
43 0.0 0.0 0.0
44 0.0 0.0 0.0
45 0.0 0.0 0.0
46 0.0 0.0 0.0
47 0.0 0.0 0.0
48 0.0 0.0 0.0
49 0.0 0.0 0.0
50 0.0 0.0 0.0
51 0.0 0.0 0.0
52 0.0 0.0 0.0
53 0.0 0.0 0.0
54 0.0 0.0 0.0
55 0.0 0.0 0.0
56 0.0 0.0 0.0
57 0.0 0.0 0.0
58 0.0 0.0 0.0
59 0.0 0.0 0.0
60 0.025927407479815114 1.2863106256934293e-07 0.00021606172899845929
61 0.090135468882536499 9.4938599570319985e-07 0.00075112890735447085
62 0.18253199248777649 3.2455395897386979e-06 0.0015210999373981373
63 0.29938296855730873 7.9410680489780895e-06 0.0024948580713109059
64 0.43848878456513707 1.6077628620908517e-05 0.0036540732047094754
65 0.598358660928904 2.880435160652704e-05 0.0049863221744075332
66 0.77790676833609007 4.7373289024704474e-05 0.0064825564028007506
67 0.9763076607167851 7.3138074639281914e-05 0.0081358971726398759
68 1.1929167760336263 0.00010755467286001327 0.009940973133613553
69 1.4272223406592417 0.00015218361784518923 0.011893519505493682
70 1.678814181886088 0.00020869334595414039 0.013990118182384067
71 1.9473621761609226 0.00027886392985398804 0.016228018134674355
72 2.2325993964067417 0.00036458859158674113 0.018604994970056181
73 2.5343032318394414 0.00046786315654606133 0.02111919359866201
74 2.8522599574817455 0.00059073452723901838 0.023768832979014547
75 3.1861823975663688 0.00073514474928905666 0.026551519979719738
76 3.5355319378829297 0.00090257218794482542 0.029462766149024416
77 3.8991946707415504 0.0010933865295146342 0.032493288922846253
78 4.2750058394043302 0.0013059649849514951 0.035625048661702755
79 4.6592192569519275 0.0015358577456933728 0.038826827141266063
80 5.0461385948855773 0.0017754943356583165 0.042051154957379808
81 5.4281724648980916 0.0020148495295933232 0.045234770540817433
82 5.7964664491493458 0.0022430619416830473 0.048303887076244549
83 6.1420255636564614 0.002450466646502507 0.051183546363803845
84 6.45700694980217 0.0026302652658346647 0.05380839124835142
85 6.7357836114963954 0.0027792833085751516 0.056131530095803295
86 6.975495356614541 0.0028977453005561474 0.05812912797178784
87 7.1760232055412754 0.0029883928438890588 0.059800193379510626
88 7.3395168957547314 0.0030553900713180264 0.061162640797956094
89 7.4696943094761235 0.0031033580664646988 0.062247452578967695
90 7.5711179277040941 0.0031367019813143631 0.063092649397534117
91 7.648583752587613 0.0031592360055636157 0.063738197938230115
92 7.7066813478947926 0.0031740472662828115 0.064222344565789943
93 7.7495256768177292 0.0031835085500924527 0.064579380640147746
94 7.7806306413932562 0.003189369577687342 0.064838588678277131
95 7.8028839557175136 0.0031928759696206858 0.065024032964312611
96 7.8185854859173203 0.0031948870958979575 0.065154879049310999
97 7.8295191347867901 0.0031959785825250958 0.06524599278988992
98 7.8370372677043809 0.0031965249119561058 0.065308643897536503
99 7.8421445045479663 0.0031967623682470788 0.065351204204566388
100 7.8455735641648587 0.0031968351239203912 0.065379779701373819
101 7.8478499136868365 0.0031968277635571964 0.065398749280723631
102 7.8493445123198251 0.0031967875419285515 0.065411204269331877
103 7.8503153971296982 0.003196739040150067 0.065419294976080816
104 7.8509395693758455 0.0031966940078123644 0.065424496411465374
105 7.8513368140164781 0.0031966568486556362 0.065427806783470654
106 7.8515871542893141 0.0031966281182122169 0.065429892952410945
107 7.8517434207652066 0.0031966070097389542 0.065431195173043383
108 7.8518400632112169 0.003196592053976351 0.06543200052676014
109 7.8518992946416883 0.0031965817634318269 0.065432494122014073
110 7.8519352805280676 0.0031965748523565631 0.065432794004400566
111 7.8519569589144265 0.0031965703058633122 0.065432974657620227
112 7.851969910900757 0.0031965673630540417 0.065433082590839645
113 7.8519775842451214 0.0031965654637091463 0.065433146535376005
114 7.8519820942070266 0.0031965642986012239 0.065433184118391885
115 7.8519847288912832 0.0031965635872177405 0.06543320607409403
116 7.8519862574329204 0.0031965631031382943 0.065433218811941002
117 7.8519871392580303 0.0031965628518766769 0.065433226160483582
118 7.8519876429687931 0.003196562710390087 0.065433230358073274
119 7.8519879296688222 0.0031965626196083399 0.06543323274724018
120 7.8519880919215801 0.0031965625642649651 0.065433234099346496
121 7.8519881830745799 0.0031965625321594229 0.065433234858954831
122 7.8519882340419738 0.0031965625108536055 0.065433235283683111
123 7.8519882624215098 0.0031965624997492923 0.065433235520179253
124 7.8519882780830104 0.0031965624939163965 0.065433235650691757
125 7.8519882866936834 0.0031965624905855384 0.065433235722447358
126 7.8519882914239592 0.0031965624886925712 0.065433235761866326
127 7.8519882939923376 0.0031965624877852389 0.065433235783269483
128 7.8519882954024638 0.0031965624871969729 0.065433235795020528
129 7.8519882961663088 0.0031965624868526762 0.065433235801385908
130 7.851988296548436 0.0031965624863073269 0.065433235804570306
131 7.8519882967377246 0.0031965624863855365 0.06543323580614771
132 7.8519882968377219 0.0031965624866654059 0.065433235806981016
133 7.8519882968377219 0.0031965624866654059 0.065433235806981016
134 7.8519882968377219 0.0031965624866654059 0.065433235806981016
135 7.8519882968377219 0.0031965624866654059 0.065433235806981016
136 7.8519882968377219 0.0031965624866654059 0.065433235806981016
137 7.8519882968377219 0.0031965624866654059 0.065433235806981016
138 7.8519882968377219 0.0031965624866654059 0.065433235806981016
139 7.8519882968377219 0.0031965624866654059 0.065433235806981016
140 7.8519882968377219 0.0031965624866654059 0.065433235806981016
141 7.8519882968377219 0.0031965624866654059 0.065433235806981016
142 7.8519882968377219 0.0031965624866654059 0.065433235806981016
143 7.8519882968377219 0.0031965624866654059 0.065433235806981016
144 7.8519882968377219 0.0031965624866654059 0.065433235806981016
145 7.8519882968377219 0.0031965624866654059 0.065433235806981016
146 7.8519882968377219 0.0031965624866654059 0.065433235806981016
147 7.8519882968377219 0.0031965624866654059 0.065433235806981016
148 7.8519882968377219 0.0031965624866654059 0.065433235806981016
149 7.8519882968377219 0.0031965624866654059 0.065433235806981016
150 7.8519882968377219 0.0031965624866654059 0.065433235806981016
151 7.8519882968377219 0.0031965624866654059 0.065433235806981016
152 7.8519882968377219 0.0031965624866654059 0.065433235806981016
153 7.8519882968377219 0.0031965624866654059 0.065433235806981016
154 7.8519882968377219 0.0031965624866654059 0.065433235806981016
155 7.8519882968377219 0.0031965624866654059 0.065433235806981016
156 7.8519882968377219 0.0031965624866654059 0.065433235806981016
157 7.8519882968377219 0.0031965624866654059 0.065433235806981016
158 7.8519882968377219 0.0031965624866654059 0.065433235806981016
159 7.8519882968377219 0.0031965624866654059 0.065433235806981016
160 7.8519882968377219 0.0031965624866654059 0.065433235806981016
161 7.8519882968377219 0.0031965624866654059 0.065433235806981016
162 7.8519882968377219 0.0031965624866654059 0.065433235806981016
163 7.8519882968377219 0.0031965624866654059 0.065433235806981016
164 7.8519882968377219 0.0031965624866654059 0.065433235806981016
165 7.8519882968377219 0.0031965624866654059 0.065433235806981016
166 7.8519882968377219 0.0031965624866654059 0.065433235806981016
167 7.8519882968377219 0.0031965624866654059 0.065433235806981016
168 7.8519882968377219 0.0031965624866654059 0.065433235806981016
169 7.8519882968377219 0.0031965624866654059 0.065433235806981016
170 7.8519882968377219 0.0031965624866654059 0.065433235806981016
171 7.8519882968377219 0.0031965624866654059 0.065433235806981016
172 7.8519882968377219 0.0031965624866654059 0.065433235806981016
173 7.8519882968377219 0.0031965624866654059 0.065433235806981016
174 7.8519882968377219 0.0031965624866654059 0.065433235806981016
175 7.8519882968377219 0.0031965624866654059 0.065433235806981016
176 7.8519882968377219 0.0031965624866654059 0.065433235806981016
177 7.8519882968377219 0.0031965624866654059 0.065433235806981016
178 7.8519882968377219 0.0031965624866654059 0.065433235806981016
179 7.8519882968377219 0.0031965624866654059 0.065433235806981016
180 7.8519882968377219 0.0031965624866654059 0.065433235806981016
181 7.8519882968377219 0.0031965624866654059 0.065433235806981016
182 7.8519882968377219 0.0031965624866654059 0.065433235806981016
183 7.8519882968377219 0.0031965624866654059 0.065433235806981016
184 7.8519882968377219 0.0031965624866654059 0.065433235806981016
185 7.8519882968377219 0.0031965624866654059 0.065433235806981016
186 7.8519882968377219 0.0031965624866654059 0.065433235806981016
187 7.8519882968377219 0.0031965624866654059 0.065433235806981016
188 7.8519882968377219 0.0031965624866654059 0.065433235806981016
189 7.8519882968377219 0.0031965624866654059 0.065433235806981016
190 7.8519882968377219 0.0031965624866654059 0.065433235806981016
191 7.8519882968377219 0.0031965624866654059 0.065433235806981016
192 7.8519882968377219 0.0031965624866654059 0.065433235806981016
193 7.8519882968377219 0.0031965624866654059 0.065433235806981016
194 7.8519882968377219 0.0031965624866654059 0.065433235806981016
195 7.8519882968377219 0.0031965624866654059 0.065433235806981016
196 7.8519882968377219 0.0031965624866654059 0.065433235806981016
197 7.8519882968377219 0.0031965624866654059 0.065433235806981016
198 7.8519882968377219 0.0031965624866654059 0.065433235806981016
199 7.8519882968377219 0.0031965624866654059 0.065433235806981016
200 7.8519882968377219 0.0031965624866654059 0.065433235806981016
201 7.8519882968377219 0.0031965624866654059 0.065433235806981016
202 7.8519882968377219 0.0031965624866654059 0.065433235806981016
203 7.8519882968377219 0.0031965624866654059 0.065433235806981016
204 7.8519882968377219 0.0031965624866654059 0.065433235806981016
205 7.8519882968377219 0.0031965624866654059 0.065433235806981016
206 7.8519882968377219 0.0031965624866654059 0.065433235806981016
207 7.8519882968377219 0.0031965624866654059 0.065433235806981016
208 7.8519882968377219 0.0031965624866654059 0.065433235806981016
209 7.8519882968377219 0.0031965624866654059 0.065433235806981016
210 7.8519882968377219 0.0031965624866654059 0.065433235806981016
211 7.8519882968377219 0.0031965624866654059 0.065433235806981016
212 7.8519882968377219 0.0031965624866654059 0.065433235806981016
213 7.8519882968377219 0.0031965624866654059 0.065433235806981016
214 7.8519882968377219 0.0031965624866654059 0.065433235806981016
215 7.8519882968377219 0.0031965624866654059 0.065433235806981016
216 7.8519882968377219 0.0031965624866654059 0.065433235806981016
217 7.8519882968377219 0.0031965624866654059 0.065433235806981016
218 7.8519882968377219 0.0031965624866654059 0.065433235806981016
219 7.8519882968377219 0.0031965624866654059 0.065433235806981016
220 7.8519882968377219 0.0031965624866654059 0.065433235806981016
221 7.8519882968377219 0.0031965624866654059 0.065433235806981016
222 7.8519882968377219 0.0031965624866654059 0.065433235806981016
223 7.8519882968377219 0.0031965624866654059 0.065433235806981016
224 7.8519882968377219 0.0031965624866654059 0.065433235806981016
225 7.8519882968377219 0.0031965624866654059 0.065433235806981016
226 7.8519882968377219 0.0031965624866654059 0.065433235806981016
227 7.8519882968377219 0.0031965624866654059 0.065433235806981016
228 7.8519882968377219 0.0031965624866654059 0.065433235806981016
229 7.8519882968377219 0.0031965624866654059 0.065433235806981016
230 7.8519882968377219 0.0031965624866654059 0.065433235806981016
231 7.8519882968377219 0.0031965624866654059 0.065433235806981016
232 7.8519882968377219 0.0031965624866654059 0.065433235806981016
233 7.8519882968377219 0.0031965624866654059 0.065433235806981016
234 7.8519882968377219 0.0031965624866654059 0.065433235806981016
235 7.8519882968377219 0.0031965624866654059 0.065433235806981016
236 7.8519882968377219 0.0031965624866654059 0.065433235806981016
237 7.8519882968377219 0.0031965624866654059 0.065433235806981016
238 7.8519882968377219 0.0031965624866654059 0.065433235806981016
239 7.8519882968377219 0.0031965624866654059 0.065433235806981016
240 7.8519882968377219 0.0031965624866654059 0.065433235806981016
241 7.8519882968377219 0.0031965624866654059 0.065433235806981016
242 7.8519882968377219 0.0031965624866654059 0.065433235806981016
243 7.8519882968377219 0.0031965624866654059 0.065433235806981016
244 7.8519882968377219 0.0031965624866654059 0.065433235806981016
245 7.8519882968377219 0.0031965624866654059 0.065433235806981016
246 7.8519882968377219 0.0031965624866654059 0.065433235806981016
247 7.8519882968377219 0.0031965624866654059 0.065433235806981016
248 7.8519882968377219 0.0031965624866654059 0.065433235806981016
249 7.8519882968377219 0.0031965624866654059 0.065433235806981016
250 7.8519882968377219 0.0031965624866654059 0.065433235806981016
251 7.8519882968377219 0.0031965624866654059 0.065433235806981016
252 7.8519882968377219 0.0031965624866654059 0.065433235806981016
253 7.8519882968377219 0.0031965624866654059 0.065433235806981016
254 7.8519882968377219 0.0031965624866654059 0.065433235806981016
255 7.8519882968377219 0.0031965624866654059 0.065433235806981016
256 7.8519882968377219 0.0031965624866654059 0.065433235806981016
257 7.8519882968377219 0.0031965624866654059 0.065433235806981016
258 7.8519882968377219 0.0031965624866654059 0.065433235806981016
259 7.8519882968377219 0.0031965624866654059 0.065433235806981016
260 7.8519882968377219 0.0031965624866654059 0.065433235806981016
261 7.8519882968377219 0.0031965624866654059 0.065433235806981016
262 7.8519882968377219 0.0031965624866654059 0.065433235806981016
263 7.8519882968377219 0.0031965624866654059 0.065433235806981016
264 7.8519882968377219 0.0031965624866654059 0.065433235806981016
265 7.8519882968377219 0.0031965624866654059 0.065433235806981016
266 7.8519882968377219 0.0031965624866654059 0.065433235806981016
267 7.8519882968377219 0.0031965624866654059 0.065433235806981016
268 7.8519882968377219 0.0031965624866654059 0.065433235806981016
269 7.8519882968377219 0.0031965624866654059 0.065433235806981016
270 7.8519882968377219 0.0031965624866654059 0.065433235806981016
271 7.8519882968377219 0.0031965624866654059 0.065433235806981016
272 7.8519882968377219 0.0031965624866654059 0.065433235806981016
273 7.8519882968377219 0.0031965624866654059 0.065433235806981016
274 7.8519882968377219 0.0031965624866654059 0.065433235806981016
275 7.8519882968377219 0.0031965624866654059 0.065433235806981016
276 7.8519882968377219 0.0031965624866654059 0.065433235806981016
277 7.8519882968377219 0.0031965624866654059 0.065433235806981016
278 7.8519882968377219 0.0031965624866654059 0.065433235806981016
279 7.8519882968377219 0.0031965624866654059 0.065433235806981016
280 7.8519882968377219 0.0031965624866654059 0.065433235806981016
281 7.8519882968377219 0.0031965624866654059 0.065433235806981016
282 7.8519882968377219 0.0031965624866654059 0.065433235806981016
283 7.8519882968377219 0.0031965624866654059 0.065433235806981016
284 7.8519882968377219 0.0031965624866654059 0.065433235806981016
285 7.8519882968377219 0.0031965624866654059 0.065433235806981016
286 7.8519882968377219 0.0031965624866654059 0.065433235806981016
287 7.8519882968377219 0.0031965624866654059 0.065433235806981016
288 7.8519882968377219 0.0031965624866654059 0.065433235806981016
289 7.8519882968377219 0.0031965624866654059 0.065433235806981016
290 7.8519882968377219 0.0031965624866654059 0.065433235806981016
291 7.8519882968377219 0.0031965624866654059 0.065433235806981016
292 7.8519882968377219 0.0031965624866654059 0.065433235806981016
293 7.8519882968377219 0.0031965624866654059 0.065433235806981016
294 7.8519882968377219 0.0031965624866654059 0.065433235806981016
295 7.8519882968377219 0.0031965624866654059 0.065433235806981016
296 7.8519882968377219 0.0031965624866654059 0.065433235806981016
297 7.8519882968377219 0.0031965624866654059 0.065433235806981016
298 7.8519882968377219 0.0031965624866654059 0.065433235806981016
299 7.8519882968377219 0.0031965624866654059 0.065433235806981016
300 7.39591786234661 0.0031091443526025169 0.061632648852888418
301 6.9609155607158604 0.0030086752035127697 0.05800762967263217
302 6.5467772365250543 0.0028980894885127814 0.054556476971042121
303 6.1532244988012517 0.0027800509051006421 0.051276870823343763
304 5.7799073010706223 0.0026569454494267345 0.048165894175588517
305 5.4264074701003171 0.0025308798293535791 0.045220062250835975
306 5.0922433372227101 0.0024036853903851613 0.042435361143522581
307 4.7768752949194129 0.0022769262410586052 0.039807294124328443
308 4.4797121666256734 0.0021519125281432316 0.037330934721880614
309 4.2001182192970354 0.0020297163710125583 0.035000985160808629
310 3.9374206643513805 0.0019111911765768781 0.032811838869594837
311 3.6909174144469508 0.0017969925549012169 0.030757645120391256
312 3.4598849024975933 0.0016876005556795656 0.028832374187479946
313 3.2435857603490295 0.0015833419210883987 0.027029881336241911
314 3.0412761680590452 0.0014844120799884619 0.025343968067158711
315 2.8522127242010251 0.0013908961216691803 0.023768439368341877
316 2.6756587118959581 0.0013027883785674673 0.022297155932466318
317 2.5108896647936576 0.0012200102516043763 0.020924080539947147
318 2.3571981884792339 0.0011424261744939028 0.01964331823732695
319 2.2138979872699429 0.001069857138897023 0.018449149893916193
320 2.0803271649515858 0.0010020933328084259 0.017336059707929882
321 1.9558507499425113 0.00093890374627717422 0.016298756249520926
322 1.8398625469201795 0.00088004449829475351 0.015332187891001495
323 1.731786380255099 0.00082526572776767766 0.014431553168792492
324 1.6310767475867813 0.00077431710597661188 0.013592306229889845
325 1.5372190441173579 0.00072695156056678915 0.012810158700977983
326 1.4497293305130767 0.00068292889192016898 0.012081077754275639
327 1.368153805300369 0.00064201764394993541 0.011401281710836408
328 1.2920679838398472 0.00060399699408233878 0.010767233198665394
329 1.2210756893980754 0.00056865766414042004 0.010175630744983961
330 1.1548078707446952 0.00053580229398953285 0.009623398922872459
331 1.0929213318336044 0.00050524595571706753 0.009107677765280037
332 1.0350973809481716 0.00047681602937401144 0.0086258115079014298
333 0.98104044128487933 0.00045035132081388694 0.0081753370107073269
334 0.93047667731230799 0.00042570281758882636 0.0077539723109358999
335 0.88315260417740293 0.00040273222821157561 0.0073596050348116908
336 0.83883374683230616 0.00038131171653347612 0.0069902812236025515
337 0.79730333754366656 0.00036132327622190574 0.006644194479530555
338 0.75836106674556203 0.00034265816572582431 0.0063196755562130169
339 0.72182189179870415 0.00032521621853872073 0.0060151824316558682
340 0.68751490744667587 0.00030890517367139454 0.0057292908953889658
341 0.65528228674921496 0.00029364023970811101 0.0054606857229101248
342 0.62497828188777593 0.00027934342709613329 0.0052081523490647994
343 0.596468293272019 0.00026594303415247033 0.0049705691106001586
344 0.56962806514792408 0.00025337304386476543 0.004746900542899367
345 0.54434261413686658 0.00024157305717489736 0.0045361884511405546
346 0.5205058904860661 0.00023048710285556616 0.0043375490873838844
347 0.49801980902669307 0.00022006404463731176 0.0041501650752224419
348 0.47679367546736862 0.00021025660160372628 0.0039732806288947384
349 0.45674360506703832 0.00020102144680224653 0.0038061967088919859
350 0.43779197388092278 0.0001923185652216069 0.0036482664490076898
351 0.41986692350446064 0.00018411117903194198 0.0034988910292038386
352 0.40290189847405417 0.00017636531707133858 0.0033575158206171182
353 0.38683525992560464 0.00016904966243813248 0.0032236271660467052
354 0.37160976036995941 0.00016213541660082837 0.0030967480030829951
355 0.35717239798415956 0.00015559579171277327 0.0029764366498679965
356 0.34347394800580033 0.00014940618441178474 0.0028622829000483361
357 0.33046869845033588 0.00014354383334088303 0.0027539058204194655
358 0.31811417506600864 0.00013798765729611845 0.0026509514588834051
359 0.30637088980844612 0.00013271814427972978 0.0025530907484037175
360 0.29520210910344641 0.00012771721297483293 0.0024600175758620535
361 0.28457364188301815 0.00012296810985607567 0.0023714470156918177
362 0.27445364446330051 0.00011845529573830466 0.0022871137038608376
363 0.26481244171594509 0.00011416433906304155 0.0022067703476328759
364 0.2556223628154109 0.00011008183571838363 0.0021301863567950909
365 0.24685759048262274 0.0001061953294975206 0.0020571465873551894
366 0.23849402225752253 0.00010249322697117216 0.0019874501854793545
367 0.23050914316229468 9.896473821100152e-05 0.0019209095263524557
368 0.22288190869829991 9.5599811656982961e-05 0.0018573492391524991
369 0.21559263694548797 9.2389077379973603e-05 0.0017966053078790664
370 0.20862290959424981 8.9323795231210159e-05 0.0017385242466187484
371 0.20195548057130383 8.6395806214357117e-05 0.0016829623380941986
372 0.19557419208341117 8.3597489655131145e-05 0.0016297849340284264
373 0.18946389708669259 8.0921721952058811e-05 0.0015788658090557716
374 0.18361038793024581 7.83618408007728e-05 0.0015300865660853819
375 0.17800033628601103 7.5911569608467556e-05 0.0014833361357167586
376 0.17262120906018935 7.3565182256737457e-05 0.0014385100755015779
377 0.1674612525077997 7.1317107245964112e-05 0.0013955104375649975
378 0.16250940027208016 6.9162224358563018e-05 0.0013542450022673348
379 0.15775525051501554 6.70957997689512e-05 0.0013146270876251294
380 0.15318900588438703 6.5113179589548119e-05 0.0012765750490365585
381 0.14880145374695805 6.321019382016261e-05 0.0012400121145579837
382 0.14458391144984381 6.1382801447334011e-05 0.0012048659287486984
383 0.14052818959353577 5.9627407367205375e-05 0.001171068246612798
384 0.13662655967567736 5.7940265044252344e-05 0.0011385546639639779
385 0.13287174375933902 5.6318109220687573e-05 0.0011072645313278252
386 0.12925686152928162 5.4757930609258454e-05 0.0010771405127440136
387 0.12577541034725853 5.3256627004720692e-05 0.0010481284195604879
388 0.12242125762494285 5.1811494538134181e-05 0.0010201771468745238
389 0.11918859114842272 5.0419821580572603e-05 0.00099323825957018936
390 0.11607192576764781 4.9079177743186836e-05 0.00096726604806373175
391 0.11306605980503769 4.7787248973285539e-05 0.0009422171650419807
392 0.11016607550536131 4.6541816301081221e-05 0.00091805062921134428
393 0.10736731290947078 4.5340751172268786e-05 0.00089472760757892315
394 0.10466535085910564 4.418196921617548e-05 0.00087221125715921364
395 0.10205600248544132 4.3063784500947078e-05 0.00085046668737867766
396 0.099535297026781697 4.1984322571808948e-05 0.00082946080855651413
397 0.097099461788683242 4.0941842912840472e-05 0.00080916218157236033
398 0.094744918895115007 3.9934809974336938e-05 0.00078954099079262506
399 0.0924682671939593 3.8961729538436865e-05 0.00077056889328299414
400 0.090266278042895484 3.8021135105664809e-05 0.00075221898369079573
401 0.088135882667564031 3.7111686355867646e-05 0.00073446568889636694
402 0.086074161045192166 3.6232058451046921e-05 0.00071728467537660143
403 0.084078330256032577 3.5380922597032452e-05 0.00070065275213360481
404 0.082145751490200467 3.4557260353822277e-05 0.00068454792908500389
405 0.080273903276661243 3.3759941457598674e-05 0.00066894919397217703
406 0.078460392770765788 3.2987849109000764e-05 0.00065383660642304826
407 0.076702932687145994 3.223999111544447e-05 0.00063919110572621663
408 0.074999343908109847 3.15154519421943e-05 0.00062499453256758208
409 0.073347553494385848 3.0813251641216197e-05 0.00061122961245321545
410 0.07174557851686085 3.0132541439704685e-05 0.0005978798209738404
411 0.070191527656267211 2.9472534855730968e-05 0.0005849293971355601
412 0.068683599092753789 2.8832370522889108e-05 0.00057236332577294822
413 0.067220068147062828 2.8211319763113755e-05 0.00056016723455885691
414 0.065799287925816352 2.7608700009940466e-05 0.00054832739938180295
415 0.06441968735770244 2.7023759169130133e-05 0.00053683072798085363
416 0.063079761612681598 2.6455866232744287e-05 0.00052566468010568001
417 0.061778072764595064 2.5904392615859967e-05 0.00051481727303829216
418 0.060513245334068141 2.5368737576903913e-05 0.00050427704445056782
419 0.05928396297263324 2.4848376413839754e-05 0.00049403302477194367
420 0.058088966436683855 2.4342674190559772e-05 0.0004840747203056988
421 0.056927049033420059 2.3851143772558494e-05 0.00047439207527850047
422 0.055797055381877854 2.3373282526341672e-05 0.00046497546151564879
423 0.05469787851737249 2.2908609370347393e-05 0.00045581565431143743
424 0.053628457638978291 2.2456710347616587e-05 0.00044690381365815242
425 0.052587775607665428 2.2017059098999826e-05 0.00043823146339721191
426 0.051574857057857887 2.1589271696493597e-05 0.00042979047548214903
427 0.050588766404797682 2.1172942890480211e-05 0.00042157305337331403
428 0.049628605930232328 2.0767684164560091e-05 0.00041357171608526942
429 0.048693514002196493 2.0373122919081045e-05 0.00040577928335163745
430 0.0477826633896564 1.99889016930454e-05 0.00039818886158047
431 0.046895259666333157 1.9614677424249168e-05 0.0003907938305527763
432 0.046030539698566825 1.9250120748159589e-05 0.00038358783082139021
433 0.045187770212310033 1.8894915336081632e-05 0.00037656475176925028
434 0.044366246434666093 1.8548757272819358e-05 0.00036971872028888409
435 0.043565290805673396 1.8211354473367236e-05 0.00036304409004727831
436 0.042784251756285953 1.7882426137348237e-05 0.00035653543130238292
437 0.042022502548743124 1.7561702239104239e-05 0.00035018752123952606
438 0.041279440175760886 1.7248923050686004e-05 0.00034399533479800739
439 0.04055448431519619 1.6943838694552877e-05 0.00033795403595996825
440 0.039847076337054192 1.6646208722605435e-05 0.00033205896947545162
441 0.039156678359893823 1.6355801718243149e-05 0.00032630565299911522
442 0.038482772353886405 1.6072394918411125e-05 0.00032068976961572004
443 0.037824859287935192 1.5795773853010532e-05 0.00031520716073279325
444 0.0371824583184295 1.5525731999556989e-05 0.00030985381932024583
445 0.036555106017358917 1.5262070451493479e-05 0.00030462588347799095
446 0.03594235563764691 1.5004597599063824e-05 0.00029951963031372427
447 0.035343776413694801 1.4753128822075732e-05 0.00029453147011412336
448 0.0347589528952469 1.4507486194223159e-05 0.00028965794079372414
449 0.034187484312804294 1.4267498198862438e-05 0.00028489570260670244
450 0.033628983972919829 1.4032999456274055e-05 0.00028024153310766525
451 0.033083078681808008 1.3803830462480174e-05 0.00027569232234840005
452 0.032549408195795076 1.3579837339663686e-05 0.0002712450682982923
453 0.032027624697220848 1.3360871598159192e-05 0.00026689687247684042
454 0.031517392294482457 1.3146789909886006e-05 0.00026264493578735383
455 0.03101838654498431 1.2937453892980511e-05 0.00025848655454153589
456 0.030530293999826517 1.2732729907282432e-05 0.00025441911666522097
457 0.030052811769128315 1.2532488860237884e-05 0.00025044009807606929
458 0.029585647106943062 1.2336606022713456e-05 0.00024654705922452552
459 0.029128517014777623 1.2144960854172373e-05 0.00024273764178981352
460 0.028681147862783068 1.195743683663904e-05 0.00023900956552319223
461 0.028243275027733737 1.1773921316879328e-05 0.00023536062523111446
462 0.027814642546960221 1.1594305356237203e-05 0.00023178868789133517
463 0.027395002787446755 1.1418483587599362e-05 0.00022829168989538964
464 0.026984116129347126 1.1246354078994193e-05 0.00022486763441122604
465 0.02658175066321318 1.107781820337558e-05 0.00022151458886010984
466 0.026187681900269204 1.0912780514183118e-05 0.00021823068250224336
467 0.025801692495100791 1.0751148626315449e-05 0.00021501410412583992
468 0.025423571980161343 1.0592833102191855e-05 0.00021186309983467787
469 0.025053116511531279 1.0437747342613106e-05 0.00020877597092942732
470 0.024690128625395154 1.0285807482164323e-05 0.00020575107187829295
471 0.02433441700473005 1.0136932288929961e-05 0.00020278680837275043
472 0.023985796255725389 9.9910430683128318e-06 0.00019988163546437825
473 0.023644086693479519 9.8480635707668786e-06 0.00019703405577899599
474 0.02330911413654169 9.7079199032699678e-06 0.00019424261780451408
475 0.022980709709890315 9.5705404443745688e-06 0.00019150591424908596
476 0.022658709655959734 9.4358557626827238e-06 0.00018882258046633112
477 0.022342955153346909 9.3037985386016748e-06 0.00018619129294455758
478 0.022033292142848392 9.1743034892426434e-06 0.00018361076785706993
479 0.021729571160495394 9.0473072963309459e-06 0.00018107975967079494
480 0.021431647177271865 8.9227485369994811e-06 0.00017859705981059887
481 0.021139379445214983 8.8005676173469326e-06 0.00017616149537679152
482 0.02085263134961399 8.6807067086400282e-06 0.00017377192791344991
483 0.020571270267035899 8.5631096860492406e-06 0.00017142725222529917
484 0.020295167428920683 8.4477220698084446e-06 0.00016912639524100569
485 0.020024197790500804 8.3344909686946261e-06 0.00016686831492084003
486 0.019758239904812128 8.2233650257268462e-06 0.00016465199920676773
487 0.019497175801574253 8.1142943659887045e-06 0.00016247646501311877
488 0.019240890870729062 8.0072305464825121e-06 0.00016034075725607553
489 0.018989273750436714 7.9021265079262253e-06 0.00015824394792030594
490 0.018742216219337159 7.7989365284106682e-06 0.00015618513516114298
491 0.018499613092895578 7.6976161788338978e-06 0.00015416344244079648
492 0.018261362123657084 7.5981222800396611e-06 0.00015217801769714238
493 0.018027363905246022 7.5004128615833518e-06 0.00015022803254371685
494 0.01779752177995161 7.4044471220575705e-06 0.00014831268149959674
495 0.017571741749749435 7.3101853909110225e-06 0.00014643118124791195
496 0.017349932390615809 7.2175890916956746e-06 0.00014458276992179841
497 0.0171320047699977 7.1266207066836522e-06 0.00014276670641664749
498 0.016917872367307921 7.0372437427955103e-06 0.00014098226972756599
499 0.016707450997321144 6.9494226987845997e-06 0.00013922875831100953
500 0.016500658736351738 6.8631230336258883e-06 0.00013750548946959781
501 0.016297415851099922 6.778311136059386e-06 0.00013581179875916602
502 0.016097644730058102 6.6949542952399832e-06 0.00013414703941715085
503 0.015901269817373751 6.6130206724488678e-06 0.00013251058181144791
504 0.015708217549069974 6.5324792738234569e-06 0.00013090181290891645
505 0.015518416291529559 6.4532999240635426e-06 0.00012932013576274633
506 0.015331796282151977 6.3754532410754769e-06 0.00012776496901793313
507 0.015148289572097353 6.2989106115155276e-06 0.0001262357464341446
508 0.01496782997103468 6.2236441671976956e-06 0.000124731916425289
509 0.014790352993815722 6.1496267623303257e-06 0.00012325294161513102
510 0.014615795808998938 6.0768319515496655e-06 0.00012179829840832449
511 0.014444097189151402 6.0052339687186398e-06 0.00012036747657626168
512 0.014275197462859816 5.9348077064603414e-06 0.00011895997885716513
513 0.014109038468384218 5.8655286963988271e-06 0.00011757532056986849
514 0.013945563508891621 5.7973730900780602e-06 0.0001162130292407635
515 0.0137847173092087 5.7303176405340666e-06 0.00011487264424340584
516 0.013626445974035692 5.6643396844947906e-06 0.00011355371645029743
517 0.013470696947566054 5.5994171251832703e-06 0.00011225580789638379
518 0.013317418974458713 5.5355284157012095e-06 0.0001109784914538226
519 0.013166562062111843 5.4726525429713665e-06 0.0001097213505175987
520 0.013018077444189499 5.4107690122170884e-06 0.00010848397870157916
521 0.012871917545354329 5.3498578319586332e-06 0.00010726597954461942
522 0.012728035947161327 5.2898994995079283e-06 0.00010606696622634439
523 0.012586387355069974 5.2308749869414634e-06 0.00010488656129224979
524 0.012446927566533154 5.1727657275354016e-06 0.00010372439638777628
525 0.012309613440123636 5.1155536026441879e-06 0.0001025801120010303
526 0.01217440286565997 5.0592209290073961e-06 0.00010145335721383308
527 0.012041254735295525 5.0037504464684561e-06 0.00010034378946079605
528 0.011910128915535598 4.949125306090895e-06 9.9251074296129987e-05
529 0.011780986220149371 4.8953290586563469e-06 9.817488516791142e-05
530 0.011653788383944094 4.8423456435323897e-06 9.7114903199534117e-05
531 0.011528498037371118 4.7901593778946631e-06 9.6070816978092646e-05
532 0.011405078681933613 4.7387549462926652e-06 9.504232234944678e-05
533 0.011283494666367855 4.6881173905452866e-06 9.4029122219732128e-05
534 0.011163711163570556 4.6382320999550673e-06 9.3030926363087973e-05
535 0.01104569414824591 4.5890848018299551e-06 9.2047451235382591e-05
536 0.010929410375247211 4.5406615523012039e-06 9.1078419793726756e-05
537 0.010814827358588599 4.4929487274275916e-06 9.0123561321571653e-05
538 0.010701913351103827 4.4459330145751436e-06 8.9182611259198559e-05
539 0.01059063732472932 4.3996014040636628e-06 8.8255311039410998e-05
540 0.010480968951390274 4.3539411810697237e-06 8.7341407928252283e-05
541 0.01037287858446868 4.3089399177785624e-06 8.644065487057234e-05
542 0.010266337240833721 4.2645854657747877e-06 8.5552810340281012e-05
543 0.01016131658341504 4.2208659486647822e-06 8.467763819512533e-05
544 0.010057788904300516 4.1777697549225953e-06 8.3814907535837639e-05
545 0.0099557271083408286 4.1352855309514423e-06 8.2964392569506905e-05
546 0.0098551046972436274 4.0934021743537185e-06 8.2125872477030229e-05
547 0.0097558957541409377 4.0521088274022979e-06 8.129913128450781e-05
548 0.0096580749286137614 4.0113948707069274e-06 8.0483957738448005e-05
549 0.0095616174221589637 3.9712499170678413e-06 7.9680145184658034e-05
550 0.0094664989740833524 3.931663805512005e-06 7.8887491450694598e-05
551 0.0093726958478110977 3.8926265955045485e-06 7.8105798731759144e-05
552 0.0092802277529447121 3.8541452801839281e-06 7.7335231274539264e-05
553 0.0091890278632850101 3.8161931900677915e-06 7.6575232194041749e-05
554 0.0090990739677736885 3.778761024038295e-06 7.5825616398114069e-05
555 0.0090103443276266983 3.741839679588989e-06 7.5086202730222481e-05
556 0.0089228176645445786 3.7054202478419715e-06 7.4356813871204823e-05
557 0.0088364731492602301 3.6694940087081442e-06 7.3637276243835247e-05
558 0.0087512903904131481 3.6340524261865049e-06 7.2927419920109564e-05
559 0.0086672494237396685 3.5990871437975904e-06 7.222707853116391e-05
560 0.0085843307015691442 3.5645899801469786e-06 7.1536089179742869e-05
561 0.0085025150826162528 3.5305529246145525e-06 7.0854292355135445e-05
562 0.0084217838220601339 3.4969681331653642e-06 7.018153185050111e-05
563 0.0083421185619010924 3.463827924278769e-06 6.9517654682509097e-05
564 0.0082635013215863334 3.4311247749914656e-06 6.8862511013219443e-05
565 0.008185914488896183 3.3988513170509432e-06 6.8215954074134864e-05
566 0.0081093408110825636 3.3670003331764234e-06 6.7577840092354697e-05
567 0.0080337633862520245 3.3355647534230881e-06 6.6948028218766865e-05
568 0.0079591656549855595 3.3045376516471372e-06 6.6326380458212991e-05
569 0.0078855313921880523 3.2739122420677892e-06 6.5712761601567101e-05
570 0.007812844699160092 3.2436818759239863e-06 6.5107039159667437e-05
571 0.0077410899958854354 3.2138400382222939e-06 6.4509083299045289e-05
572 0.0076702520135274906 3.1843803445733636e-06 6.3918766779395749e-05
573 0.0076003157871284187 3.1552965381143364e-06 6.3335964892736825e-05
574 0.0075312666485046814 3.1265824865145196e-06 6.2760555404205675e-05
575 0.0074630902193331249 3.0982321790616227e-06 6.2192418494442703e-05
576 0.0073957724044217982 3.0702397238263726e-06 6.1631436703514991e-05
577 0.0073292993851599691 3.0425993449029376e-06 6.107749487633308e-05
578 0.0072636576131419571 3.0153053797229251e-06 6.053048010951631e-05
579 0.0071988338039595664 2.9883522764408473e-06 5.9990281699663054e-05
580 0.0071348149311581417 2.96173459138869e-06 5.9456791092984511e-05
581 0.0070715882203513224 2.9354469865977929e-06 5.8929901836261022e-05
582 0.0070091411434898537 2.9094842273858416e-06 5.8409509529082117e-05
583 0.0069474614132799331 2.8838411800069111e-06 5.7895511777332773e-05
584 0.0068865369777465612 2.8585128093632912e-06 5.738780814788801e-05
585 0.0068263560149378179 2.8334941767765345e-06 5.6886300124481816e-05
586 0.0067669069277658672 2.8087804378163913e-06 5.6390891064715558e-05
587 0.0067081783389807042 2.7843668401859e-06 5.5901486158172536e-05
588 0.0066501590862727885 2.7602487216610765e-06 5.5417992385606574e-05
589 0.0065928382175009211 2.7364215080832382e-06 5.494031847917434e-05
590 0.0065362049860416358 2.7128807114029593e-06 5.4468374883680299e-05
591 0.006480248846256715 2.6896219277737655e-06 5.4002073718805958e-05
592 0.0064249594490753889 2.6666408356943405e-06 5.3541328742294909e-05
593 0.0063703266376879744 2.6439331941978073e-06 5.3086055314066451e-05
594 0.0063163404433477848 2.6214948410866913e-06 5.263617036123154e-05
595 0.0062629910812782453 2.5993216912122367e-06 5.2191592343985381e-05
596 0.0062102689466821724 2.5774097347972122e-06 5.1752241222351435e-05
597 0.006158164610850528 2.5557550358000266e-06 5.1318038423754398e-05
598 0.0061066688173675651 2.5343537303203816e-06 5.0888906811396377e-05
599 0.006055772478409994 2.5132020250437958e-06 5.0464770653416614e-05
600 0.0060054666711372813 2.4922961957251294e-06 5.0045555592810676e-05
601 0.0059557426341706847 2.4716325857093623e-06 4.9631188618089036e-05
602 0.0059065917641585525 2.451207604488705e-06 4.9221598034654602e-05
603 0.0058580056124254917 2.4310177262950756e-06 4.8816713436879095e-05
604 0.005809975881703025 2.4110594887272355e-06 4.8416465680858545e-05
605 0.0057624944229396858 2.3913294914108963e-06 4.8020786857830714e-05
606 0.0057155532321881471 2.3718243946918147e-06 4.7629610268234561e-05
607 0.0056691444475674684 2.3525409183602392e-06 4.7242870396395569e-05
608 0.0056232603462983101 2.3334758404062652e-06 4.6860502885819252e-05
609 0.0055778933418092029 2.3146259958050275e-06 4.6482444515076691e-05
610 0.0055330359809118981 2.295988275331126e-06 4.6108633174265819e-05
611 0.0054886809410439946 2.2775596244012591e-06 4.5739007842033287e-05
612 0.0054448210275769692 2.2593370419445757e-06 4.5373508563141409e-05
613 0.0054014491711879432 2.2413175792996959e-06 4.5012076426566195e-05
614 0.0053585584252933971 2.2234983391379901e-06 4.465465354411164e-05
615 0.0053161419635432677 2.205876474412134e-06 4.4301183029527232e-05
616 0.0052741930773737384 2.1884491873295707e-06 4.3951608978114484e-05
617 0.0052327051736172775 2.1712137283498317e-06 4.3605876446810648e-05
618 0.005191671772168306 2.1541673952055127e-06 4.3263931434735881e-05
619 0.0051510865037031122 2.1373075319459568e-06 4.2925720864192604e-05
620 0.0051109431074525709 2.1206315280031265e-06 4.2591192562104756e-05
621 0.0050712354290262359 2.1041368172793158e-06 4.22602952418853e-05
622 0.0050319574182865895 2.087820877255629e-06 4.1932978485721577e-05
623 0.0049931031272719981 2.0716812281212749e-06 4.1609192727266649e-05
624 0.0049546667081672279 2.0557154319226978e-06 4.1288889234726897e-05
625 0.0049166424113202475 2.0399210917321872e-06 4.0972020094335396e-05
626 0.004879024583304109 2.024295850835555e-06 4.0658538194200912e-05
627 0.0048418076650228146 2.0088373919381317e-06 4.0348397208523459e-05
628 0.0048049861898599496 1.9935434363889788e-06 4.0041551582166245e-05
629 0.0047685547818690915 1.9784117434224491e-06 3.9737956515575766e-05
630 0.0047325081540048625 1.9634401094169713e-06 3.9437567950040522e-05
631 0.0046968411063936042 1.9486263671705051e-06 3.9140342553280034e-05
632 0.0046615485246427309 1.9339683851921067e-06 3.8846237705356091e-05
633 0.004626625378187697 1.919464067009481e-06 3.8555211484897472e-05
634 0.0045920667186757063 1.905111350491856e-06 3.8267222655630883e-05
635 0.0045578676783851911 1.8909082071880049e-06 3.7982230653209927e-05
636 0.0045240234686802381 1.8768526416787667e-06 3.7700195572335319e-05
637 0.0044905293784989701 1.8629426909441002e-06 3.7421078154158085e-05
638 0.0044573807728751991 1.8491764237438113e-06 3.7144839773959995e-05
639 0.0044245730914923669 1.8355519400121295e-06 3.6871442429103058e-05
640 0.0043921018472690872 1.822067370265398e-06 3.6600848727242392e-05
641 0.0043599626249754891 1.8087208750226558e-06 3.6333021874795743e-05
642 0.0043281510798795341 1.7955106442390423e-06 3.6067925665662786e-05
643 0.0042966629364227056 1.7824348967511999e-06 3.5805524470189216e-05
644 0.0042654939869241938 1.7694918797350008e-06 3.5545783224368282e-05
645 0.004234640090313037 1.7566798681747231e-06 3.5288667419275308e-05
646 0.0042040971708874322 1.743997164343755e-06 3.5034143090728601e-05
647 0.0041738612171005858 1.7314420972965164e-06 3.4782176809171552e-05
648 0.004143928280372508 1.7190130223710881e-06 3.4532735669770898e-05
649 0.0041142944739270479 1.7067083207026111e-06 3.4285787282725402e-05
650 0.0040849559716536372 1.6945263987469345e-06 3.4041299763780308e-05
651 0.004055909006993103 1.6824656878144227e-06 3.3799241724942525e-05
652 0.004027149871846992 1.6705246436136352e-06 3.3559582265391598e-05
653 0.0039986749155098466 1.6587017458045995e-06 3.3322290962582055e-05
654 0.0039704805436238831 1.646995497561536e-06 3.3087337863532362e-05
655 0.0039425632171555605 1.6354044251446714e-06 3.285469347629634e-05
656 0.0039149194513934792 1.6239270774811212e-06 3.2624328761612326e-05
657 0.0038875458149671542 1.6125620257544616e-06 3.2396215124726287e-05
658 0.0038604389288861536 1.6013078630028264e-06 3.2170324407384614e-05
659 0.0038335954655991235 1.5901632037253578e-06 3.1946628879992693e-05
660 0.0038070121480722136 1.5791266834968943e-06 3.1725101233935113e-05
661 0.0037806857488865177 1.5681969585904286e-06 3.1505714574054317e-05
662 0.0037546130893540012 1.5573727056075383e-06 3.1288442411283344e-05
663 0.0037287910386515702 1.5466526211161944e-06 3.1073258655429749e-05
664 0.003703216512972778 1.5360354212962062e-06 3.0860137608106482e-05
665 0.0036778864746968383 1.5255198415917636e-06 3.0649053955806983e-05
666 0.0036527979315745139 1.5151046363710652e-06 3.0439982763120948e-05
667 0.0036279479359304896 1.504788578592882e-06 3.0232899466087415e-05
668 0.0036033335838818489 1.4945704594799235e-06 3.0027779865682075e-05
669 0.003578952014572318 1.4844490881987151e-06 2.9824600121435982e-05
670 0.0035548004094218813 1.474423291545988e-06 2.9623336745182345e-05
671 0.0035308759913914535 1.4644919136413159e-06 2.9423966594928778e-05
672 0.0035071760242622266 1.4546538156259788e-06 2.9226466868851888e-05
673 0.0034836978119294 1.444907875367819e-06 2.9030815099411667e-05
674 0.0034604386977099663 1.4352529871719084e-06 2.8836989147583052e-05
675 0.0034373960636641851 1.4256880614971327e-06 2.8644967197201543e-05
676 0.0034145673299305367 1.4162120246781783e-06 2.8454727749421139e-05
677 0.003391949954073738 1.4068238186532333e-06 2.826624961728115e-05
678 0.0033695414304456264 1.3975224006969289e-06 2.8079511920380222e-05
679 0.0033473392895585785 1.3883067431585484e-06 2.7894494079654821e-05
680 0.0033253410974711868 1.3791758332054298e-06 2.7711175812259892e-05
681 0.0033035444551859448 1.3701286725713286e-06 2.752953712654954e-05
682 0.0032819469980586561 1.361164277309716e-06 2.7349558317155466e-05
683 0.0032605463952193048 1.3522816775519282e-06 2.7171219960160872e-05
684 0.0032393403490041765 1.3434799172699185e-06 2.6994502908368137e-05
685 0.0032183265943989243 1.3347580540436946e-06 2.6819388286657701e-05
686 0.0031975028984923938 1.3261151588331753e-06 2.6645857487436616e-05
687 0.0031768670599409353 1.3175503157545174e-06 2.647389216617446e-05
688 0.0031564169084429957 1.3090626218606978e-06 2.6303474237024964e-05
689 0.0031361503042237663 1.3006511869263123e-06 2.6134585868531387e-05
690 0.003116065137529669 1.2923151332364567e-06 2.5967209479413908e-05
691 0.0030961593281324455 1.2840535953797306e-06 2.5801327734437044e-05
692 0.003076430824842687 1.2758657200450716e-06 2.5636923540355725e-05
693 0.0030568776050325635 1.2677506658225245e-06 2.547398004193803e-05
694 0.0030374976741675726 1.259707603007742e-06 2.5312480618063103e-05
695 0.00301828906534712 1.2517357134101855e-06 2.5152408877892667e-05
696 0.0029992498388537315 1.2438341901649391e-06 2.4993748657114431e-05
697 0.0029803780817107143 1.2360022375480869e-06 2.4836484014255952e-05
698 0.0029616719072481017 1.2282390707955151e-06 2.4680599227067513e-05
699 0.0029431294546766905 1.2205439159251291e-06 2.4526078788972422e-05
700 0.0029247488886700217 1.2129160095623437e-06 2.4372907405583513e-05
