index sum SD mean
100 0.0 0.0 0.0
101 0.0 0.0 0.0
102 0.0 0.0 0.0
103 0.0 0.0 0.0
104 0.0 0.0 0.0
105 0.0 0.0 0.0
106 0.0 0.0 0.0
107 0.0 0.0 0.0
108 0.0 0.0 0.0
109 0.0 0.0 0.0
110 0.0 0.0 0.0
111 0.0 0.0 0.0
112 0.0 0.0 0.0
113 0.0 0.0 0.0
114 0.0 0.0 0.0
115 0.0 0.0 0.0
116 0.0 0.0 0.0
117 0.0 0.0 0.0
118 0.0 0.0 0.0
119 0.0 0.0 0.0
120 0.00196242037945579 6.3818344622968764e-08 1.4017288424684215e-05
121 0.0076095770802118235 5.3122891088648704e-07 5.4354122001513027e-05
122 0.015969258014504627 1.8894241731265063e-06 0.00011406612867503305
123 0.026723473789314511 4.7287337726524757e-06 0.00019088195563796078
124 0.039716605095951839 9.7820045422259573e-06 0.00028369003639965598
125 0.054869199199472911 1.7948143781176592e-05 0.00039192285142480653
126 0.072147273827138952 3.026520196760155e-05 0.00051533767019384968
127 0.091548060083752769 4.7878818095344938e-05 0.00065391471488394839
128 0.11309280351554168 7.2071561495768373e-05 0.00080780573939672634
129 0.13682320133726239 0.00010436278917933251 0.00097730858098044569
130 0.16279963035004413 0.00014663205361165537 0.0011628545025003153
131 0.19110017028815535 0.00020122097093670105 0.0013650012163439668
132 0.22182011729422188 0.00027100781196033049 0.001584429409244442
133 0.25507202221832176 0.00035947619846740349 0.0018219430158451554
134 0.29098630396643616 0.00047079929877432894 0.0020784735997602583
135 0.32971238959984167 0.00060994881120444685 0.0023550884971417262
136 0.37142030233148149 0.00078282856665271624 0.0026530021595105821
137 0.41630262844564631 0.0009964302278204619 0.0029735902031831881
138 0.46457684252396358 0.0012590096217823495 0.0033184060180283114
139 0.51648799551832525 0.0015802839597481651 0.0036891999679880376
140 0.57231178590809317 0.0019716511035700055 0.0040879413279149516
141 0.63235801055851926 0.0024464315736025641 0.0045168429325608515
142 0.69697433995158387 0.0030201288007603065 0.0049783881425113129
143 0.76654996798988506 0.003710680529723401 0.0054753569142134651
144 0.84151753278250974 0.0045385964090587138 0.0060108395198750697
145 0.92234862199543721 0.0055266804404366324 0.0065882044428245516
146 1.0095332509380774 0.006698717034650946 0.0072109517924148388
147 1.1035303882748819 0.0080762870383257988 0.0078823599162491566
148 1.2046835518806025 0.0096733299576027398 0.0086048825134328755
149 1.3131187301616492 0.011489575177959189 0.0093794195011546368
150 1.4286698488834224 0.013505772314985863 0.010204784634881588
151 1.5508804021632612 0.015683871919491898 0.011077717158309009
152 1.6790927618927611 0.017972921376872605 0.011993519727805437
153 1.8125842592289723 0.02031809003175028 0.012947030423064087
154 1.9506852934457657 0.022668769593833949 0.01393346638175547
155 2.092834376660794 0.024983026906763295 0.014948816976148529
156 2.2385632338480277 0.027228207383322114 0.01598973738462877
157 2.3874325918281869 0.029379193631104202 0.017053089941629906
158 2.5389458115587837 0.031416109732884265 0.018135327225419884
159 2.6924620986313683 0.03332263752657217 0.019231872133081203
160 2.8471246874536211 0.03508532266275094 0.02033660491038301
161 3.0018161308332423 0.036693703252325495 0.021441543791666018
162 3.1551514932253149 0.038140862076538461 0.022536796380180819
163 3.3055171071973204 0.039423991420065627 0.02361083647998086
164 3.4511555578976774 0.040544679104667067 0.024651111127840554
165 3.5902875113163399 0.04150877572094272 0.025644910795116715
166 3.7212515495644025 0.04232584538791475 0.026580368211174304
167 3.8426376967641196 0.043008312404200971 0.027447412119743712
168 3.9533922707151463 0.043570449756947759 0.028238516219393901
169 4.0528783120896064 0.044027372557172532 0.028949130800640044
170 4.1408869693328816 0.044394151099745788 0.029577764066663442
171 4.2176050278018868 0.044685119655789397 0.030125750198584905
172 4.2835505246209795 0.044913401119792022 0.030596789461578424
173 4.3394910520216712 0.045090635911763953 0.030996364657297652
174 4.3863582965576411 0.045226878807989389 0.031331130689697437
175 4.4251691051455877 0.045330621444743174 0.031608350751039911
176 4.4569594732715965 0.045408897841611159 0.03183542480908283
177 4.4827338717430454 0.045467437631985769 0.032019527655307467
178 4.5034300650018384 0.045510837723675632 0.032167357607155986
179 4.5198975771247882 0.045542738847413444 0.032284982693748486
180 4.5328872372347009 0.045565988541139406 0.032377765980247865
181 4.5430488574775278 0.045582788629601183 0.03245034898198234
182 4.550935031232509 0.045594824325961805 0.032506678794517921
183 4.5570083731403406 0.045603372078945055 0.032550059808145293
184 4.5616507551381718 0.045609389508915264 0.032583219679558371
185 4.5651736215112848 0.045613587552330657 0.03260838301079489
186 4.5678279923078975 0.04561648940880407 0.032627342802199269
187 4.5698140812058252 0.045618476230224636 0.032641529151470179
188 4.5712900124019766 0.045619822913602816 0.032652071517156975
189 4.5723794435240999 0.045620726863434678 0.032659853168029288
190 4.5731782977712712 0.045621326851623123 0.032665559269794794
191 4.5737602167359386 0.045621720692738128 0.032669715833828133
192 4.5741814299101291 0.045621976182240002 0.032672724499358062
193 4.5744843281667968 0.045622139449938696 0.03267488805833426
194 4.574700821809266 0.045622242518530032 0.032676434441494755
195 4.5748546085440127 0.045622306340440504 0.03267753291817152
196 4.5749632257289354 0.045622345280193932 0.032678308755206685
197 4.5750394001408221 0.045622368493535237 0.032678852858148727
198 4.5750925015354245 0.045622381846582641 0.032679232153824463
199 4.5751293108426916 0.045622389274726977 0.032679495077447794
200 4.5751546918165031 0.045622393272705911 0.032679676370117879
201 4.5751720846501378 0.045622395254389637 0.032679800604643844
202 4.5751839359907036 0.045622396068008421 0.032679885257076456
203 4.5751919407770201 0.045622396523612149 0.032679942434121569
204 4.5751973668639758 0.045622396496918696 0.032679981191885539
205 4.5752010206957312 0.045622396341571912 0.032680007290683794
206 4.5752034617431327 0.045622396112811429 0.032680024726736666
207 4.5752050798026911 0.045622395903588471 0.032680036284304936
208 4.5752061449383223 0.045622395717563075 0.032680043892416591
209 4.5752068413691775 0.045622395548814844 0.032680048866922697
210 4.5752072939558248 0.045622395427520869 0.032680052099684463
211 4.5752075861759307 0.045622395347211221 0.032680054186970932
212 4.5752077736571186 0.04562239528342784 0.032680055526122277
213 4.575207893168332 0.045622395242381958 0.032680056379773802
214 4.5752079689720553 0.045622395214972765 0.032680056921228967
215 4.5752080167016889 0.045622395194367449 0.032680057262154921
216 4.5752080466343905 0.045622395181994714 0.03268005747595993
217 4.5752080652762901 0.045622395173400429 0.03268005760911636
218 4.5752080768193277 0.045622395167992366 0.032680057691566629
219 4.5752080839432203 0.045622395164522642 0.032680057742451571
220 4.5752080839432203 0.045622395164522642 0.032680057742451571
221 4.5752080839432203 0.045622395164522642 0.032680057742451571
222 4.5752080839432203 0.045622395164522642 0.032680057742451571
223 4.5752080839432203 0.045622395164522642 0.032680057742451571
224 4.5752080839432203 0.045622395164522642 0.032680057742451571
225 4.5752080839432203 0.045622395164522642 0.032680057742451571
226 4.5752080839432203 0.045622395164522642 0.032680057742451571
227 4.5752080839432203 0.045622395164522642 0.032680057742451571
228 4.5752080839432203 0.045622395164522642 0.032680057742451571
229 4.5752080839432203 0.045622395164522642 0.032680057742451571
230 4.5752080839432203 0.045622395164522642 0.032680057742451571
231 4.5752080839432203 0.045622395164522642 0.032680057742451571
232 4.5752080839432203 0.045622395164522642 0.032680057742451571
233 4.5752080839432203 0.045622395164522642 0.032680057742451571
234 4.5752080839432203 0.045622395164522642 0.032680057742451571
235 4.5752080839432203 0.045622395164522642 0.032680057742451571
236 4.5752080839432203 0.045622395164522642 0.032680057742451571
237 4.5752080839432203 0.045622395164522642 0.032680057742451571
238 4.5752080839432203 0.045622395164522642 0.032680057742451571
239 4.5752080839432203 0.045622395164522642 0.032680057742451571
240 4.5752080839432203 0.045622395164522642 0.032680057742451571
241 4.5752080839432203 0.045622395164522642 0.032680057742451571
242 4.5752080839432203 0.045622395164522642 0.032680057742451571
243 4.5752080839432203 0.045622395164522642 0.032680057742451571
244 4.5752080839432203 0.045622395164522642 0.032680057742451571
245 4.5752080839432203 0.045622395164522642 0.032680057742451571
246 4.5752080839432203 0.045622395164522642 0.032680057742451571
247 4.5752080839432203 0.045622395164522642 0.032680057742451571
248 4.5752080839432203 0.045622395164522642 0.032680057742451571
249 4.5752080839432203 0.045622395164522642 0.032680057742451571
250 4.5752080839432203 0.045622395164522642 0.032680057742451571
251 4.5752080839432203 0.045622395164522642 0.032680057742451571
252 4.5752080839432203 0.045622395164522642 0.032680057742451571
253 4.5752080839432203 0.045622395164522642 0.032680057742451571
254 4.5752080839432203 0.045622395164522642 0.032680057742451571
255 4.5752080839432203 0.045622395164522642 0.032680057742451571
256 4.5752080839432203 0.045622395164522642 0.032680057742451571
257 4.5752080839432203 0.045622395164522642 0.032680057742451571
258 4.5752080839432203 0.045622395164522642 0.032680057742451571
259 4.5752080839432203 0.045622395164522642 0.032680057742451571
260 4.5752080839432203 0.045622395164522642 0.032680057742451571
261 4.5752080839432203 0.045622395164522642 0.032680057742451571
262 4.5752080839432203 0.045622395164522642 0.032680057742451571
263 4.5752080839432203 0.045622395164522642 0.032680057742451571
264 4.5752080839432203 0.045622395164522642 0.032680057742451571
265 4.5752080839432203 0.045622395164522642 0.032680057742451571
266 4.5752080839432203 0.045622395164522642 0.032680057742451571
267 4.5752080839432203 0.045622395164522642 0.032680057742451571
268 4.5752080839432203 0.045622395164522642 0.032680057742451571
269 4.5752080839432203 0.045622395164522642 0.032680057742451571
270 4.5752080839432203 0.045622395164522642 0.032680057742451571
271 4.5752080839432203 0.045622395164522642 0.032680057742451571
272 4.5752080839432203 0.045622395164522642 0.032680057742451571
273 4.5752080839432203 0.045622395164522642 0.032680057742451571
274 4.5752080839432203 0.045622395164522642 0.032680057742451571
275 4.5752080839432203 0.045622395164522642 0.032680057742451571
276 4.5752080839432203 0.045622395164522642 0.032680057742451571
277 4.5752080839432203 0.045622395164522642 0.032680057742451571
278 4.5752080839432203 0.045622395164522642 0.032680057742451571
279 4.5752080839432203 0.045622395164522642 0.032680057742451571
280 4.5752080839432203 0.045622395164522642 0.032680057742451571
281 4.5752080839432203 0.045622395164522642 0.032680057742451571
282 4.5752080839432203 0.045622395164522642 0.032680057742451571
283 4.5752080839432203 0.045622395164522642 0.032680057742451571
284 4.5752080839432203 0.045622395164522642 0.032680057742451571
285 4.5752080839432203 0.045622395164522642 0.032680057742451571
286 4.5752080839432203 0.045622395164522642 0.032680057742451571
287 4.5752080839432203 0.045622395164522642 0.032680057742451571
288 4.5752080839432203 0.045622395164522642 0.032680057742451571
289 4.5752080839432203 0.045622395164522642 0.032680057742451571
290 4.5752080839432203 0.045622395164522642 0.032680057742451571
291 4.5752080839432203 0.045622395164522642 0.032680057742451571
292 4.5752080839432203 0.045622395164522642 0.032680057742451571
293 4.5752080839432203 0.045622395164522642 0.032680057742451571
294 4.5752080839432203 0.045622395164522642 0.032680057742451571
295 4.5752080839432203 0.045622395164522642 0.032680057742451571
296 4.5752080839432203 0.045622395164522642 0.032680057742451571
297 4.5752080839432203 0.045622395164522642 0.032680057742451571
298 4.5752080839432203 0.045622395164522642 0.032680057742451571
299 4.5752080839432203 0.045622395164522642 0.032680057742451571
300 4.5752080839432203 0.045622395164522642 0.032680057742451571
301 4.5752080839432203 0.045622395164522642 0.032680057742451571
302 4.5752080839432203 0.045622395164522642 0.032680057742451571
303 4.5752080839432203 0.045622395164522642 0.032680057742451571
304 4.5752080839432203 0.045622395164522642 0.032680057742451571
305 4.5752080839432203 0.045622395164522642 0.032680057742451571
306 4.5752080839432203 0.045622395164522642 0.032680057742451571
307 4.5752080839432203 0.045622395164522642 0.032680057742451571
308 4.5752080839432203 0.045622395164522642 0.032680057742451571
309 4.5752080839432203 0.045622395164522642 0.032680057742451571
310 4.5752080839432203 0.045622395164522642 0.032680057742451571
311 4.5752080839432203 0.045622395164522642 0.032680057742451571
312 4.5752080839432203 0.045622395164522642 0.032680057742451571
313 4.5752080839432203 0.045622395164522642 0.032680057742451571
314 4.5752080839432203 0.045622395164522642 0.032680057742451571
315 4.5752080839432203 0.045622395164522642 0.032680057742451571
316 4.5752080839432203 0.045622395164522642 0.032680057742451571
317 4.5752080839432203 0.045622395164522642 0.032680057742451571
318 4.5752080839432203 0.045622395164522642 0.032680057742451571
319 4.5752080839432203 0.045622395164522642 0.032680057742451571
320 4.5752080839432203 0.045622395164522642 0.032680057742451571
321 4.5752080839432203 0.045622395164522642 0.032680057742451571
322 4.5752080839432203 0.045622395164522642 0.032680057742451571
323 4.5752080839432203 0.045622395164522642 0.032680057742451571
324 4.5752080839432203 0.045622395164522642 0.032680057742451571
325 4.5752080839432203 0.045622395164522642 0.032680057742451571
326 4.5752080839432203 0.045622395164522642 0.032680057742451571
327 4.5752080839432203 0.045622395164522642 0.032680057742451571
328 4.5752080839432203 0.045622395164522642 0.032680057742451571
329 4.5752080839432203 0.045622395164522642 0.032680057742451571
330 4.5752080839432203 0.045622395164522642 0.032680057742451571
331 4.5752080839432203 0.045622395164522642 0.032680057742451571
332 4.5752080839432203 0.045622395164522642 0.032680057742451571
333 4.5752080839432203 0.045622395164522642 0.032680057742451571
334 4.5752080839432203 0.045622395164522642 0.032680057742451571
335 4.5752080839432203 0.045622395164522642 0.032680057742451571
336 4.5752080839432203 0.045622395164522642 0.032680057742451571
337 4.5752080839432203 0.045622395164522642 0.032680057742451571
338 4.5752080839432203 0.045622395164522642 0.032680057742451571
339 4.5752080839432203 0.045622395164522642 0.032680057742451571
340 4.5752080839432203 0.045622395164522642 0.032680057742451571
341 4.5752080839432203 0.045622395164522642 0.032680057742451571
342 4.5752080839432203 0.045622395164522642 0.032680057742451571
343 4.5752080839432203 0.045622395164522642 0.032680057742451571
344 4.5752080839432203 0.045622395164522642 0.032680057742451571
345 4.5752080839432203 0.045622395164522642 0.032680057742451571
346 4.5752080839432203 0.045622395164522642 0.032680057742451571
347 4.5752080839432203 0.045622395164522642 0.032680057742451571
348 4.5752080839432203 0.045622395164522642 0.032680057742451571
349 4.5752080839432203 0.045622395164522642 0.032680057742451571
350 4.5752080839432203 0.045622395164522642 0.032680057742451571
351 4.5752080839432203 0.045622395164522642 0.032680057742451571
352 4.5752080839432203 0.045622395164522642 0.032680057742451571
353 4.5752080839432203 0.045622395164522642 0.032680057742451571
354 4.5752080839432203 0.045622395164522642 0.032680057742451571
355 4.5752080839432203 0.045622395164522642 0.032680057742451571
356 4.5752080839432203 0.045622395164522642 0.032680057742451571
357 4.5752080839432203 0.045622395164522642 0.032680057742451571
358 4.5752080839432203 0.045622395164522642 0.032680057742451571
359 4.5752080839432203 0.045622395164522642 0.032680057742451571
360 4.5752080839432203 0.045622395164522642 0.032680057742451571
361 4.5752080839432203 0.045622395164522642 0.032680057742451571
362 4.5752080839432203 0.045622395164522642 0.032680057742451571
363 4.5752080839432203 0.045622395164522642 0.032680057742451571
364 4.5752080839432203 0.045622395164522642 0.032680057742451571
365 4.5752080839432203 0.045622395164522642 0.032680057742451571
366 4.5752080839432203 0.045622395164522642 0.032680057742451571
367 4.5752080839432203 0.045622395164522642 0.032680057742451571
368 4.5752080839432203 0.045622395164522642 0.032680057742451571
369 4.5752080839432203 0.045622395164522642 0.032680057742451571
370 4.5752080839432203 0.045622395164522642 0.032680057742451571
371 4.5752080839432203 0.045622395164522642 0.032680057742451571
372 4.5752080839432203 0.045622395164522642 0.032680057742451571
373 4.5752080839432203 0.045622395164522642 0.032680057742451571
374 4.5752080839432203 0.045622395164522642 0.032680057742451571
375 4.5752080839432203 0.045622395164522642 0.032680057742451571
376 4.5752080839432203 0.045622395164522642 0.032680057742451571
377 4.5752080839432203 0.045622395164522642 0.032680057742451571
378 4.5752080839432203 0.045622395164522642 0.032680057742451571
379 4.5752080839432203 0.045622395164522642 0.032680057742451571
380 4.5752080839432203 0.045622395164522642 0.032680057742451571
381 4.5752080839432203 0.045622395164522642 0.032680057742451571
382 4.5752080839432203 0.045622395164522642 0.032680057742451571
383 4.5752080839432203 0.045622395164522642 0.032680057742451571
384 4.5752080839432203 0.045622395164522642 0.032680057742451571
385 4.5752080839432203 0.045622395164522642 0.032680057742451571
386 4.5752080839432203 0.045622395164522642 0.032680057742451571
387 4.5752080839432203 0.045622395164522642 0.032680057742451571
388 4.5752080839432203 0.045622395164522642 0.032680057742451571
389 4.5752080839432203 0.045622395164522642 0.032680057742451571
390 4.5752080839432203 0.045622395164522642 0.032680057742451571
391 4.5752080839432203 0.045622395164522642 0.032680057742451571
392 4.5752080839432203 0.045622395164522642 0.032680057742451571
393 4.5752080839432203 0.045622395164522642 0.032680057742451571
394 4.5752080839432203 0.045622395164522642 0.032680057742451571
395 4.5752080839432203 0.045622395164522642 0.032680057742451571
396 4.5752080839432203 0.045622395164522642 0.032680057742451571
397 4.5752080839432203 0.045622395164522642 0.032680057742451571
398 4.5752080839432203 0.045622395164522642 0.032680057742451571
399 4.5752080839432203 0.045622395164522642 0.032680057742451571
400 4.5752080839432203 0.045622395164522642 0.032680057742451571
401 4.5752080839432203 0.045622395164522642 0.032680057742451571
402 4.5752080839432203 0.045622395164522642 0.032680057742451571
403 4.5752080839432203 0.045622395164522642 0.032680057742451571
404 4.5752080839432203 0.045622395164522642 0.032680057742451571
405 4.5752080839432203 0.045622395164522642 0.032680057742451571
406 4.5752080839432203 0.045622395164522642 0.032680057742451571
407 4.5752080839432203 0.045622395164522642 0.032680057742451571
408 4.5752080839432203 0.045622395164522642 0.032680057742451571
409 4.5752080839432203 0.045622395164522642 0.032680057742451571
410 4.5752080839432203 0.045622395164522642 0.032680057742451571
411 4.5752080839432203 0.045622395164522642 0.032680057742451571
412 4.5752080839432203 0.045622395164522642 0.032680057742451571
413 4.5752080839432203 0.045622395164522642 0.032680057742451571
414 4.5752080839432203 0.045622395164522642 0.032680057742451571
415 4.5752080839432203 0.045622395164522642 0.032680057742451571
416 4.5752080839432203 0.045622395164522642 0.032680057742451571
417 4.5752080839432203 0.045622395164522642 0.032680057742451571
418 4.5752080839432203 0.045622395164522642 0.032680057742451571
419 4.5752080839432203 0.045622395164522642 0.032680057742451571
420 4.5752080839432203 0.045622395164522642 0.032680057742451571
421 4.5752080839432203 0.045622395164522642 0.032680057742451571
422 4.5752080839432203 0.045622395164522642 0.032680057742451571
423 4.5752080839432203 0.045622395164522642 0.032680057742451571
424 4.5752080839432203 0.045622395164522642 0.032680057742451571
425 4.5752080839432203 0.045622395164522642 0.032680057742451571
426 4.5752080839432203 0.045622395164522642 0.032680057742451571
427 4.5752080839432203 0.045622395164522642 0.032680057742451571
428 4.5752080839432203 0.045622395164522642 0.032680057742451571
429 4.5752080839432203 0.045622395164522642 0.032680057742451571
430 4.5752080839432203 0.045622395164522642 0.032680057742451571
431 4.5752080839432203 0.045622395164522642 0.032680057742451571
432 4.5752080839432203 0.045622395164522642 0.032680057742451571
433 4.5752080839432203 0.045622395164522642 0.032680057742451571
434 4.5752080839432203 0.045622395164522642 0.032680057742451571
435 4.5752080839432203 0.045622395164522642 0.032680057742451571
436 4.5752080839432203 0.045622395164522642 0.032680057742451571
437 4.5752080839432203 0.045622395164522642 0.032680057742451571
438 4.5752080839432203 0.045622395164522642 0.032680057742451571
439 4.5752080839432203 0.045622395164522642 0.032680057742451571
440 4.5752080839432203 0.045622395164522642 0.032680057742451571
441 4.5752080839432203 0.045622395164522642 0.032680057742451571
442 4.5752080839432203 0.045622395164522642 0.032680057742451571
443 4.5752080839432203 0.045622395164522642 0.032680057742451571
444 4.5752080839432203 0.045622395164522642 0.032680057742451571
445 4.5752080839432203 0.045622395164522642 0.032680057742451571
446 4.5752080839432203 0.045622395164522642 0.032680057742451571
447 4.5752080839432203 0.045622395164522642 0.032680057742451571
448 4.5752080839432203 0.045622395164522642 0.032680057742451571
449 4.5752080839432203 0.045622395164522642 0.032680057742451571
450 4.5752080839432203 0.045622395164522642 0.032680057742451571
451 4.5752080839432203 0.045622395164522642 0.032680057742451571
452 4.5752080839432203 0.045622395164522642 0.032680057742451571
453 4.5752080839432203 0.045622395164522642 0.032680057742451571
454 4.5752080839432203 0.045622395164522642 0.032680057742451571
455 4.5752080839432203 0.045622395164522642 0.032680057742451571
456 4.5752080839432203 0.045622395164522642 0.032680057742451571
457 4.5752080839432203 0.045622395164522642 0.032680057742451571
458 4.5752080839432203 0.045622395164522642 0.032680057742451571
459 4.5752080839432203 0.045622395164522642 0.032680057742451571
460 4.5752080839432203 0.045622395164522642 0.032680057742451571
461 4.5752080839432203 0.045622395164522642 0.032680057742451571
462 4.5752080839432203 0.045622395164522642 0.032680057742451571
463 4.5752080839432203 0.045622395164522642 0.032680057742451571
464 4.5752080839432203 0.045622395164522642 0.032680057742451571
465 4.5752080839432203 0.045622395164522642 0.032680057742451571
466 4.5752080839432203 0.045622395164522642 0.032680057742451571
467 4.5752080839432203 0.045622395164522642 0.032680057742451571
468 4.5752080839432203 0.045622395164522642 0.032680057742451571
469 4.5752080839432203 0.045622395164522642 0.032680057742451571
470 4.5752080839432203 0.045622395164522642 0.032680057742451571
471 4.5752080839432203 0.045622395164522642 0.032680057742451571
472 4.5752080839432203 0.045622395164522642 0.032680057742451571
473 4.5752080839432203 0.045622395164522642 0.032680057742451571
474 4.5752080839432203 0.045622395164522642 0.032680057742451571
475 4.5752080839432203 0.045622395164522642 0.032680057742451571
476 4.5752080839432203 0.045622395164522642 0.032680057742451571
477 4.5752080839432203 0.045622395164522642 0.032680057742451571
478 4.5752080839432203 0.045622395164522642 0.032680057742451571
479 4.5752080839432203 0.045622395164522642 0.032680057742451571
480 4.5752080839432203 0.045622395164522642 0.032680057742451571
481 4.5752080839432203 0.045622395164522642 0.032680057742451571
482 4.5752080839432203 0.045622395164522642 0.032680057742451571
483 4.5752080839432203 0.045622395164522642 0.032680057742451571
484 4.5752080839432203 0.045622395164522642 0.032680057742451571
485 4.5752080839432203 0.045622395164522642 0.032680057742451571
486 4.5752080839432203 0.045622395164522642 0.032680057742451571
487 4.5752080839432203 0.045622395164522642 0.032680057742451571
488 4.5752080839432203 0.045622395164522642 0.032680057742451571
489 4.5752080839432203 0.045622395164522642 0.032680057742451571
490 4.5752080839432203 0.045622395164522642 0.032680057742451571
491 4.5752080839432203 0.045622395164522642 0.032680057742451571
492 4.5752080839432203 0.045622395164522642 0.032680057742451571
493 4.5752080839432203 0.045622395164522642 0.032680057742451571
494 4.5752080839432203 0.045622395164522642 0.032680057742451571
495 4.5752080839432203 0.045622395164522642 0.032680057742451571
496 4.5752080839432203 0.045622395164522642 0.032680057742451571
497 4.5752080839432203 0.045622395164522642 0.032680057742451571
498 4.5752080839432203 0.045622395164522642 0.032680057742451571
499 4.5752080839432203 0.045622395164522642 0.032680057742451571
500 4.5752080839432203 0.045622395164522642 0.032680057742451571
501 4.5752080839432203 0.045622395164522642 0.032680057742451571
502 4.5752080839432203 0.045622395164522642 0.032680057742451571
503 4.5752080839432203 0.045622395164522642 0.032680057742451571
504 4.5752080839432203 0.045622395164522642 0.032680057742451571
505 4.5752080839432203 0.045622395164522642 0.032680057742451571
506 4.5752080839432203 0.045622395164522642 0.032680057742451571
507 4.5752080839432203 0.045622395164522642 0.032680057742451571
508 4.5752080839432203 0.045622395164522642 0.032680057742451571
509 4.5752080839432203 0.045622395164522642 0.032680057742451571
510 4.5752080839432203 0.045622395164522642 0.032680057742451571
511 4.5752080839432203 0.045622395164522642 0.032680057742451571
512 4.5752080839432203 0.045622395164522642 0.032680057742451571
513 4.5752080839432203 0.045622395164522642 0.032680057742451571
514 4.5752080839432203 0.045622395164522642 0.032680057742451571
515 4.5752080839432203 0.045622395164522642 0.032680057742451571
516 4.5752080839432203 0.045622395164522642 0.032680057742451571
517 4.5752080839432203 0.045622395164522642 0.032680057742451571
518 4.5752080839432203 0.045622395164522642 0.032680057742451571
519 4.5752080839432203 0.045622395164522642 0.032680057742451571
520 4.5752080839432203 0.045622395164522642 0.032680057742451571
521 4.5752080839432203 0.045622395164522642 0.032680057742451571
522 4.5752080839432203 0.045622395164522642 0.032680057742451571
523 4.5752080839432203 0.045622395164522642 0.032680057742451571
524 4.5752080839432203 0.045622395164522642 0.032680057742451571
525 4.5752080839432203 0.045622395164522642 0.032680057742451571
526 4.5752080839432203 0.045622395164522642 0.032680057742451571
527 4.5752080839432203 0.045622395164522642 0.032680057742451571
528 4.5752080839432203 0.045622395164522642 0.032680057742451571
529 4.5752080839432203 0.045622395164522642 0.032680057742451571
530 4.5752080839432203 0.045622395164522642 0.032680057742451571
531 4.5752080839432203 0.045622395164522642 0.032680057742451571
532 4.5752080839432203 0.045622395164522642 0.032680057742451571
533 4.5752080839432203 0.045622395164522642 0.032680057742451571
534 4.5752080839432203 0.045622395164522642 0.032680057742451571
535 4.5752080839432203 0.045622395164522642 0.032680057742451571
536 4.5752080839432203 0.045622395164522642 0.032680057742451571
537 4.5752080839432203 0.045622395164522642 0.032680057742451571
538 4.5752080839432203 0.045622395164522642 0.032680057742451571
539 4.5752080839432203 0.045622395164522642 0.032680057742451571
540 4.5752080839432203 0.045622395164522642 0.032680057742451571
541 4.5752080839432203 0.045622395164522642 0.032680057742451571
542 4.5752080839432203 0.045622395164522642 0.032680057742451571
543 4.5752080839432203 0.045622395164522642 0.032680057742451571
544 4.5752080839432203 0.045622395164522642 0.032680057742451571
545 4.5752080839432203 0.045622395164522642 0.032680057742451571
546 4.5752080839432203 0.045622395164522642 0.032680057742451571
547 4.5752080839432203 0.045622395164522642 0.032680057742451571
548 4.5752080839432203 0.045622395164522642 0.032680057742451571
549 4.5752080839432203 0.045622395164522642 0.032680057742451571
550 4.5752080839432203 0.045622395164522642 0.032680057742451571
551 4.5752080839432203 0.045622395164522642 0.032680057742451571
552 4.5752080839432203 0.045622395164522642 0.032680057742451571
553 4.5752080839432203 0.045622395164522642 0.032680057742451571
554 4.5752080839432203 0.045622395164522642 0.032680057742451571
555 4.5752080839432203 0.045622395164522642 0.032680057742451571
556 4.5752080839432203 0.045622395164522642 0.032680057742451571
557 4.5752080839432203 0.045622395164522642 0.032680057742451571
558 4.5752080839432203 0.045622395164522642 0.032680057742451571
559 4.5752080839432203 0.045622395164522642 0.032680057742451571
560 4.5752080839432203 0.045622395164522642 0.032680057742451571
561 4.5752080839432203 0.045622395164522642 0.032680057742451571
562 4.5752080839432203 0.045622395164522642 0.032680057742451571
563 4.5752080839432203 0.045622395164522642 0.032680057742451571
564 4.5752080839432203 0.045622395164522642 0.032680057742451571
565 4.5752080839432203 0.045622395164522642 0.032680057742451571
566 4.5752080839432203 0.045622395164522642 0.032680057742451571
567 4.5752080839432203 0.045622395164522642 0.032680057742451571
568 4.5752080839432203 0.045622395164522642 0.032680057742451571
569 4.5752080839432203 0.045622395164522642 0.032680057742451571
570 4.5752080839432203 0.045622395164522642 0.032680057742451571
571 4.5752080839432203 0.045622395164522642 0.032680057742451571
572 4.5752080839432203 0.045622395164522642 0.032680057742451571
573 4.5752080839432203 0.045622395164522642 0.032680057742451571
574 4.5752080839432203 0.045622395164522642 0.032680057742451571
575 4.5752080839432203 0.045622395164522642 0.032680057742451571
576 4.5752080839432203 0.045622395164522642 0.032680057742451571
577 4.5752080839432203 0.045622395164522642 0.032680057742451571
578 4.5752080839432203 0.045622395164522642 0.032680057742451571
579 4.5752080839432203 0.045622395164522642 0.032680057742451571
580 4.5752080839432203 0.045622395164522642 0.032680057742451571
581 4.5752080839432203 0.045622395164522642 0.032680057742451571
582 4.5752080839432203 0.045622395164522642 0.032680057742451571
583 4.5752080839432203 0.045622395164522642 0.032680057742451571
584 4.5752080839432203 0.045622395164522642 0.032680057742451571
585 4.5752080839432203 0.045622395164522642 0.032680057742451571
586 4.5752080839432203 0.045622395164522642 0.032680057742451571
587 4.5752080839432203 0.045622395164522642 0.032680057742451571
588 4.5752080839432203 0.045622395164522642 0.032680057742451571
589 4.5752080839432203 0.045622395164522642 0.032680057742451571
590 4.5752080839432203 0.045622395164522642 0.032680057742451571
591 4.5752080839432203 0.045622395164522642 0.032680057742451571
592 4.5752080839432203 0.045622395164522642 0.032680057742451571
593 4.5752080839432203 0.045622395164522642 0.032680057742451571
594 4.5752080839432203 0.045622395164522642 0.032680057742451571
595 4.5752080839432203 0.045622395164522642 0.032680057742451571
596 4.5752080839432203 0.045622395164522642 0.032680057742451571
597 4.5752080839432203 0.045622395164522642 0.032680057742451571
598 4.5752080839432203 0.045622395164522642 0.032680057742451571
599 4.5752080839432203 0.045622395164522642 0.032680057742451571
600 4.484518495201157 0.045320787536691484 0.03203227496572255
601 4.3906359401375319 0.044881300820932439 0.03136168528669666
602 4.2940733532429158 0.044318065115873835 0.030671952523163685
603 4.1953286898485205 0.043644302304222587 0.029966633498918004
604 4.0948827325838213 0.042873506308156048 0.029249162375598724
605 3.9931923088297085 0.042019151704530744 0.028522802205926491
606 3.8906860898769917 0.041094335316575109 0.027790614927692799
607 3.7877622969481646 0.040111520056292878 0.027055444978201174
608 3.6847876177552705 0.039082368892667675 0.026319911555394791
609 3.5820969724086087 0.038017646066071636 0.025586406945775776
610 3.4799938754698765 0.036927167045493092 0.024857099110499117
611 3.3787512466803005 0.035819785177391879 0.024133937476287861
612 3.2786125268881556 0.034703403844620576 0.023418660906343969
613 3.1797930234921168 0.033585007854947849 0.022712807310657977
614 3.0824814038372033 0.032470707805489822 0.022017724313122881
615 2.9868412869039029 0.031365793280437711 0.021334580620742165
616 2.8930128830930584 0.030274791299821378 0.020664377736378987
617 2.8011146568852752 0.029201527856418625 0.020007961834894821
618 2.7112449783984167 0.028149190047339099 0.019366035559988691
619 2.6234837471148742 0.027120387693634233 0.018739169622249103
620 2.5378939687495681 0.026117213031178168 0.018127814062496916
621 2.454523273320754 0.025141297663493527 0.017532309095148243
622 2.3734053678753386 0.024193866439639024 0.016952895484823847
623 2.2945614057037007 0.023275787065332898 0.016389724326455007
624 2.2180012971288683 0.022387617042823136 0.015842866408063344
625 2.1437249180636782 0.021529645365667777 0.015312320843311987
626 2.0717232525984062 0.020701931302780783 0.014798023232845759
627 2.00197944404457 0.019904338609558456 0.014299853171746929
628 1.9344697797198265 0.019136567033706302 0.013817641283713046
629 1.8691645920534241 0.018398179525095548 0.013351175657524458
630 1.8060290780353543 0.017688626547238497 0.01290020770025253
631 1.7450240692365977 0.017007268063727113 0.01246445763740427
632 1.6861067186162977 0.016353391973400928 0.01204361941868784
633 1.6292311240632744 0.015726230467259066 0.011637365171880531
634 1.5743489029380375 0.015124974297951127 0.011245349306700268
635 1.5214097031745026 0.014548784959511799 0.010867212165532162
636 1.4703616646177806 0.013996805112472643 0.010502583318698433
637 1.4211518316969201 0.01346816746046995 0.010151084512120857
638 1.3737265180089731 0.012962002294791138 0.0098123322714926652
639 1.3280316454297103 0.01247744354433316 0.0094859403244979303
640 1.2840130102917477 0.012013634404568546 0.0091715215020839128
641 1.2416165571555446 0.011569730996978484 0.0088686896939681754
642 1.2007885864562899 0.011144906542179587 0.0085770613318306432
643 1.1614759511425181 0.01073835372198806 0.0082962567938751289
644 1.123626220930743 0.010349286809802299 0.008025901578076736
645 1.0871878173352147 0.0099769433616087189 0.0077656272666801057
646 1.0521101407549054 0.0096205855975025484 0.0075150724339636101
647 1.0183436561623838 0.0092795008842343034 0.0072738832583027413
648 0.98583998785509597 0.0089530025349416932 0.0070417141989649714
649 0.95455196950780419 0.0086404297249433569 0.0068182283536271726
650 0.92443370541832115 0.0083411478722011812 0.0066030978958451511
651 0.89544060157818095 0.0080545482316105484 0.0063960042969870064
652 0.86752939286441411 0.0077800474894227905 0.0061966385204601003
653 0.8406581519211882 0.0075170871573713481 0.0060047010851513446
654 0.81478631320942108 0.0072651336087330232 0.0058199022372101509
655 0.78987465642648069 0.007023676785087949 0.0056419618316177192
656 0.76588530751594852 0.006792229863180085 0.0054706093393996321
657 0.74278172656345853 0.0065703283928356063 0.0053055837611675613
658 0.72052869182493262 0.0063575296094006374 0.0051466335130352326
659 0.69909227056619605 0.0061534114223579604 0.0049935162183299721
660 0.67843979922607178 0.0059575718243213005 0.0048459985659005129
661 0.65853986096100103 0.0057696280956767362 0.004703856149721436
662 0.63936225389243684 0.0055892159890798595 0.0045668732420888342
663 0.62087794640319471 0.0054159885529675893 0.0044348424743085339
664 0.60305906534310461 0.0052496160340606245 0.0043075647524507474
665 0.58587884622559405 0.0050897845119687764 0.0041848489016113859
666 0.56931160677668191 0.0049361955373505547 0.0040665114769762997
667 0.55333271045702781 0.0047885653077720993 0.0039523765032644844
668 0.53791852657841244 0.0046466237645274898 0.0038422751898458032
669 0.52304640523974411 0.0045101144738696093 0.0037360457517124578
670 0.50869463067443477 0.004378793240294312 0.0036335330762459627
671 0.49484239476482145 0.004252427991614665 0.003534588534034439
672 0.48146975867135672 0.0041307979764576234 0.0034390697047954051
673 0.46855762666697581 0.0040136935876962142 0.0033468401904783985
674 0.45608770058272574 0.0039009150417075463 0.0032577692898766125
675 0.44404246043513551 0.0037922725958254894 0.0031717318602509678
676 0.4324051262012612 0.0036875857001356458 0.0030886080442947229
677 0.42115963093691322 0.0035866826392757295 0.0030082830781208089
678 0.41029058864868712 0.0034893999921750572 0.0029306470617763364
679 0.39978326711893614 0.0033955822238819502 0.002855594765135258
680 0.38962356284834443 0.0033050814976274996 0.002783025448916746
681 0.37979796981881397 0.003217756886568428 0.0027128426415629569
682 0.37029355684126031 0.0031334743283693406 0.0026449539774375738
683 0.36109794108019022 0.0030521060969031506 0.0025792710077156443
684 0.35219926698695803 0.0029735306628272144 0.0025157090499068431
685 0.34358617956242404 0.0028976321124940052 0.0024541869968744572
686 0.33524780728277481 0.0028243001619406242 0.002394627194876963
687 0.32717373662731719 0.002753429639871254 0.0023369552616236944
688 0.31935399332552905 0.0026849202826530554 0.0022810999523252074
689 0.31177902388518186 0.0026186765444954178 0.0022269930277512991
690 0.30443967624801638 0.0025546073104328274 0.0021745691160572601
691 0.29732718151139992 0.0024926256368114886 0.002123765582224285
692 0.29043313774217977 0.0024326486088480075 0.0020745224124441414
693 0.28374949410894096 0.0023745971328609367 0.0020267821007781497
694 0.27726853353117753 0.0023183956603010387 0.0019804895252226967
695 0.27098285957156348 0.0022639721057788791 0.0019355918540825963
696 0.26488538155621094 0.0022112576316517148 0.0018920384396872211
697 0.25896930014039843 0.0021601864522984822 0.0018497807152885602
698 0.25322809607593716 0.0021106957539367794 0.0018087721148281226
699 0.24765551534918318 0.0020627254366003644 0.0017689679667798799
700 0.24224556230771682 0.0020162182402118835 0.0017303254450551201
701 0.23699248093548383 0.0019711191916377685 0.001692803435253456
702 0.23189075107967616 0.0019273759005320951 0.0016563625077119725
703 0.22693507285891007 0.0018849380942616138 0.001620964806135072
704 0.22212035977178199 0.0018437577223074804 0.0015865739983698713
705 0.21744173060664287 0.0018037889187940809 0.0015531552186188776
706 0.21289449702247532 0.0017649876614261272 0.0015206749787319666
707 0.20847415629449076 0.0017273117857013298 0.0014891011163892197
708 0.20417638417486633 0.0016907209485686168 0.001458402744106188
709 0.19999702655439908 0.0016551765011989796 0.0014285501896742791
710 0.19593209189994787 0.0016206414061080926 0.0013995149421424848
711 0.19197774390090275 0.001587080136203357 0.0013712695992921624
712 0.18813029639007639 0.0015544587132891737 0.0013437878313576886
713 0.18438620414597726 0.0015227444479912408 0.0013170443153284091
714 0.18074205879214694 0.001491906026453082 0.0012910147056581925
715 0.17719458393143109 0.0014619134891186299 0.001265675599510222
716 0.17374062594680917 0.0014327379496787915 0.0012410044710486369
717 0.1703771526486389 0.0014043518045746325 0.0012169796617759921
718 0.16710124480515506 0.0013767284404411443 0.001193580320036822
719 0.16391009392969377 0.0013498423668164927 0.0011707863852120984
720 0.16080099643133333 0.0013236690885818888 0.0011485785459380952
721 0.15777134929832728 0.001298185065681633 0.0011269382092737664
722 0.15481864602701806 0.0012733676717597668 0.0011058474716215576
723 0.15194047319401335 0.0012491952035418123 0.0010852890942429525
724 0.14913450508278742 0.0012256467351847713 0.001065246464877053
725 0.14639850145664893 0.0012027021741738914 0.0010457035818332067
726 0.14373030511737594 0.0011803422628548948 0.0010266450365526852
727 0.14112783059201645 0.0011585481687873633 0.0010080559328001174
728 0.13858907576754387 0.001137302190196302 0.00098992196976817044
729 0.13611210636366594 0.0011165870897183417 0.0009722293311690424
730 0.13369505679480437 0.0010963862380250643 0.0009549646913914598
731 0.13133612917944348 0.0010766836932931889 0.00093811520842459627
732 0.12903358695334119 0.0010574640526141211 0.00092166847823815139
733 0.12678575667857395 0.0010387125167569907 0.00090561254770409961
734 0.12459102247849584 0.0010204147385837268 0.00088993587484639878
735 0.1224478249957064 0.001002557128305606 0.00087462732139790287
736 0.12035465852082579 0.00098512627875925679 0.00085967613229161275
737 0.11831006992653482 0.00096810944728913237 0.00084507192804667735
738 0.11631265486814049 0.00095149427275807838 0.00083080467762957494
739 0.11436105842083373 0.00093526892465640868 0.00081686470300595525
740 0.11245397005493594 0.0009194218685941246 0.00080324264324954252
741 0.11059012448991738 0.00090394200285987306 0.00078992946064226704
742 0.10876829870404042 0.00088881874074939703 0.00077691641931457449
743 0.10698731115933306 0.00087404171590991478 0.00076419507970952193
744 0.10524601988192593 0.00085960109452259395 0.00075175728487089947
745 0.10354331798066306 0.00084548701456433055 0.00073959512843330762
746 0.10187813835016697 0.0008316903729182907 0.00072770098821547838
747 0.10024944688145221 0.00081820207186001292 0.00071606747772465869
748 0.098656245030686249 0.00080501354892194288 0.00070468746450490173
749 0.09709756535620144 0.0007921163451526745 0.00069355403825858172
750 0.09557247470894141 0.00077950252432345765 0.00068266053363529576
751 0.094080062563370315 0.0007671640045107405 0.00067200044688121656
752 0.092619454915213187 0.00075509335210627315 0.00066156753510866566
753 0.091189803319737486 0.0007432832707050381 0.00065135573799812491
754 0.089790285640483886 0.00073172665354087239 0.00064135918314631342
755 0.088420106742625862 0.00072041668266367308 0.00063157219101875621
756 0.087078494610090734 0.00070934668234662703 0.00062198924721493384
757 0.085764703478317064 0.00069851026160312865 0.00061260502484512184
758 0.084478008152802292 0.00068790109014148725 0.00060341434394858785
759 0.083217708631958695 0.00067751327922474763 0.0005944122045139907
760 0.08198312614540311 0.00066734100436551739 0.00058559375818145081
761 0.080773601680181717 0.00065737860372474524 0.0005769542977155837
762 0.079588495621849553 0.00064762057019826546 0.00056848925444178257
763 0.078427190040997574 0.00063806165342050096 0.00056019421457855411
764 0.077289084197916275 0.00062869675575045038 0.00055206488712797341
765 0.076173594973070011 0.00061952080879662562 0.00054409710695050011
766 0.075080158225341698 0.00061052907764415506 0.00053628684446672644
767 0.074008225726656329 0.00060171689168599075 0.00052863018376183093
768 0.072957265550860545 0.00059307967540547693 0.00052112332536328966
769 0.071926761543958356 0.00058461305831017819 0.00051376258245684541
770 0.070916213137172654 0.00057631282070494199 0.00050654437955123326
771 0.069925134378468784 0.00056817483040635952 0.00049946524556049136
772 0.068953052325266453 0.00056019502280778104 0.00049252180232333179
773 0.067999508546920398 0.00055236952662882468 0.00048571077533514568
774 0.067064058595687537 0.00054469460260930444 0.00047902898996919667
775 0.066146269801408891 0.00053716655980050353 0.00047247335572434923
776 0.06524572154411494 0.00052978185102233106 0.00046604086817224956
777 0.064362006487537704 0.00052253702978229892 0.00045972861776812644
778 0.063494728093669628 0.00051542877423154136 0.00045353377209764021
779 0.062643500029627944 0.00050845372839411127 0.00044745357164019959
780 0.061807948469343378 0.00050160879595541905 0.00044148534620959558
781 0.060987709359554124 0.00049489090653102473 0.00043562649542538658
782 0.060182428948723325 0.00048829709878225132 0.00042987449249088088
783 0.059391762985565248 0.00048182445935647164 0.00042422687846832319
784 0.058615376264325683 0.00047547011270482374 0.00041868125903089776
785 0.05785294352855707 0.00046923133022901353 0.00041323531091826479
786 0.05710414876210039 0.00046310550597362103 0.00040788677687214565
787 0.056368683313603681 0.00045708999694669624 0.0004026334522400263
788 0.055646248084046543 0.00045118231598514777 0.00039747320060033243
789 0.054936551537628393 0.00044538001947694636 0.00039240393955448851
790 0.05423930987146322 0.00043968071933169921 0.00038742364193902301
791 0.053554246853845897 0.00043408208772404523 0.00038253033467032781
792 0.052881093765213424 0.00042858187583922898 0.00037772209832295301
793 0.052219588960850334 0.00042317789229454961 0.00037299706400607379
794 0.051569478147019024 0.00041786802756444764 0.00036835341533585016
795 0.050930512029830975 0.00041265013370183961 0.0003637893716416498
796 0.050302450390636057 0.00040752226260374675 0.00035930321707597183
797 0.049685056698234094 0.00040248238233038254 0.00035489326213024351
798 0.049078103056536135 0.0003975286478437304 0.00035055787897525812
799 0.048481364507655299 0.0003926590933907139 0.00034629546076896643
800 0.047894625070501254 0.00038787199184429222 0.00034210446478929465
801 0.047317672212991109 0.00038316552350033952 0.00033798337294993648
802 0.046750299616989482 0.00037853801068010517 0.00033393071154992485
803 0.046192305278478223 0.00037398770874211854 0.00032994503770341586
804 0.045643493591157339 0.00036951302670588053 0.00032602495422255244
805 0.045103673181490875 0.00036511236492511721 0.00032216909415350625
806 0.044572657512119897 0.00036078416643120471 0.0003183761250865707
807 0.044050264724951292 0.00035652691558152625 0.00031464474803536639
808 0.043536317487391722 0.00035233913524993811 0.00031097369633851228
809 0.043030642848390109 0.00034821938518869651 0.00030736173463135794
810 0.042533072127420607 0.00034416626130065833 0.00030380765805300435
811 0.042043440777286327 0.000340178394366371 0.00030031029126633091
812 0.0415615885243154 0.0003362544636067208 0.00029686848945939569
813 0.041087358167851355 0.0003323931388355096 0.00029348112977036682
814 0.040620597231711082 0.00032859314943890468 0.00029014712308365057
815 0.04016115669769868 0.00032485327721839017 0.00028686540498356201
816 0.039708890979179276 0.00032117231163162783 0.00028363493556556626
817 0.039263657985482162 0.00031754907462705018 0.00028045469989630115
818 0.038825319092946405 0.00031398241293383202 0.00027732370780676004
819 0.038393739190929713 0.00031047121954127133 0.00027424099422092654
820 0.037968785376796328 0.00030701434598620462 0.00027120560983425948
821 0.03755032918296948 0.00030361076879263226 0.00026821663702121057
822 0.037138244768037815 0.00030025945107238543 0.00026527317691455582
823 0.036732408544356811 0.00029695934780900676 0.00026237434674540578
824 0.036332700407253032 0.00029370945738365549 0.00025951928862323593
825 0.035939003200173777 0.00029050883525032575 0.00025670716571552697
826 0.035551201970805434 0.0002873565102386822 0.00025393715693432451
827 0.03516918468669479 0.00028425155663335932 0.00025120846204781992
828 0.03479284172912963 0.0002811930593974885 0.00024852029806521163
829 0.034422066713034667 0.00027818017777158196 0.00024587190509310478
830 0.034056754450866367 0.0002752120063112073 0.00024326253179190262
831 0.033696802990707674 0.0002722877127524035 0.00024069144993362623
832 0.033342112178890479 0.00026940645577267749 0.00023815794413493198
833 0.0329925848831727 0.00026656745965886473 0.00023566132059409071
834 0.032648125072958459 0.00026376990303593961 0.00023320089337827471
835 0.032308639793526148 0.00026101303682680787 0.00023077599852518678
836 0.031974037923500134 0.00025829611735717002 0.0002283859851678581
837 0.031644229805840397 0.00025561837725964642 0.00022603021289885998
838 0.031319128742804056 0.00025297913924166027 0.00022370806244860039
839 0.030998648953297701 0.00025037766569713314 0.00022141892109498357
840 0.030682706973147782 0.00024781327314996661 0.0002191621926653413
841 0.030371221100009872 0.00024528528072866377 0.00021693729357149909
842 0.030064111643730098 0.00024279304391519081 0.00021474365459807213
843 0.029761300472443433 0.00024033591983250988 0.00021258071766031022
844 0.029462711131967571 0.00023791328002579614 0.00021044793665691121
845 0.029168268817889632 0.00023552451013633978 0.00020834477727064022
846 0.02887790025692678 0.00023316900205393054 0.00020627071612090556
847 0.028591533761077408 0.00023084616463246133 0.00020422524115055291
848 0.028309099214639727 0.00022855542079266449 0.00020220785153314091
849 0.028030528037377236 0.00022629621529728045 0.00020021805740983741
850 0.027755752924758837 0.00022406798306764952 0.00019825537803399169
851 0.027484707867851288 0.0002218701633297594 0.00019631934191322348
852 0.027217328831513486 0.00021970225883690103 0.00019440949165366774
853 0.026953552630438134 0.00021756374203171617 0.00019252537593170095
854 0.026693317536240421 0.00021545411060622501 0.00019066655383028871
855 0.026436563150896725 0.00021337286371449731 0.00018883259393497661
856 0.026183230091383621 0.00021131951127903534 0.00018702307208131157
857 0.025933260408386363 0.00020929357694385602 0.00018523757434561687
858 0.025686597232468883 0.00020729459081491561 0.00018347569451763489
859 0.025443185009835032 0.00020532210278553377 0.00018173703578453594
860 0.025202969128854658 0.00020337565895340353 0.00018002120806324756
861 0.02496589625145677 0.00020145482656614346 0.00017832783036754836
862 0.024731913990690146 0.00019955917247738633 0.00017665652850492962
863 0.024500971084344604 0.00019768827726268838 0.00017500693631674718
864 0.024273017115303271 0.00019584171632062628 0.00017337869368073765
865 0.024048003277200483 0.00019401911784010009 0.00017177145198000345
866 0.02382588079925578 0.00019222005016779887 0.000170184862851827
867 0.023606602761342264 0.00019044415331584606 0.00016861859115244475
868 0.023390122574749348 0.00018869102975259573 0.00016707230410535249
869 0.023176394883196668 0.00018696031597660413 0.00016554567773711905
870 0.022965375098494136 0.00018525164434584696 0.00016403839356067239
871 0.022757019527082242 0.00018356465805591563 0.00016255013947915888
872 0.022551285338898896 0.00018189900487240975 0.00016108060956356355
873 0.022348130492378725 0.00018025433959545175 0.0001596295035169909
874 0.022147513856751896 0.00017863032698731563 0.00015819652754822783
875 0.021949394963150137 0.00017702663192171837 0.00015678139259392955
876 0.021753734412265118 0.0001754429450351676 0.00015538381723046512
877 0.021560493000826984 0.00017387892119094601 0.00015400352143447846
878 0.021369632784480855 0.0001723342624716597 0.00015264023417486326
879 0.021181116416239099 0.00017080866527974958 0.00015129368868742213
880 0.020994907225770885 0.00016930182943748949 0.00014996362304122061
881 0.020810969369111757 0.00016781347074737627 0.00014864978120794113
882 0.020629267227829477 0.00016634327427914706 0.00014735190877021055
883 0.020449766344319258 0.00016489097345059341 0.00014606975960228041
884 0.020272432744469791 0.00016345628986967454 0.00014480309103192708
885 0.020097233201589956 0.00016203895847184872 0.00014355166572564254
886 0.01992413480411017 0.00016063869825310611 0.00014231524860078694
887 0.019753139897777966 0.00015925545833240498 0.00014109385641269975
888 0.019584147546136431 0.00015788855596424655 0.0001398867681866888
889 0.019417161821667535 0.00015653795695771559 0.00013869401301191096
890 0.019252152416303701 0.00015520341652058966 0.00013751537440216929
891 0.019089089444767504 0.00015388468641791808 0.00013635063889119647
892 0.018927975903573285 0.0001525817380303543 0.00013519982788266633
893 0.01876871809685049 0.00015129391592830024 0.00013406227212036065
894 0.018611320548277868 0.00015002120179348618 0.0001329380039162705
895 0.018455786665281752 0.00014876357091731055 0.00013182704760915536
896 0.018302026526168379 0.0001475203967774879 0.00013072876090120271
897 0.018150044924409168 0.00014629165148179001 0.00012964317803149407
898 0.017999845588243232 0.00014507732404215378 0.00012857032563030879
899 0.017851342532934439 0.00014387681626248474 0.00012750958952096028
900 0.017704569922742944 0.00014269031474535608 0.00012646121373387817
901 0.017559444419544927 0.00014151723667123317 0.00012542460299674947
902 0.017415970739365062 0.00014035754885477199 0.00012439979099546474
903 0.017274125308734185 0.00013921108779412302 0.00012338660934810132
904 0.017133912311948774 0.00013807783562983119 0.00012238508794249124
905 0.016995252239733166 0.00013695721347995206 0.0001213946588552369
906 0.016858177800445781 0.00013584940799267519 0.00012041555571746986
907 0.016722612167249691 0.00013475389085986503 0.00011944722976606922
908 0.016588560887375474 0.00013367065709776968 0.00011848972062411052
909 0.016456002394680164 0.00013259954043925938 0.00011754287424771546
910 0.016324915352093759 0.00013154034979959243 0.00011660653822924114
911 0.016195279070134419 0.00013049293475668775 0.00011568056478667442
912 0.016067098399547283 0.00012945729499139902 0.00011476498856819488
913 0.015940302038884305 0.00012843290900980145 0.00011385930027774503
914 0.015814920591449341 0.00012741995253103518 0.00011296371851035243
915 0.015690909356277396 0.00012641811272365034 0.00011207792397340997
916 0.015568225096488366 0.00012542706504991812 0.00011120160783205976
917 0.015446873790531102 0.00012444682534222526 0.00011033481278950788
918 0.015326860548356427 0.00012347740214268375 0.00010947757534540306
919 0.015208119789095939 0.00012251833531119665 0.00010862942706497099
920 0.015090680271840112 0.0001215697643733516 0.00010779057337028651
921 0.014974501115760935 0.00012063142015583728 0.00010696072225543525
922 0.014859542407888154 0.00011970299735145906 0.00010613958862777252
923 0.014745810378703483 0.00011878452190911817 0.00010532721699073917
924 0.014633310265352584 0.00011787599677352568 0.00010452364475251845
925 0.014521981208419918 0.00011697698437120763 0.00010372843720299941
926 0.014411850973084088 0.00011608765093897114 0.00010294179266488634
927 0.014302881552122594 0.0001152077296157302 0.00010216343965801853
928 0.014195036682567101 0.00011433696738027621 0.00010139311916119358
929 0.014088343073021512 0.00011347549298676601 0.00010063102195015366
930 0.013982763637261303 0.0001126230082429915 9.9876883123295023e-05
931 0.013878264153584331 0.00011177933948269199 9.9130458239888073e-05
932 0.013774870794886627 0.00011094461118864089 9.839193424919019e-05
933 0.013672548329536908 0.00011011854635786462 9.7661059496692199e-05
934 0.013571281756617001 0.00010930098806654373 9.693772683297858e-05
935 0.013471039245312908 0.00010849180561090003 9.6221708895092203e-05
936 0.013371826123578468 0.00010769094839870906 9.5513043739846209e-05
937 0.01327364838047416 0.00010689845639095078 9.4811774146244001e-05
938 0.013176472519001954 0.00010611405396176121 9.411766085001396e-05
939 0.013080285536746779 0.00010533763752249273 9.3430610976762704e-05
940 0.012985057559460868 0.00010456908618474847 9.27504111390062e-05
941 0.012890811337428613 0.00010380840570114197 9.2077223838775809e-05
942 0.012797516211103999 0.00010305542140694011 9.1410830079314279e-05
943 0.012705160591181439 0.00010231007177067519 9.0751147079867422e-05
944 0.012613713788889125 0.00010157208650309597 9.0097955634922311e-05
945 0.012523182426889996 0.00010084151191101495 8.9451303049214258e-05
946 0.012433572179922036 0.00010011836229319531 8.8811229856585968e-05
947 0.012344853659161808 9.9402426011974864e-05 8.8177526136870053e-05
948 0.012256998688155992 9.8693512200607244e-05 8.7549990629685661e-05
949 0.012170030710335029 9.7991775958466377e-05 8.6928790788107352e-05
950 0.012083920341241847 9.7296933526635712e-05 8.6313716723156056e-05
951 0.011998658045813529 9.6608993186443644e-05 8.5704700327239496e-05
952 0.011914232471610678 9.5927808452566941e-05 8.5101660511504836e-05
953 0.01183061688327074 9.5253200338140341e-05 8.4504406309076718e-05
954 0.011747833726784149 9.4585300934142395e-05 8.3913098048458209e-05
955 0.011665856415520837 9.3923918023127814e-05 8.3327545825148829e-05
956 0.011584659293596073 9.326888312444124e-05 8.2747566382829091e-05
957 0.011504264009103126 9.2620302513372782e-05 8.2173314350736617e-05
958 0.011424629513748218 9.1977906532447678e-05 8.1604496526772985e-05
959 0.011345777239865063 9.1341809348901827e-05 8.1041265999036164e-05
960 0.011267682134447286 9.0711831962769313e-05 8.0483443817480618e-05
961 0.011190319981289835 9.0087810692731458e-05 7.9930857009213109e-05
962 0.011113712114272043 8.9469888177840716e-05 7.9383657959086014e-05
963 0.011037833372801387 8.8857820664087406e-05 7.8841666948581337e-05
964 0.010962676098727791 8.8251629282582985e-05 7.8304829276627078e-05
965 0.010888230900934773 8.7651192201458828e-05 7.7773077863819805e-05
966 0.0108144884227906 8.7056385824932944e-05 7.7246345877075718e-05
967 0.010741427812073654 8.646718921283771e-05 7.6724484371954674e-05
968 0.010669067300751869 8.5883569864043463e-05 7.6207623576799067e-05
969 0.010597385834821026 8.5305489500482869e-05 7.5695613105864471e-05
970 0.010526374512509548 8.4732817425062562e-05 7.5188389375068198e-05
971 0.010456024738470286 8.4165451810596929e-05 7.4685890989073476e-05
972 0.010386316288547942 8.3603326235703822e-05 7.4187973489628155e-05
973 0.010317254787338401 8.304643879772254e-05 7.3694677052417145e-05
974 0.010248845502418589 8.2494784893347216e-05 7.3206039302989916e-05
975 0.010181067583682642 8.1948238986419083e-05 7.2721911312018873e-05
976 0.010113913733797905 8.140675007814475e-05 7.2242240955699326e-05
977 0.010047376410121846 8.0870242333016843e-05 7.1766974358013195e-05
978 0.0099814480322872653 8.0338632684512002e-05 7.1296057373480468e-05
979 0.0099161094540086824 7.9811834288796724e-05 7.0829353242919164e-05
980 0.0098513787892979821 7.9289922246969256e-05 7.036699135212845e-05
981 0.009787236408455054 7.8772770832375371e-05 6.9908831488964672e-05
982 0.0097236752898786152 7.8260308417347474e-05 6.9454823499132969e-05
983 0.0096606890485846902 7.7752509665198429e-05 6.9004921775604934e-05
984 0.0095982701341761796 7.7249246350274319e-05 6.855907238697271e-05
985 0.0095364017493950563 7.6750531847262962e-05 6.8117155352821832e-05
986 0.0094750992456596843 7.6256280806870157e-05 6.7679280326140597e-05
987 0.0094143463402441389 7.5766539109723463e-05 6.7245331001743847e-05
988 0.0093541356068914013 7.528116482966111e-05 6.6815254334938584e-05
989 0.0092944603947587058 7.4800077664970675e-05 6.6389002819705045e-05
990 0.0092353041820511187 7.4323231914663634e-05 6.596645844322228e-05
991 0.0091766723078749324 7.3850630516752815e-05 6.55476593419638e-05
992 0.0091185698451194622 7.3382271058877339e-05 6.5132641750853304e-05
993 0.0090609796921443699 7.2918056902546892e-05 6.4721283515316929e-05
994 0.0090038961986528467 7.2457947900534433e-05 6.4313544276091758e-05
995 0.0089473132109007831 7.200186604526193e-05 6.3909380077862738e-05
996 0.0088912254167794608 7.1549786727064017e-05 6.3508752976996146e-05
997 0.0088356165448780152 7.1101607800560894e-05 6.3111546749128678e-05
998 0.0087805024479503269 7.0657382424019939e-05 6.2717874628216616e-05
999 0.008725867146106776 7.0217029491323685e-05 6.2327622472191252e-05
1000 0.0086716950969918417 6.9780465129153657e-05 6.1940679264227446e-05
1001 0.008618001420026826 6.9347710673100255e-05 6.1557153000191611e-05
1002 0.008564770848790924 6.8918703733081987e-05 6.1176934634220886e-05
1003 0.0085119880288944336 6.8493344802098775e-05 6.0799914492103095e-05
1004 0.0084596684315539333 6.8071704678566156e-05 6.0426203082528096e-05
1005 0.0084077966402461343 6.7653674338576052e-05 6.0055690287472385e-05
1006 0.0083563680306416692 6.7239237536143124e-05 5.9688343076011924e-05
1007 0.0083053774468515498 6.6828331004096722e-05 5.9324124620368214e-05
1008 0.0082548200476819968 6.6420906772518621e-05 5.8963000340585691e-05
1009 0.0082046817688902832 6.6016906779482054e-05 5.860486977778774e-05
1010 0.0081549771754916775 6.5616375417790228e-05 5.8249836967797698e-05
1011 0.0081056920473067499 6.5219232914310939e-05 5.7897800337905356e-05
1012 0.0080568222530278694 6.4825474035422681e-05 5.7548730378770497e-05
1013 0.0080083619448176203 6.44349584726614e-05 5.7202585320125856e-05
1014 0.0079602989568457599 6.4047718582916144e-05 5.6859278263183998e-05
1015 0.0079126470655362588 6.3663772233379378e-05 5.6518907610973279e-05
1016 0.007865392379811674 6.3283024688635695e-05 5.6181374141511957e-05
1017 0.0078185306719415846 6.2905438568210565e-05 5.5846647656725607e-05
1018 0.0077720492210123704 6.2530970046018934e-05 5.5514637292945504e-05
1019 0.0077259613519037708 6.2159630206628662e-05 5.5185438227884076e-05
1020 0.0076802544217905539 6.1791381481756644e-05 5.4858960155646812e-05
1021 0.0076349243658283853 6.1426185613996996e-05 5.4535174041631325e-05
1022 0.0075899667552351844 6.1063975582527667e-05 5.4214048251679887e-05
1023 0.0075453780559241474 6.0704751126443284e-05 5.389555754231534e-05
1024 0.0075011545979869285 6.0348494926561091e-05 5.3579675699906634e-05
1025 0.0074572915662957043 5.999509880098816e-05 5.3266368330683602e-05
1026 0.0074137778333867796 5.9644576311295541e-05 5.2955555952762712e-05
1027 0.0073706262748884192 5.9296953117056467e-05 5.264733053491728e-05
1028 0.0073278245901367191 5.8952148170413243e-05 5.2341604215262281e-05
1029 0.0072853694395659313 5.8610156563734717e-05 5.2038353139756653e-05
1030 0.0072432566197823392 5.8270899080717587e-05 5.1737547284159563e-05
1031 0.007201483543987721 5.7934423093569441e-05 5.1439168171340867e-05
1032 0.0071600455580477611 5.7600609032101658e-05 5.114318255748401e-05
1033 0.0071189401805921201 5.7269504918756284e-05 5.0849572718515144e-05
1034 0.0070781554588034441 5.6940997134701143e-05 5.0558253277167461e-05
1035 0.0070377041893250111 5.6615153674514567e-05 5.0269315638035792e-05
1036 0.0069975752127068042 5.6291921845478852e-05 4.9982680090762884e-05
1037 0.0069577652812785745 5.5971278107412889e-05 4.96983234377041e-05
1038 0.0069182704344505864 5.5653139312355736e-05 4.9416217388932758e-05
1039 0.0068790887752455988 5.5337582825423437e-05 4.9136348394611417e-05
1040 0.0068402154774212668 5.502445158146676e-05 4.885868198158048e-05
1041 0.0068016491026255659 5.4713853545246929e-05 4.8583207875896901e-05
1042 0.0067633852178537301 5.440565718404034e-05 4.8309894413240927e-05
1043 0.0067254215010240292 5.4099895379347981e-05 4.8038725007314495e-05
1044 0.0066877549678130326 5.3796545629281372e-05 4.7769678341521663e-05
1045 0.0066503819204410224 5.3495526784443176e-05 4.7502728003150161e-05
1046 0.0066133006370319367 5.3196911223919172e-05 4.7237861693085262e-05
1047 0.0065765067961670327 5.2900563009968092e-05 4.6975048544050232e-05
1048 0.006539998877734537 5.2606565764289148e-05 4.6714277698103838e-05
1049 0.0065037729719048887 5.2314810996785204e-05 4.645552122789206e-05
1050 0.0064678270142871416 5.2025334358923894e-05 4.6198764387765297e-05
1051 0.0064321578219341284 5.173808012842615e-05 4.5943984442386628e-05
1052 0.0063967628614772076 5.1453042058523178e-05 4.5691163296265771e-05
1053 0.0063616393664600078 5.1170192670815879e-05 4.5440281189000055e-05
1054 0.0063267846568576666 5.0889509484033494e-05 4.5191318977554759e-05
1055 0.0062921962193692336 5.0610980666714065e-05 4.4944258709780238e-05
1056 0.0062578711475086042 5.0334560917983518e-05 4.4699079625061461e-05
1057 0.0062238074537128707 5.0060276175505125e-05 4.4455767526520503e-05
1058 0.0061900016660424665 4.9788031388918921e-05 4.4214297614589047e-05
1059 0.0061564525572871459 4.9517908856876653e-05 4.3974661123479614e-05
1060 0.0061231560805305044 4.924976354685602e-05 4.3736829146646459e-05
1061 0.0060901115035808589 4.8983712690976481e-05 4.3500796454148991e-05
1062 0.0060573146813528451 4.871959963139731e-05 4.3266533438234606e-05
1063 0.0060247648148562963 4.8457531866528813e-05 4.3034034391830687e-05
1064 0.0059924581433282685 4.8197379499317279e-05 4.2803272452344773e-05
1065 0.0059603935153677073 4.7939217906818427e-05 4.2574239395483623e-05
1066 0.0059285675882379853 4.7682946520752451e-05 4.2346911344557041e-05
1067 0.0058969790354039637 4.7428622960695311e-05 4.2121278824314025e-05
1068 0.0058656246315982891 4.7176152129779989e-05 4.1897318797130637e-05
1069 0.0058345031820388393 4.6925598378396605e-05 4.1675022728848849e-05
1070 0.0058036113487120421 4.6676853958472876e-05 4.1454366776514589e-05
1071 0.0057729481711342743 4.6429998095856498e-05 4.1235344079530527e-05
1072 0.0057425102186399223 4.618491220554554e-05 4.1017930133142305e-05
1073 0.0057122966467070269 4.594168098726476e-05 4.0802118905050194e-05
1074 0.0056823041004675189 4.5700188547926126e-05 4.0587886431910848e-05
1075 0.0056525316678538128 4.546051060020404e-05 4.0375226198955805e-05
1076 0.0056229762325284626 4.5222546872805946e-05 4.0164115946631877e-05
1077 0.0055936366859250762 4.4986354079138601e-05 3.9954547756607688e-05
1078 0.0055645102326535032 4.4751854060119046e-05 3.9746501661810734e-05
1079 0.0055355955263550645 4.4519081460794638e-05 3.9539968045393319e-05
1080 0.0055068900926380339 4.4287980253673539e-05 3.9334929233128811e-05
1081 0.0054783923768072394 4.4058565466173462e-05 3.9131374120051713e-05
1082 0.0054501001683137183 4.3830798761997123e-05 3.8929286916526561e-05
1083 0.0054220117781467771 4.360468148012639e-05 3.8728655558191267e-05
1084 0.0053941251699237119 4.3380185979294737e-05 3.8529465499455087e-05
1085 0.0053664386138978512 4.3157307379685426e-05 3.8331704384984649e-05
1086 0.0053389501546756892 4.2936021458266299e-05 3.8135358247683492e-05
1087 0.0053116580999481734 4.2716323367289972e-05 3.7940414999629807e-05
1088 0.0052845605168403299 4.2498187763926639e-05 3.7746860834573784e-05
1089 0.0052576557792548204 4.2281612180687697e-05 3.7554684137534431e-05
1090 0.0052309419735725076 4.2066569972536142e-05 3.7363871239803624e-05
1091 0.0052044175188565899 4.1853059463884338e-05 3.7174410848975643e-05
1092 0.0051780805525980895 4.1641055299206447e-05 3.6986289661414925e-05
1093 0.0051519295025667993 4.1430553781202191e-05 3.6799496446905711e-05
1094 0.0051259625857222567 4.1221533164559171e-05 3.6614018469444688e-05
1095 0.0051001782194714596 4.1013986283356921e-05 3.6429844424796139e-05
1096 0.0050745747046668146 4.0807895429479429e-05 3.624696217619153e-05
1097 0.0050491504529923698 4.0603250398561488e-05 3.6065360378516926e-05
1098 0.0050239038351779257 4.0400036478598997e-05 3.5885027394128042e-05
1099 0.0049988332727801043 4.0198241729874911e-05 3.5705951948429316e-05
1100 0.0049739371889747858 3.999785311671865e-05 3.5528122778391325e-05
1101 0.0049492140284868287 3.9798858086273451e-05 3.5351528774905922e-05
1102 0.0049246622551910426 3.9601244407978322e-05 3.5176158965650305e-05
1103 0.004900280343644382 3.9404999508050792e-05 3.5002002454602725e-05
1104 0.0048760667926937788 3.921011156853713e-05 3.4829048519241279e-05
1105 0.0048520201088999484 3.9016568226342255e-05 3.4657286492142486e-05
1106 0.0048281388233384808 3.8824357919527153e-05 3.4486705880989146e-05
1107 0.0048044214750172839 3.8633468588685873e-05 3.4317296250123456e-05
1108 0.0047808666255554763 3.8443888852674092e-05 3.4149047325396261e-05
1109 0.0047574728461543779 3.8255606992514708e-05 3.3981948901102698e-05
1110 0.0047342387279590455 3.8068611783602939e-05 3.3815990913993181e-05
1111 0.004711162873499466 3.7882891833986436e-05 3.3651163382139042e-05
1112 0.0046882439030247114 3.7698436097059442e-05 3.3487456450176511e-05
1113 0.0046654804491402212 3.7515233462156531e-05 3.3324860351001577e-05
1114 0.0046428711609669262 3.7333273095373101e-05 3.3163365435478042e-05
1115 0.0046204147000421074 3.7152544129019612e-05 3.3002962143157911e-05
1116 0.0045981097438700831 3.6973035954575085e-05 3.2843641027643453e-05
1117 0.0045759549821486742 3.6794737937073928e-05 3.268539272963339e-05
1118 0.0045539491199911254 3.6617639681996289e-05 3.2528207999936608e-05
1119 0.0045320908746876434 3.6441730791404603e-05 3.2372077676340309e-05
1120 0.0045103789781662145 3.6267001070479551e-05 3.2216992701187248e-05
1121 0.0044888121746912311 3.6093440357250693e-05 3.2062944104937368e-05
1122 0.0044673892223492948 3.5921038651824495e-05 3.1909923016780679e-05
1123 0.004446108891667867 3.574978601846341e-05 3.1757920654770479e-05
1124 0.0044249699663276515 3.55796726533394e-05 3.1606928330911799e-05
1125 0.0044039712423988506 3.5410688835159101e-05 3.1456937445706075e-05
1126 0.004383111528603276 3.524282495695162e-05 3.1307939490023399e-05
1127 0.0043623896458753579 3.5076071502105873e-05 3.1159926041966841e-05
1128 0.0043418044274146292 3.4910419059236459e-05 3.1012888767247353e-05
1129 0.004321354718384008 3.4745858308811279e-05 3.0866819417028627e-05
1130 0.0043010393758919534 3.4582380032121998e-05 3.0721709827799667e-05
1131 0.0042808572687314398 3.4419975100881045e-05 3.0577551919510286e-05
1132 0.004260807277348436 3.4258634484773358e-05 3.0434337695345971e-05
1133 0.0042408882935997226 3.4098349242310355e-05 3.0292059239998019e-05
1134 0.0042210992207028135 3.3939110526599173e-05 3.0150708719305811e-05
1135 0.0042014389730310742 3.3780909578885455e-05 3.0010278378793388e-05
1136 0.004181906476026476 3.3623737731125009e-05 2.9870760543046259e-05
1137 0.0041625006660394826 3.3467586402774493e-05 2.9732147614567734e-05
1138 0.0041432204902117969 3.3312447100760998e-05 2.9594432072941405e-05
1139 0.0041240649063422905 3.3158311418045739e-05 2.9457606473873504e-05
1140 0.0041050328827617081 3.3005171032726e-05 2.9321663448297916e-05
1141 0.0040861233982062099 3.2853017706939585e-05 2.9186595701472926e-05
1142 0.0040673354416951232 3.2701843285964879e-05 2.9052396012108023e-05
1143 0.0040486680124075499 3.2551639697130506e-05 2.8919057231482498e-05
1144 0.0040301201195628534 3.2402398948887495e-05 2.8786572282591811e-05
1145 0.0040116907823026932 3.2254113129916283e-05 2.8654934159304951e-05
1146 0.0039933790295714833 3.2106774407969988e-05 2.8524135925510597e-05
1147 0.003975183900005278 3.1960375029288249e-05 2.8394170714323414e-05
1148 0.003957104441812037 3.1814907317210259e-05 2.8265031727228837e-05
1149 0.0039391397126662371 3.1670363671812804e-05 2.8136712233330266e-05
1150 0.0039212887795905173 3.1526736568422177e-05 2.8009205568503696e-05
1151 0.0039035507188540227 3.1384018557331347e-05 2.7882505134671591e-05
1152 0.0038859246158569611 3.1242202262331758e-05 2.7756604398978294e-05
1153 0.0038684095650315668 3.1101280380431071e-05 2.7631496893082619e-05
1154 0.0038510046697301037 3.0961245680451742e-05 2.7507176212357883e-05
1155 0.0038337090421276853 3.0822091002698762e-05 2.7383636015197751e-05
1156 0.0038165218031144883 3.0683809257689653e-05 2.7260870022246344e-05
1157 0.0037994420821996127 3.0546393425711065e-05 2.7138872015711518e-05
1158 0.0037824690174076978 3.0409836555705448e-05 2.7017635838626412e-05
1159 0.0037656017551839518 3.0274131764730124e-05 2.6897155394171082e-05
1160 0.0037488394502946526 3.0139272236966115e-05 2.6777424644961804e-05
1161 0.0037321812657337052 3.0005251223114202e-05 2.6658437612383608e-05
1162 0.0037156263726264805 2.987206203948618e-05 2.6540188375903431e-05
1163 0.0036991739501384484 2.9739698067388702e-05 2.6422671072417489e-05
1164 0.0036828231853815547 2.9608152752239672e-05 2.6305879895582532e-05
1165 0.0036665732733254463 2.9477419602983425e-05 2.6189809095181759e-05
1166 0.0036504234167060116 2.9347492191208978e-05 2.6074452976471512e-05
1167 0.0036343728259391858 2.9218364150601346e-05 2.5959805899565614e-05
1168 0.0036184207190316925 2.9090029176068758e-05 2.5845862278797803e-05
1169 0.0036025663214970505 2.8962481023205695e-05 2.5732616582121789e-05
1170 0.0035868088662689866 2.8835713507470894e-05 2.5620063330492762e-05
1171 0.0035711475936189025 2.8709720503608432e-05 2.5508197097277874e-05
1172 0.0035555817510725166 2.8584495944924376e-05 2.5397012507660832e-05
1173 0.0035401105933283569 2.8460033822636429e-05 2.5286504238059691e-05
1174 0.003524733382177543 2.8336328185248628e-05 2.5176667015553878e-05
1175 0.0035094493864236661 2.8213373137860141e-05 2.5067495617311899e-05
1176 0.0034942578818049738 2.8091162841585376e-05 2.4958984870035529e-05
1177 0.0034791581509162591 2.7969691512875061e-05 2.485112964940185e-05
1178 0.0034641494831329079 2.7848953422942414e-05 2.4743924879520772e-05
1179 0.0034492311745349643 2.7728942897116684e-05 2.4637365532392601e-05
1180 0.0034344025278329263 2.7609654314266637e-05 2.4531446627378045e-05
1181 0.0034196628522939285 2.7491082106188552e-05 2.4426163230670919e-05
1182 0.003405011463669221 2.7373220757026808e-05 2.432151045478015e-05
1183 0.0033904476841224288 2.7256064802692873e-05 2.4217483458017349e-05
1184 0.0033759708421587063 2.7139608830289141e-05 2.4114077443990758e-05
1185 0.0033615802725548974 2.7023847477549494e-05 2.4011287661106409e-05
1186 0.003347275316290429 2.6908775432274561e-05 2.3909109402074494e-05
1187 0.0033330553204792644 2.6794387431786724e-05 2.3807538003423317e-05
1188 0.0033189196383025315 2.6680678262381642e-05 2.3706568845018083e-05
1189 0.0033048676289421405 2.6567642758793637e-05 2.3606197349586719e-05
1190 0.0032908986575151565 2.6455275803663646e-05 2.3506418982251117e-05
1191 0.0032770120950090416 2.6343572327016788e-05 2.3407229250064581e-05
1192 0.0032632073182177006 2.6232527305744976e-05 2.3308623701555003e-05
1193 0.0032494837096782771 2.6122135763094399e-05 2.3210597926273407e-05
1194 0.003235840657608863 2.6012392768165371e-05 2.3113147554349023e-05
1195 0.0032222775558468199 2.5903293435409074e-05 2.3016268256048713e-05
1196 0.0032087938037880397 2.5794832924141223e-05 2.2919955741343142e-05
1197 0.0031953888063268147 2.5687006438051755e-05 2.2824205759477246e-05
1198 0.0031820619737965767 2.5579809224729808e-05 2.2729014098546978e-05
1199 0.0031688127219112435 2.5473236575184561e-05 2.2634376585080309e-05
1200 0.0031556404717074768 2.5367283823385146e-05 2.2540289083624834e-05
1201 0.0031425446494874054 2.5261946345790019e-05 2.2446747496338612e-05
1202 0.0031295246867623196 2.5157219560899047e-05 2.2353747762587999e-05
1203 0.0031165800201968293 2.505309892879596e-05 2.2261285858548782e-05
1204 0.0031037100915538942 2.4949579950709379e-05 2.216935779681353e-05
1205 0.0030909143476403871 2.4846658168568087e-05 2.2077959626002765e-05
1206 0.0030781922402534335 2.4744329164571399e-05 2.1987087430381668e-05
1207 0.0030655432261273256 2.4642588560756781e-05 2.1896737329480896e-05
1208 0.0030529667668811465 2.454143201857901e-05 2.1806905477722476e-05
1209 0.0030404623289670028 2.4440855238490382e-05 2.171758806405002e-05
1210 0.0030280293836188782 2.4340853959527363e-05 2.1628781311563414e-05
1211 0.0030156674068021585 2.4241423958904269e-05 2.1540481477158273e-05
1212 0.0030033758791637084 2.4142561051607073e-05 2.1452684851169346e-05
1213 0.0029911542859825989 2.4044261089998165e-05 2.1365387757018564e-05
1214 0.0029790021171214073 2.3946519963420367e-05 2.1278586550867194e-05
1215 0.0029669188669781319 2.3849333597810219e-05 2.1192277621272372e-05
1216 0.0029549040344386411 2.3752697955312319e-05 2.1106457388847436e-05
1217 0.0029429571228297598 2.3656609033901136e-05 2.1021122305926855e-05
1218 0.0029310776398728594 2.3561062867005828e-05 2.0936268856234711e-05
1219 0.0029192650976380468 2.3466055523139697e-05 2.0851893554557478e-05
1220 0.0029075190124988764 2.3371583105534517e-05 2.0767992946420547e-05
1221 0.0028958389050876329 2.3277641751779777e-05 2.0684563607768807e-05
1222 0.0028842243002511138 2.3184227633464125e-05 2.0601602144650813e-05
1223 0.0028726747270069819 2.3091336955824154e-05 2.0519105192907012e-05
1224 0.0028611897185005816 2.2998965957394407e-05 2.0437069417861299e-05
1225 0.002849768811962348 2.2907110909663987e-05 2.0355491514016771e-05
1226 0.0028384115486656293 2.2815768116735386e-05 2.0274368204754493e-05
1227 0.0028271174738850953 2.272493391498871e-05 2.0193696242036394e-05
1228 0.0028158861368555812 2.2634604672749145e-05 2.0113472406111295e-05
1229 0.0028047170907314475 2.2544776789958464e-05 2.0033693505224624e-05
1230 0.0027936098925463986 2.2455446697850819e-05 1.9954356375331418e-05
1231 0.0027825641031738019 2.2366610858631814e-05 1.987545787981287e-05
1232 0.0027715792872874496 2.2278265765161698e-05 1.9796994909196069e-05
1233 0.0027606550133227898 2.2190407940642315e-05 1.9718964380877069e-05
1234 0.0027497908534386307 2.2103033938307637e-05 1.9641363238847364e-05
1235 0.0027389863834792563 2.2016140341117407e-05 1.9564188453423257e-05
1236 0.0027282411829370225 2.192972376145604e-05 1.9487437020978733e-05
1237 0.0027175548349153613 2.1843780840832572e-05 1.9411105963681153e-05
1238 0.0027069269260922442 2.1758308249586311e-05 1.9335192329230315e-05
1239 0.0026963570466840454 2.1673302686594973e-05 1.9259693190600325e-05
1240 0.0026858447904098436 2.1588760878985805e-05 1.9184605645784597e-05
1241 0.0026753897544561254 2.1504679581851218e-05 1.9109926817543752e-05
1242 0.0026649915394419072 2.1421055577966563e-05 1.903565385315648e-05
1243 0.0026546497493842563 2.1337885677511958e-05 1.896178392417326e-05
1244 0.0026443639916642159 2.1255166717796973e-05 1.8888314226172971e-05
1245 0.0026341338769931117 2.1172895562988622e-05 1.8815241978522227e-05
1246 0.0026239590193792607 2.1091069103842306e-05 1.8742564424137576e-05
1247 0.0026138390360950577 2.1009684257436446e-05 1.8670278829250412e-05
1248 0.0026037735476444313 2.0928737966909129e-05 1.8598382483174511e-05
1249 0.0025937621777306916 2.0848227201198848e-05 1.852687269807637e-05
1250 0.0025838045532247263 2.0768148954787607e-05 1.8455746808748047e-05
1251 0.0025739003041335713 2.0688500247447083e-05 1.8385002172382653e-05
1252 0.0025640490635693439 2.0609278123987747e-05 1.8314636168352458e-05
1253 0.0025542504677185224 2.0530479654010932e-05 1.8244646197989446e-05
1254 0.002544504155811575 2.0452101931663417e-05 1.8175029684368392e-05
1255 0.0025348097700929437 2.0374142075395213e-05 1.8105784072092456e-05
1256 0.0025251669557913594 2.0296597227719827e-05 1.8036906827081137e-05
1257 0.0025155753610904873 2.0219464554977251e-05 1.7968395436360622e-05
1258 0.0025060346370999313 2.0142741247099878e-05 1.7900247407856651e-05
1259 0.0024965444378265353 2.0066424517380779e-05 1.7832460270189537e-05
1260 0.0024871044201460178 1.9990511602244648e-05 1.7765031572471556e-05
1261 0.0024777142437749531 1.991499976102165e-05 1.7697958884106808e-05
1262 0.0024683735712430158 1.9839886275723378e-05 1.763123979459297e-05
1263 0.0024590820678655804 1.9765168450821446e-05 1.7564871913325573e-05
1264 0.0024498394017166141 1.9690843613029039e-05 1.7498852869404387e-05
1265 0.0024406452436018687 1.9616909111083926e-05 1.7433180311441919e-05
1266 0.0024314992670323747 1.9543362315535059e-05 1.7367851907374103e-05
1267 0.0024224011481982352 1.9470200618530721e-05 1.7302865344273107e-05
1268 0.0024133505659427153 1.9397421433609311e-05 1.7238218328162251e-05
1269 0.0024043472017366021 1.932502219549251e-05 1.7173908583832872e-05
1270 0.002395390739652874 1.925300035988081e-05 1.7109933854663387e-05
1271 0.0023864808663416255 1.9181353403250984e-05 1.7046291902440183e-05
1272 0.0023776172710053066 1.911007882265634e-05 1.6982980507180762e-05
1273 0.0023687996453741851 1.9039174135528566e-05 1.6919997466958465e-05
1274 0.0023600276836821298 1.8968636879482259e-05 1.6857340597729499e-05
1275 0.0023513010826426294 1.8898464612121543e-05 1.6795007733161639e-05
1276 0.002342619541425092 1.8828654910848453e-05 1.6732996724464942e-05
1277 0.0023339827616313895 1.8759205372673882e-05 1.667130544022421e-05
1278 0.0023253904472726843 1.8690113614030445e-05 1.6609931766233458e-05
1279 0.0023168423047464784 1.8621377270587245e-05 1.654887360533199e-05
1280 0.0023083380428139465 1.8552993997066895e-05 1.6488128877242474e-05
1281 0.0022998773725774893 1.8484961467064487e-05 1.6427695518410637e-05
1282 0.0022914600074585597 1.8417277372868363e-05 1.6367571481846855e-05
1283 0.0022830856631756912 1.8349939425283197e-05 1.6307754736969223e-05
1284 0.0022747540577228204 1.8282945353454645e-05 1.6248243269448718e-05
1285 0.002266464911347786 1.821629290469611e-05 1.6189035081055615e-05
1286 0.0022582179465311129 1.8149979844317309e-05 1.6130128189507948e-05
1287 0.0022500128879649924 1.8084003955454882e-05 1.6071520628321375e-05
1288 0.0022418494625324995 1.8018363038904402e-05 1.6013210446660709e-05
1289 0.0022337273992870462 1.7953054912954848e-05 1.5955195709193188e-05
1290 0.002225646429432042 1.7888077413224227e-05 1.5897474495943158e-05
1291 0.0022176062863007778 1.7823428392497391e-05 1.5840044902148413e-05
1292 0.0022096067053365294 1.7759105720565488e-05 1.5782905038118066e-05
1293 0.0022016474240728755 1.7695107284067016e-05 1.5726053029091966e-05
1294 0.0021937281821142267 1.763143098633086e-05 1.5669487015101619e-05
1295 0.0021858487211165504 1.7568074747220652e-05 1.5613205150832504e-05
1296 0.0021780087847683293 1.7505036502981182e-05 1.5557205605488066e-05
1297 0.0021702081187716955 1.7442314206086147e-05 1.5501486562654966e-05
1298 0.0021624464708237829 1.7379905825087696e-05 1.5446046220169877e-05
1299 0.002154723590598275 1.7317809344467534e-05 1.539088278998768e-05
1300 0.0021470392297271378 1.7256022764489616e-05 1.5335994498050986e-05
1301 0.0021393931417825777 1.7194544101054398e-05 1.5281379584161268e-05
1302 0.0021317850822591519 1.7133371385554668e-05 1.5227036301851086e-05
1303 0.0021242148085560868 1.7072502664732868e-05 1.5172962918257762e-05
1304 0.0021166820799598004 1.7011936000539916e-05 1.5119157713998574e-05
1305 0.0021091866576265716 1.695166946999569e-05 1.5065618983046939e-05
1306 0.0021017283045654286 1.6891701165050647e-05 1.5012345032610204e-05
1307 0.0020943067856211981 1.6832029192449277e-05 1.4959334183008559e-05
1308 0.0020869218674577374 1.6772651673594822e-05 1.4906584767555267e-05
1309 0.002079573318541343 1.6713566744415277e-05 1.4854095132438164e-05
1310 0.0020722609091243334 1.6654772555231075e-05 1.4801863636602381e-05
1311 0.0020649844112288064 1.6596267270624068e-05 1.4749888651634332e-05
1312 0.0020577435986305547 1.6538049069307713e-05 1.4698168561646819e-05
1313 0.0020505382468431811 1.6480116143998859e-05 1.4646701763165578e-05
1314 0.0020433681331023302 1.6422466701290735e-05 1.4595486665016644e-05
1315 0.0020362330363501322 1.636509896152728e-05 1.454452168821523e-05
1316 0.0020291327372197803 1.6308011158678826e-05 1.4493805265855574e-05
1317 0.0020220670180202756 1.6251201540219081e-05 1.4443335843001968e-05
1318 0.0020150356627213362 1.6194668367003274e-05 1.4393111876580973e-05
1319 0.0020080384569384547 1.613840991314769e-05 1.4343131835274676e-05
1320 0.0020010751879181166 1.6082424465910472e-05 1.4293394199415118e-05
1321 0.001994145644523165 1.6026710325573536e-05 1.424389746087975e-05
1322 0.001987249617218325 1.5971265805325782e-05 1.4194640122988036e-05
1323 0.001980386898055866 1.5916089231147483e-05 1.4145620700399042e-05
1324 0.0019735572806614254 1.586117894169597e-05 1.4096837719010182e-05
1325 0.0019667605602199691 1.58065332881923e-05 1.4048289715856921e-05
1326 0.0019599965334618943 1.5752150634309287e-05 1.3999975239013531e-05
1327 0.0019532649986492836 1.5698029356060502e-05 1.3951892847494883e-05
1328 0.0019465657555622934 1.5644167841690604e-05 1.3904041111159239e-05
1329 0.0019398986054856811 1.5590564491566627e-05 1.3856418610612009e-05
1330 0.0019332633511954759 1.5537217718070467e-05 1.3809023937110541e-05
1331 0.0019266597969457766 1.5484125945492441e-05 1.3761855692469832e-05
1332 0.0019200877484556961 1.5431287609925932e-05 1.3714912488969258e-05
1333 0.0019135470128964264 1.5378701159163168e-05 1.3668192949260189e-05
1334 0.0019070373988784401 1.532636505259187e-05 1.3621695706274572e-05
1335 0.0019005587164388253 1.527427776109327e-05 1.3575419403134466e-05
1336 0.0018941107770287418 1.522243776694081e-05 1.3529362693062441e-05
1337 0.0018876933935010136 1.5170843563700148e-05 1.3483524239292955e-05
1338 0.0018813063800978335 1.5119493656130011e-05 1.3437902714984525e-05
1339 0.0018749495524386056 1.5068386560084127e-05 1.3392496803132897e-05
1340 0.0018686227275079026 1.5017520802414133e-05 1.3347305196485019e-05
1341 0.0018623257236435446 1.4966894920873389e-05 1.3302326597453891e-05
1342 0.0018560583605248002 1.4916507464021899e-05 1.3257559718034288e-05
1343 0.0018498204591607054 1.486635699113208e-05 1.3213003279719324e-05
1344 0.001843611841878499 1.4816442072095493e-05 1.316865601341785e-05
1345 0.0018374323323121717 1.4766761287330568e-05 1.3124516659372655e-05
1346 0.0018312817553911372 1.4717313227691156e-05 1.3080583967079551e-05
1347 0.0018251599373290076 1.4668096494376092e-05 1.3036856695207198e-05
1348 0.0018190667056124806 1.4619109698839568e-05 1.2993333611517718e-05
1349 0.001813001888990348 1.457035146270253e-05 1.29500134927882e-05
1350 0.0018069653174626068 1.4521820417664784e-05 1.2906895124732906e-05
1351 0.0018009568222696706 1.4473515205418135e-05 1.2863977301926218e-05
1352 0.0017949762358817046 1.4425434477560319e-05 1.2821258827726461e-05
1353 0.0017890233919880525 1.4377576895509707e-05 1.2778738514200376e-05
1354 0.0017830981254867747 1.432994113042108e-05 1.273641518204839e-05
1355 0.0017772002724742862 1.4282525863101973e-05 1.2694287660530616e-05
1356 0.0017713296702351023 1.4235329783930055e-05 1.2652354787393588e-05
1357 0.0017654861572316786 1.4188351592771169e-05 1.2610615408797704e-05
1358 0.0017596695730943538 1.4141589998898298e-05 1.2569068379245384e-05
1359 0.0017538797586113982 1.4095043720911263e-05 1.2527712561509987e-05
1360 0.0017481165557191431 1.4048711486657228e-05 1.2486546826565308e-05
1361 0.0017423798074922268 1.4002592033151962e-05 1.2445570053515905e-05
1362 0.0017366693581339228 1.3956684106501958e-05 1.2404781129528021e-05
1363 0.0017309850529665641 1.3910986461827148e-05 1.2364178949761172e-05
1364 0.0017253267384220662 1.3865497863184605e-05 1.2323762417300473e-05
1365 0.0017196942620325403 1.3820217083492741e-05 1.2283530443089574e-05
1366 0.0017140874724209968 1.3775142904456456e-05 1.2243481945864264e-05
1367 0.0017085062192921405 1.3730274116492862e-05 1.2203615852086717e-05
1368 0.0017029503534232503 1.3685609518657828e-05 1.2163931095880359e-05
1369 0.0016974197266551574 1.3641147918573215e-05 1.2124426618965409e-05
1370 0.0016919141918833027 1.3596888132354753e-05 1.2085101370595019e-05
1371 0.001686433603048884 1.3552828984540721e-05 1.2045954307492029e-05
1372 0.0016809778151300856 1.350896930802127e-05 1.2006984393786325e-05
1373 0.0016755466841333964 1.3465307943968338e-05 1.1968190600952831e-05
1374 0.0016701400670850123 1.3421843741766452e-05 1.1929571907750087e-05
1375 0.0016647578220223189 1.3378575558943965e-05 1.1891127300159421e-05
1376 0.0016593998079854548 1.3335502261105165e-05 1.1852855771324676e-05
1377 0.0016540658850089564 1.329262272186283e-05 1.1814756321492546e-05
1378 0.0016487559141134911 1.3249935822771615e-05 1.1776827957953509e-05
1379 0.0016434697572976537 1.3207440453261946e-05 1.1739069694983241e-05
1380 0.001638207277529857 1.3165135510574658e-05 1.1701480553784693e-05
1381 0.0016329683387402945 1.312301989969613e-05 1.1664059562430675e-05
1382 0.001627752805812969 1.3081092533294175e-05 1.1626805755806922e-05
1383 0.0016225605445778187 1.3039352331654441e-05 1.1589718175555848e-05
1384 0.0016173914218029 1.2997798222617434e-05 1.1552795870020715e-05
1385 0.0016122453051866498 1.2956429141516225e-05 1.1516037894190355e-05
1386 0.0016071220633502306 1.291524403111461e-05 1.1479443309644503e-05
1387 0.0016020215658299258 1.2874241841546007e-05 1.144301118449947e-05
1388 0.0015969436830696373 1.283342153025277e-05 1.1406740593354552e-05
1389 0.001591888286413426 1.2792782061926277e-05 1.1370630617238758e-05
1390 0.0015868552480981467 1.2752322408447327e-05 1.133468034355819e-05
1391 0.0015818444412461249 1.27120415488274e-05 1.129888886604375e-05
1392 0.0015768557398579337 1.2671938469150188e-05 1.1263255284699527e-05
1393 0.0015718890188052153 1.2632012162513886e-05 1.1227778705751539e-05
1394 0.0015669441538235793 1.2592261628973928e-05 1.1192458241596995e-05
1395 0.0015620210215055686 1.2552685875486244e-05 1.1157293010754062e-05
1396 0.0015571194992936887 1.2513283915851145e-05 1.1122282137812062e-05
1397 0.001552239465473498 1.2474054770657605e-05 1.1087424753382129e-05
1398 0.0015473807991667754 1.2434997467228194e-05 1.1052719994048396e-05
1399 0.0015425433803247387 1.2396111039564438e-05 1.1018167002319561e-05
1400 0.001537727089721333 1.2357394528292699e-05 1.098376492658095e-05
