index sum SD mean
25 0.0 0.0 0.0
26 0.0 0.0 0.0
27 0.0 0.0 0.0
28 0.0 0.0 0.0
29 0.0 0.0 0.0
30 0.0 0.0 0.0
31 0.0 0.0 0.0
32 0.0 0.0 0.0
33 0.0 0.0 0.0
34 0.0 0.0 0.0
35 0.0 0.0 0.0
36 0.0 0.0 0.0
37 0.0 0.0 0.0
38 0.0 0.0 0.0
39 0.0 0.0 0.0
40 0.0 0.0 0.0
41 0.0 0.0 0.0
42 0.0 0.0 0.0
43 0.0 0.0 0.0
44 0.0 0.0 0.0
45 0.0 0.0 0.0
46 0.0 0.0 0.0
47 0.0 0.0 0.0
48 0.0 0.0 0.0
49 0.0 0.0 0.0
50 0.0 0.0 0.0
51 0.0 0.0 0.0
52 0.0 0.0 0.0
53 0.0 0.0 0.0
54 0.0 0.0 0.0
55 0.0 0.0 0.0
56 0.0 0.0 0.0
57 0.0 0.0 0.0
58 0.0 0.0 0.0
59 0.0 0.0 0.0
60 0.022990366504841559 9.685332439440626e-07 0.00021689025004567508
61 0.08026917749727408 7.2566227334323378e-06 0.00075725639148371772
62 0.16346277784770774 2.5274577657287949e-05 0.0015421016778085635
63 0.26991905188237264 6.3221348091604664e-05 0.0025464061498337042
64 0.3984352598870794 0.00013128148310547296 0.0037588232064818812
65 0.54852711999860926 0.00024198513125182233 0.0051747841509302761
66 0.72016351143178847 0.00041069538865401965 0.0067939953908659288
67 0.91364521522334641 0.00065622386273195385 0.0086192944832391167
68 1.1295436976295359 0.0010015873591360774 0.010656072619146565
69 1.3686693338304912 0.0014749250476585119 0.012911974847457463
70 1.6320544360941516 0.0021105923045670327 0.015396739963152373
71 1.9209403966724772 0.0029503834474184963 0.018122079213891293
72 2.2367535767955204 0.0040445017131407425 0.02110144883769359
73 2.5810349631644938 0.0054508220276230073 0.024349386444948055
74 2.9552466896284648 0.0072289604532778228 0.027879685751211931
75 3.3603387976542884 0.0094244684645454647 0.031701309411832912
76 3.7959995368902542 0.012042682975484687 0.035811316385757117
77 4.259692289318461 0.015022974742883718 0.040185776314325107
78 4.7458054120305375 0.018232496969448883 0.044771749170099413
79 5.2453042335461921 0.021490122027022943 0.049484002203265966
80 5.7461283092952797 0.024610178617194903 0.054208757634861132
81 6.2343560014911983 0.027443143965288866 0.058814679259350924
82 6.695941263824694 0.029896985847261727 0.063169257205893337
83 7.1186194068964372 0.031937635437439882 0.067156786857513556
84 7.493470567235831 0.033576474183112187 0.070693118558828594
85 7.8157379955698545 0.034853759386963432 0.073733377316696741
86 8.0847871990925473 0.035823735422892543 0.07627157734992969
87 8.3033860787591749 0.036543742454909198 0.078333830931690329
88 8.4766381584620802 0.037067461853328355 0.079968284513793203
89 8.6108879977383594 0.037441477531524762 0.081234792431493952
90 8.7128086249276517 0.037704118436696403 0.082196307782336331
91 8.7887571477774191 0.037885678154041307 0.082912803280919045
92 8.8443937621962672 0.038009343903965515 0.083437677001851576
93 8.8845123975477378 0.038092396536279223 0.083816154693846581
94 8.9130182269821727 0.03814742251065522 0.084085077613039363
95 8.9329936291912642 0.03818340412536015 0.084273524803691172
96 8.9468081311555103 0.038206633928013614 0.084403850293919905
97 8.956242286383743 0.038221445341525377 0.084492851758337192
98 8.9626074235845739 0.038230774632114405 0.08455290022249598
99 8.9668519555026833 0.038236580851676298 0.084592942976440405
100 8.9696504699555621 0.038240152173556273 0.084619344056184542
101 8.971475391887509 0.038242323540857812 0.084636560300825558
102 8.9726527639232945 0.038243628813684712 0.084647667584182018
103 8.973404500183662 0.038244404725032148 0.084654759435694921
104 8.9738796282626154 0.038244860822052709 0.084659241776062405
105 8.9741769908174618 0.038245126094821565 0.084662047083183603
106 8.9743613208005968 0.038245278698335133 0.084663786045288653
107 8.9744745255809715 0.038245365578486998 0.084664854014914831
108 8.9745434231679866 0.038245414513508415 0.084665503992150823
109 8.9745849881559554 0.038245441773788233 0.084665896114678826
110 8.9746098512030503 0.038245456809092568 0.084666130671726889
111 8.974624601282688 0.038245465015932324 0.084666269823421583
112 8.9746332820975017 0.038245469444923207 0.084666351717900962
113 8.9746383514428079 0.038245471738741335 0.084666399541913281
114 8.9746412779386073 0.038245472912010275 0.084666427150364224
115 8.9746429628571942 0.038245473617435882 0.08466644304582259
116 8.9746439290231823 0.038245473993293595 0.084666452160596054
117 8.9746444800161367 0.038245474176427374 0.084666457358642797
118 8.9746450297402092 0.038245474375826025 0.084666462544718948
119 8.9746451060195227 0.038245474386310332 0.084666463264335121
120 8.9746451812363031 0.038245474390290836 0.084666463973927381
121 8.9746451891568615 0.038245474387450622 0.084666464048649637
122 8.9746451941977465 0.038245474375652448 0.084666464096205152
123 8.9746451940707086 0.038245474386081668 0.08466646409500668
124 8.9746451941512859 0.038245474384906018 0.08466646409576685
125 8.974645193846909 0.038245474380607943 0.084666464092895369
126 8.9746451938218197 0.038245474383178157 0.084666464092658683
127 8.9746451938398994 0.038245474380757982 0.084666464092829241
128 8.9746451936164178 0.038245474361443439 0.084666464090720928
129 8.974645193846948 0.038245474381593023 0.08466646409289573
130 8.9746451943065466 0.038245474419873908 0.084666464097231567
131 8.9746451938907832 0.038245474385361848 0.084666464093309274
132 8.9746451931421127 0.038245474347275016 0.08466646408624634
133 8.9746451937996614 0.038245474381694261 0.084666464092449642
134 8.9746451940844345 0.038245474394714256 0.084666464095136174
135 8.9746451938850953 0.038245474385705663 0.084666464093255622
136 8.9746451934872606 0.038245474356087814 0.084666464089502458
137 8.9746451936811713 0.0382454743729089 0.0846664640913318
138 8.9746451943989989 0.03824547441819226 0.084666464098103758
139 8.9746451938837453 0.038245474384923435 0.084666464093242882
140 8.9746451932791249 0.038245474344036863 0.084666464087538917
141 8.9746451937622265 0.038245474377002993 0.08466646409209648
142 8.9746451938058538 0.038245474380570965 0.084666464092508054
143 8.9746451939009919 0.038245474387045286 0.084666464093405586
144 8.9746451935954639 0.03824547435164611 0.084666464090523239
145 8.9746451937906162 0.038245474376924792 0.084666464092364307
146 8.9746451938110976 0.038245474380416825 0.084666464092557528
147 8.9746451938299163 0.03824547438368131 0.084666464092735066
148 8.9746451938246086 0.038245474381667706 0.084666464092684982
149 8.9746451938477847 0.038245474381279856 0.084666464092903626
150 8.9746451938398284 0.038245474382267983 0.084666464092828575
151 8.9746451938316785 0.03824547438229197 0.084666464092751678
152 8.9746451938616563 0.038245474383575923 0.084666464093034494
153 8.9746451935597538 0.038245474368023689 0.084666464090186355
154 8.9746451938294634 0.03824547438260268 0.084666464092730792
155 8.974645193895368 0.038245474385168926 0.084666464093352531
156 8.9746451938463458 0.038245474383269668 0.084666464092890054
157 8.9746451937756682 0.038245474371675366 0.084666464092223281
158 8.9746451938550607 0.038245474382710469 0.084666464092972266
159 8.9746451938661504 0.038245474386808968 0.08466646409307689
160 8.9746451938423171 0.038245474382353636 0.084666464092852042
161 8.9746451937951885 0.038245474381565253 0.08466646409240744
162 8.9746451938076 0.038245474380385239 0.084666464092524527
163 8.9746451937830258 0.038245474379584754 0.084666464092292698
164 8.9746451938069551 0.03824547437950436 0.084666464092518448
165 8.9746451934571745 0.0382454743638658 0.084666464089218629
166 8.9746451939451699 0.038245474388062313 0.084666464093822363
167 8.97464519383505 0.038245474388051606 0.084666464092783486
168 8.9746451937373823 0.038245474374415639 0.084666464091862098
169 8.9746451938209297 0.038245474381075929 0.084666464092650287
170 8.9746451938851184 0.038245474386261538 0.08466646409325583
171 8.9746451938244611 0.038245474381423464 0.084666464092683594
172 8.9746451937907334 0.03824547438000335 0.084666464092365404
173 8.9746451938233633 0.038245474381483145 0.084666464092673241
174 8.9746451938439673 0.038245474381955441 0.084666464092867613
175 8.9746451938143519 0.038245474380818802 0.084666464092588226
176 8.9746451939867793 0.038245474390324524 0.084666464094214897
177 8.9746451938342098 0.038245474381648839 0.084666464092775562
178 8.974645193793787 0.038245474373728744 0.084666464092394214
179 8.9746451938379153 0.038245474382346836 0.08466646409281052
180 8.9746451938731244 0.038245474376518353 0.084666464093142685
181 8.974645193872437 0.038245474386058548 0.084666464093136204
182 8.9746451938219671 0.038245474370690369 0.084666464092660071
183 8.9746451937684579 0.038245474376539537 0.084666464092155266
184 8.9746451939117549 0.038245474383623017 0.084666464093507116
185 8.9746451938986862 0.038245474384729979 0.084666464093383825
186 8.9746451938244256 0.038245474381508181 0.084666464092683261
187 8.9746451938070759 0.038245474379949698 0.084666464092519586
188 8.9746451938666816 0.038245474379700696 0.0846664640930819
189 8.9746451938790042 0.038245474382760783 0.084666464093198154
190 8.974645194029419 0.038245474387616024 0.084666464094617158
191 8.9746451938871434 0.038245474382644085 0.08466646409327494
192 8.9746451936332807 0.038245474373893043 0.084666464090880009
193 8.9746451939102805 0.038245474383974104 0.08466646409349321
194 8.9746451938063476 0.038245474388339661 0.084666464092512717
195 8.9746451940221164 0.03824547438795043 0.084666464094548269
196 8.9746451938412761 0.038245474381649665 0.084666464092842231
197 8.9746451937105487 0.038245474375863273 0.084666464091608953
198 8.9746451938070209 0.038245474380630147 0.084666464092519059
199 8.9746451939505913 0.038245474390393386 0.084666464093873503
200 8.9746451938401783 0.038245474382257005 0.084666464092831878
201 8.9746451936950908 0.038245474372702634 0.084666464091463126
202 8.9746451938173166 0.038245474380906558 0.084666464092616189
203 8.9746451938800966 0.038245474388298915 0.084666464093208466
204 8.9746451938118241 0.038245474380457924 0.084666464092564384
205 8.9746451936585512 0.038245474371187263 0.084666464091118401
206 8.9746451939214946 0.038245474385126356 0.084666464093599
207 8.9746451938210381 0.038245474383081041 0.0846664640926513
208 8.9746451938229779 0.038245474380037281 0.084666464092669605
209 8.9746451937494918 0.038245474383700795 0.08466646409197634
210 8.9746451938825516 0.038245474383158097 0.084666464093231614
211 8.974645193916011 0.038245474402899611 0.084666464093547278
212 8.9746451938337835 0.038245474380862871 0.084666464092771537
213 8.9746451938166452 0.038245474381102922 0.084666464092609861
214 8.9746451938488772 0.038245474383597523 0.084666464092913937
215 8.9746451938336183 0.038245474381717388 0.084666464092769983
216 8.9746451938221075 0.038245474381031243 0.084666464092661389
217 8.9746451938313392 0.038245474381912135 0.084666464092748486
218 8.9746451938412815 0.038245474383785664 0.084666464092842272
219 8.9746451938342524 0.038245474382369096 0.084666464092775964
220 8.9746451938301561 0.038245474381526791 0.084666464092737329
221 8.9746451938173202 0.038245474381152673 0.084666464092616231
222 8.9746451938446921 0.038245474380488427 0.084666464092874455
223 8.9746451938255927 0.038245474381376703 0.084666464092694266
224 8.9746451938367588 0.038245474380863252 0.084666464092799612
225 8.9746451938193381 0.038245474381103928 0.084666464092635271
226 8.9746451940667384 0.038245474390824125 0.084666464094969224
227 8.9746451938866674 0.03824547438456942 0.084666464093270444
228 8.9746451935706677 0.038245474366026551 0.084666464090289315
229 8.974645193838473 0.038245474381425726 0.08466646409281578
230 8.9746451939298932 0.038245474393191287 0.084666464093678243
231 8.974645193828799 0.038245474381605388 0.084666464092724519
232 8.9746451936841609 0.038245474369212551 0.084666464091360014
233 8.9746451938400629 0.038245474381433504 0.084666464092830782
234 8.9746451940426777 0.038245474394190689 0.084666464094742239
235 8.9746451938759648 0.038245474383753995 0.084666464093169483
236 8.9746451936859497 0.038245474376831221 0.084666464091376889
237 8.9746451938577003 0.038245474383057712 0.084666464092997176
238 8.9746451936150837 0.038245474367283226 0.08466646409070834
239 8.974645193795963 0.038245474379620704 0.084666464092414739
240 8.9746451941671523 0.038245474409352734 0.084666464095916535
241 8.9746451939005976 0.038245474386786722 0.084666464093401866
242 8.9746451934885485 0.038245474360484484 0.084666464089514615
243 8.9746451938010754 0.038245474380639202 0.084666464092462979
244 8.9746451938869196 0.03824547438750165 0.084666464093272831
245 8.9746451938080458 0.03824547438343897 0.084666464092528732
246 8.9746451937696463 0.038245474378229831 0.08466646409216648
247 8.9746451938203791 0.038245474382237063 0.084666464092645083
248 8.9746451939924334 0.038245474389903354 0.084666464094268243
249 8.9746451937956913 0.03824547437912542 0.084666464092412186
250 8.9746451937218996 0.038245474372447477 0.084666464091716034
251 8.9746451938867384 0.038245474385540268 0.084666464093271124
252 8.9746451939830791 0.038245474397433456 0.084666464094179994
253 8.9746451938515719 0.038245474382273367 0.084666464092939361
254 8.974645193433167 0.038245474362132346 0.084666464088992144
255 8.9746451938785547 0.038245474383420762 0.084666464093193908
256 8.9746451938509608 0.038245474393987747 0.084666464092933588
257 8.9746451939270244 0.038245474387329566 0.084666464093651167
258 8.9746451934668663 0.038245474373205829 0.084666464089310056
259 8.9746451937772296 0.038245474380584496 0.08466646409223802
260 8.9746451939640384 0.0382454743866266 0.08466646409400036
261 8.9746451937958316 0.038245474380132941 0.084666464092413504
262 8.9746451938306002 0.038245474374487838 0.084666464092741506
263 8.9746451938072109 0.038245474379085223 0.084666464092520863
264 8.9746451940082661 0.038245474387132321 0.084666464094417609
265 8.9746451938379384 0.038245474381253586 0.084666464092810742
266 8.9746451936908507 0.038245474366665172 0.084666464091423116
267 8.9746451937926839 0.038245474376488467 0.084666464092383806
268 8.9746451943588177 0.038245474411196412 0.0846664640977247
269 8.9746451938395637 0.038245474380563318 0.084666464092826077
270 8.9746451938542151 0.03824547439382097 0.0846664640929643
271 8.9746451938450829 0.038245474384183541 0.084666464092878146
272 8.9746451938248573 0.038245474378639885 0.084666464092687327
273 8.9746451937021341 0.038245474374686603 0.084666464091529572
274 8.9746451940178922 0.038245474376469434 0.084666464094508412
275 8.9746451938754461 0.038245474382288862 0.084666464093164584
276 8.9746451936742861 0.038245474377486821 0.084666464091266852
277 8.9746451937189882 0.038245474374511361 0.08466646409168857
278 8.9746451936342737 0.038245474381961256 0.084666464090889376
279 8.9746451937944496 0.038245474380462087 0.084666464092400473
280 8.9746451940456033 0.038245474389135066 0.084666464094769842
281 8.9746451937096712 0.038245474375704906 0.084666464091600668
282 8.9746451938082075 0.038245474380753014 0.084666464092530258
283 8.9746451939106322 0.038245474385641846 0.084666464093496527
284 8.9746451938507779 0.038245474382889999 0.084666464092931867
285 8.9746451938209386 0.038245474381017851 0.08466646409265037
286 8.9746451938095984 0.038245474380831146 0.084666464092543386
287 8.9746451938269391 0.038245474380356421 0.084666464092706978
288 8.9746451938170324 0.038245474380717154 0.084666464092613511
289 8.9746451938825462 0.038245474383063652 0.084666464093231572
290 8.9746451938369809 0.038245474382095711 0.084666464092801708
291 8.9746451938011429 0.038245474381363255 0.084666464092463617
292 8.9746451938249763 0.038245474381736026 0.084666464092688451
293 8.9746451938181906 0.038245474379596224 0.084666464092624433
294 8.9746451938333696 0.038245474381731065 0.084666464092767638
295 8.9746451938549026 0.03824547438288476 0.084666464092970781
296 8.9746451938239762 0.038245474381408996 0.084666464092679014
297 8.9746451938113943 0.038245474381155373 0.084666464092560317
298 8.9746451938245624 0.038245474381438438 0.084666464092684551
299 8.9746451938409812 0.038245474381783509 0.084666464092839441
300 8.5186704478842525 0.037417340945966715 0.080364815546077856
301 8.0703242778548105 0.036340476169130866 0.076135134696743489
302 7.6319496271003526 0.035064769211594619 0.071999524783965596
303 7.20558418170413 0.033638125626985205 0.067977209261359722
304 6.7929475871672187 0.032104901274853576 0.064084411199690744
305 6.3954390019428127 0.030504856631091079 0.060334330207007666
306 6.0141438603505151 0.028872566763235911 0.056737206229721837
307 5.6498484623807164 0.027237211760493631 0.05330045719227091
308 5.3030608384492801 0.025622667809530358 0.050028875834427174
309 4.9740362702806253 0.02404782041871014 0.046924870474345522
310 4.6628058542286288 0.022527026243792721 0.043988734473854992
311 4.3692066287807378 0.021070660327188014 0.041218930460195639
312 4.0929119373864928 0.019685696084626947 0.038612376767797101
313 3.8334609478589261 0.018376278645266739 0.036164725923197416
314 3.5902864856056866 0.017144263601562397 0.033870627222695154
315 3.362740575003091 0.015989703419683397 0.031723967688708408
316 3.1501173159238536 0.014911272792513119 0.02971808788607409
317 2.951672909697884 0.013906630324455592 0.027845970846206453
318 2.7666428060742096 0.012972718589748574 0.026100403830888769
319 2.5942560636049352 0.012106007415059654 0.024474113807593727
320 2.4337471006455047 0.011302686835632292 0.02295987830797646
321 2.2843650679428498 0.010558816748111825 0.02155061384851745
322 2.1453811075835505 0.009870440211631885 0.020239444411165569
323 2.0160937796399292 0.0092336670641489423 0.019019752638112539
324 1.8958328668260145 0.0086447326029917039 0.017885215724773723
325 1.7839619639115196 0.0081000391766252594 0.016829829848221883
326 1.6798798805231612 0.0075961807608024481 0.015847923401161899
327 1.5830212135199697 0.0071299575132624023 0.014934162391697828
328 1.4928562368316183 0.0066983814913201441 0.01408354940407187
329 1.4088902419168159 0.0062986762146383189 0.013291417376573736
330 1.3306624846024122 0.0059282718692091462 0.012553419666060493
331 1.2577448463251828 0.0055847972362200364 0.011865517418162101
332 1.1897402962605252 0.0052660699190440223 0.011223965059061558
333 1.1262812286806094 0.0049700851417334999 0.010625294610194428
334 1.0670277424474204 0.004695004362770692 0.010066299457051136
335 1.0116658911736947 0.0044391432179460557 0.0095440178412612708
336 0.9599059557578955 0.0042009600529714095 0.0090557165637537313
337 0.9114807559029674 0.0039790445121503648 0.0085988750556883712
338 0.86614402290499293 0.0037721071147065843 0.0081711700274055936
339 0.82366884265448226 0.0035789688570826298 0.0077704607797592666
340 0.78384618359344538 0.0033985520724443105 0.0073947753169192956
341 0.7464835073824454 0.0032298711771803811 0.0070422972394570318
342 0.7114034738125381 0.003072025211031114 0.0067113535265333783
343 0.67844271432086922 0.0029241896614009915 0.0064004029652912188
344 0.64745071769297613 0.0027856101976461646 0.0061080256386129824
345 0.61828877968331541 0.0026555960263225536 0.0058329130158803338
346 0.5908290418629375 0.002533514395003619 0.00557385888549941
347 0.56495359990412408 0.0024187852876408006 0.0053297509424917369
348 0.54055368603233866 0.0023108767372085719 0.0050995630757767795
349 0.51752891557907466 0.0022093004897098499 0.0048823482601799495
350 0.49578659688338605 0.0021136080849094791 0.0046772320460696801
351 0.47524110103777739 0.0020233874405709523 0.004483406613563938
352 0.45581327586597398 0.0019382594220653531 0.0043001252440186223
353 0.43742991975348361 0.0018578751396211336 0.0041266973561649399
354 0.42002329231899777 0.0017819131384657436 0.003962483889801866
355 0.40353067160406414 0.0017100771220453714 0.0038068931283402278
356 0.38789394590112292 0.0016420937051205044 0.003659376848123801
357 0.37305924192213241 0.0015777104797336857 0.003519426810586155
358 0.35897658423630457 0.0015166942056145417 0.0033865715493990997
359 0.34559958367611221 0.0014588291855765045 0.0032603734309067192
360 0.33288515201471464 0.0014039157676383463 0.0031404259624029682
361 0.32079324214184241 0.0013517690548253899 0.0030263513409607774
362 0.30928660905793653 0.0013022176649522088 0.0029177981986597788
363 0.29833059113865112 0.0012551025989006022 0.0028144395390438787
364 0.28789291006221363 0.0012102762406848791 0.0027159708496435246
365 0.27794348783030981 0.001167601454125857 0.0026221083757576396
366 0.26845427841056901 0.001126950723487786 0.0025325875321751796
367 0.2593991138696754 0.0010882054047007242 0.0024471614516007115
368 0.25075356293561024 0.001051255018465147 0.0023655996503359456
369 0.24249480125286571 0.0010159966136500374 0.0022876868042723182
370 0.23460149231577632 0.00098233418872673288 0.0022132216256205311
371 0.22705367790471226 0.00095017815301332194 0.0021420158292897382
372 0.21983267754380198 0.00091944484213570639 0.0020738931843754904
373 0.21292099607108264 0.00089005608055019473 0.0020086886421800251
374 0.20630223819449311 0.00086193875475954818 0.0019462475301367274
375 0.19996103028298232 0.00083502445144429175 0.0018864248139903992
376 0.19388295308494188 0.00080924905628757253 0.0018290844630654895
377 0.18805445510394961 0.00078455268811910249 0.0017740986330561283
378 0.1824628208495494 0.00076087895621111798 0.001721347366505183
379 0.17709609493133607 0.0007381750725576335 0.0016707178767107176
380 0.17194303817747184 0.00071639145135054237 0.0016221041337497342
381 0.16699306765280611 0.00069548162851055498 0.0015754062986113784
382 0.16223621664197799 0.00067540165883135227 0.0015305303456790377
383 0.1576631088566163 0.00065611049735575262 0.0014873878194020405
384 0.15326490072122523 0.00063756934849072146 0.0014458952898228794
385 0.14903325367316358 0.00061974177561463951 0.0014059740912562603
386 0.14496030266146959 0.00060259340894928471 0.0013675500251082036
387 0.14103861409920959 0.00058609182777522365 0.0013305529632000905
388 0.13726117693396223 0.00057020652021334264 0.0012949167635279454
389 0.13362136161175592 0.00055490858716742959 0.0012605788831297729
390 0.13011290149422147 0.00054017082050641311 0.0012274802027756743
391 0.1267298687973219 0.00052596750079033315 0.001195564799974735
392 0.12346665290001783 0.00051227426204894283 0.0011647797443397909
393 0.12031794353010153 0.00049906818148012311 0.0011350749389632219
394 0.11727870884666641 0.00048632746692450334 0.0011064029136477963
395 0.1143441807767001 0.00047403151895857899 0.0010787186865726425
396 0.1115098385113356 0.00046216082742221671 0.0010519796085975057
397 0.10877139384231313 0.00045069690512181533 0.0010261452249274825
398 0.10612477820707737 0.0004396221815129591 0.0010011771528969564
399 0.10356612685998862 0.00042892016403975124 0.00097703893264140199
400 0.10109177456461019 0.00041857492576169485 0.00095369598645858665
401 0.098698224979685417 0.00040857158106595099 0.00093111532999703224
402 0.096382168724716333 0.00039889587342526188 0.00090926574268600311
403 0.094140453450914527 0.0003895342936952261 0.00088811748538598608
404 0.091970080037059407 0.0003804739990227122 0.00086764226450056041
405 0.08986819384354168 0.00037170276741568234 0.00084781314946737435
406 0.087832076845736573 0.00036320897555811238 0.00082860449854468463
407 0.085859139967578657 0.00035498155892409053 0.00080999188648659109
408 0.083946916034935121 0.00034700998198680525 0.00079195203806542566
409 0.082093052682227163 0.00033928417296140965 0.00077446276115308648
410 0.080295308242526064 0.00033179463799043842 0.00075750290794835914
411 0.078551542244940389 0.00032453222445901836 0.00074105228532962632
412 0.076859712984494885 0.00031748823173157419 0.00072509163192919699
413 0.075217871250946616 0.00031065438621095682 0.00070960255897119446
414 0.073624155035210193 0.00030402278730488013 0.00069456750033217163
415 0.072076785424394954 0.00029758578761050796 0.00067996967381504672
416 0.070574062782458341 0.0002913362987211889 0.00066579304511753148
417 0.06911436244718569 0.00028526727183915385 0.00065202228723760082
418 0.067696130134531574 0.00027937221038828742 0.00063864273711822239
419 0.066317878599689767 0.00027364485466735829 0.00062564036414801665
420 0.064978185431677424 0.00026807907085029628 0.00061300174935544744
421 0.063675686149852653 0.00026266910999198605 0.00060071402028162883
422 0.062409081994921851 0.00025740951812708242 0.00058876492448039477
423 0.061177118750969976 0.00025229492839887684 0.00057714262972613181
424 0.059978602020574978 0.00024732039419320557 0.00056583586811863188
425 0.05881238474190166 0.00024248098260010132 0.00055483381831982696
426 0.057677364923214562 0.0002377719847437865 0.00054412608418126941
427 0.056572488389666276 0.00023318907780893049 0.00053370272065722904
428 0.05549674468546107 0.00022872793510984464 0.00052355419514585918
429 0.054449159400804074 0.00022438440184351978 0.00051367131510192518
430 0.053428802193467163 0.00022015466395906071 0.00050404530371195441
431 0.052434775834397665 0.00021603484752004922 0.00049466769655092139
432 0.051466220343953144 0.00021202137185973193 0.00048553038060333153
433 0.050522312431391651 0.00020811075300026166 0.00047662558897539292
434 0.049602255817079832 0.00020429964805352655 0.00046794580959509278
435 0.048705289742330397 0.00020058485857146546 0.00045948386549368302
436 0.047830678490854019 0.00019696328844086996 0.00045123281595145303
437 0.046977718195693796 0.00019343197186588512 0.00044318602071409242
438 0.046145729247812024 0.00018998806183362666 0.00043533706837558514
439 0.045334057728859595 0.00018662881096270879 0.00042767978989490186
440 0.044542076320917688 0.00018335157225561117 0.00042020826717846873
441 0.043769178763276566 0.00018015382812752888 0.00041291678078562798
442 0.043014782908924055 0.0001770330913037479 0.0004057998387634345
443 0.042278327040595531 0.00017398706460274756 0.00039885214189241069
444 0.041559270358329833 0.0001710134064487683 0.0003920685882861305
445 0.04085709191817799 0.00016810998551303722 0.00038544426337903763
446 0.040171288881392431 0.00016527469730537813 0.00037897442340936255
447 0.039501378047191546 0.00016250548199641402 0.00037265450987916551
448 0.038846890641952889 0.00015980041465844637 0.00036648010039578199
449 0.03820737720472972 0.00015715760403408404 0.00036044695476160116
450 0.037582403097002011 0.00015457523123837624 0.00035455097261322653
451 0.036971548203325433 0.00015205146903181265 0.00034878819059740976
452 0.036374408721642798 0.00014958474185142114 0.00034315479926078112
453 0.035790592987516287 0.00014717331219403444 0.00033764710365581402
454 0.035219724308112266 0.00014481568965895558 0.0003322615500765308
455 0.034661438018801879 0.00014251031707796194 0.00032699469829058377
456 0.034115381449415352 0.00014025566743845137 0.00032184322122089955
457 0.033581215280820149 0.00013805041086088597 0.00031680391774358631
458 0.03305861043500926 0.00013589313749624762 0.00031187368334914398
459 0.032547248514289376 0.00013378246579635633 0.00030704951428574886
460 0.032046823253068457 0.00013171720545137247 0.0003023285212553628
461 0.031557036981292821 0.00012969603726922425 0.00029770789604993225
462 0.031077602494810425 0.00012771782867281107 0.00029318492919632475
463 0.03060824181925453 0.00012578139196031083 0.00028875699829485405
464 0.030148685972676816 0.00012388560412635426 0.00028442156577996995
465 0.029698674615265215 0.00012202937620140964 0.00028017617561570956
466 0.029257955699340789 0.00012021165064544451 0.00027601844999378101
467 0.028826285478313361 0.00011843141240560196 0.00027194608941805056
468 0.028403427835135314 0.00011668768850059431 0.00026795686636920106
469 0.02798915393300936 0.00011497952505966053 0.00026404862200952225
470 0.027583242511191434 0.0001133060029340174 0.00026021926897350407
471 0.027185478501334299 0.00011166621389584237 0.00025646677831447451
472 0.026795654543634136 0.00011005931711483066 0.00025278919380786923
473 0.026413568373351085 0.00010848444113414111 0.00024918460729576495
474 0.026039025422506471 0.00010694081057441956 0.00024565118323119313
475 0.025671835463416556 0.0001054275966513357 0.00024218712701336374
476 0.025311815684375398 0.00010394407671046172 0.00023879071400354149
477 0.024958787172228152 0.00010248946904937563 0.00023546025634177501
478 0.024612577495553001 0.00010106306980304878 0.00023219412731653776
479 0.024273019743289846 9.9664219677120665e-05 0.00022899075229518723
480 0.023939950201380084 9.8292182077408245e-05 0.0002258485868054725
481 0.023613211560480712 9.6946326541985675e-05 0.00022276614679698784
482 0.023292651305730164 9.5626052613294915e-05 0.00021974199345028457
483 0.022978119661525048 9.4330680760650542e-05 0.00021677471378797215
484 0.022669472804751765 9.3059639262148389e-05 0.0002138629509882242
485 0.022366570602590414 9.1812347234612816e-05 0.00021100538304330579
486 0.022069276968804164 9.0588241140284221e-05 0.00020820072612079399
487 0.021777459724649877 8.9386774131983263e-05 0.00020544773325141395
488 0.021490990699504463 8.8207427271050142e-05 0.00020274519527834398
489 0.02120974446320326 8.7049647620897989e-05 0.00020009192889814396
490 0.020933600124359745 8.5912952907748124e-05 0.00019748679362603533
491 0.02066243977290361 8.4796847666349445e-05 0.00019492867710286426
492 0.020396148793036067 8.3700858285185099e-05 0.00019241649804751008
493 0.020134615902743055 8.2624526148732412e-05 0.00018994920662965148
494 0.019877732575947927 8.1567383604157296e-05 0.00018752577901837668
495 0.019625393837779309 8.0529019768023523e-05 0.00018514522488471047
496 0.019377497163913435 7.9509000850930858e-05 0.00018280657701805127
497 0.019133942652406914 7.8506892747874212e-05 0.00018050889294723505
498 0.018894633852798673 7.7522327612787763e-05 0.00017825126276225164
499 0.018659476279114875 7.6554900353202718e-05 0.00017603279508598938
500 0.018428378170259756 7.5604230272824859e-05 0.00017385262424773356
501 0.018201250220530943 7.4669946766821218e-05 0.00017170990774085796
502 0.017978005503053163 7.3751689024344815e-05 0.00016960382550050153
503 0.017758559396113021 7.284910575884849e-05 0.0001675335792086134
504 0.017542829512195601 7.1961854963187186e-05 0.00016549839162448681
505 0.017330735629533973 7.1089603684625235e-05 0.00016349750593899976
506 0.017122199626016903 7.0232027813641596e-05 0.00016153018515110284
507 0.016917145415355397 6.9388811879952367e-05 0.00015959571146561695
508 0.016715498885458834 6.855964884928442e-05 0.00015769338571187578
509 0.016517187973599665 6.7744246479989543e-05 0.00015582252805282704
510 0.016322142242660397 6.6942310899305077e-05 0.00015398247398736224
511 0.016130293136875223 6.6153556329620435e-05 0.00015217257676297381
512 0.015941574100820147 6.5377720389540983e-05 0.00015039220849830326
513 0.015755919657058349 6.4614512949353676e-05 0.00014864075148168253
514 0.015573266484522071 6.3863679309067176e-05 0.00014691760834454785
515 0.015393552715984766 6.312496381997911e-05 0.00014522219543381854
516 0.015216718031415166 6.2398117293082901e-05 0.0001435539436925959
517 0.015042703942398589 6.1682916567908346e-05 0.00014191230134338292
518 0.014871452458160132 6.0979087184161718e-05 0.00014029672130339748
519 0.014702907918675267 6.0286415051739693e-05 0.00013870667847806856
520 0.014537015748593993 5.9604674640685893e-05 0.00013714165800560369
521 0.014373722706480348 5.8933645920449071e-05 0.00013560115760830518
522 0.014212976846368344 5.8273114190667836e-05 0.00013408468722989005
523 0.014054727480646893 5.7622869921634143e-05 0.00013259176868534806
524 0.013898925144239547 5.6982708604561256e-05 0.00013112193532301459
525 0.013745521560036238 5.6352430611315158e-05 0.00012967473169845509
526 0.013594469605525518 5.5731841062849458e-05 0.0001282497132596747
527 0.013445723280568384 5.5120749705247807e-05 0.00012684644604309798
528 0.013299237676249537 5.451897079206354e-05 0.00012546450637971262
529 0.013154968944741404 5.3926322971555314e-05 0.00012410348061076795
530 0.013012874270118836 5.334262917746278e-05 0.00012276296481244185
531 0.012872911840069211 5.2767716522122408e-05 0.00012144256452895483
532 0.0127350408184508 5.2201416190973636e-05 0.0001201418945136868
533 0.012599221318661667 5.1643563337806938e-05 0.00011886057847794026
534 0.01246541437778962 5.1093996980422291e-05 0.00011759824884707189
535 0.012333581931520328 5.0552559896660989e-05 0.00011635454652377668
536 0.012203686789785461 5.0019098521017519e-05 0.0001151291206583534
537 0.012075692613134957 4.9493462842213959e-05 0.00011392162842580148
538 0.011949563889818465 4.8975506302226684e-05 0.00011273173480960817
539 0.01182526591356089 4.8465085697291282e-05 0.00011155911239208386
540 0.011702764762015783 4.7962061081394919e-05 0.00011040344115109229
541 0.011582027275880038 4.7466295672703012e-05 0.00010926440826301922
542 0.01146302103865198 4.6977655763276316e-05 0.00010814170791181113
543 0.011345714357014884 4.6496010632324885e-05 0.00010703504110391401
544 0.011230076241827191 4.6021232463129657e-05 0.00010594411548893576
545 0.011116076389700517 4.5553196263651932e-05 0.00010486864518585393
546 0.011003685165146396 4.5091779790747103e-05 0.00010380835061458864
547 0.010892873583272421 4.4636863477816061e-05 0.00010276295833275869
548 0.010783613293008037 4.4188330365664429e-05 0.00010173220087743431
549 0.010675876560840618 4.3746066036296227e-05 0.00010071581661170394
550 0.010569636255042059 4.3309958549350938e-05 9.9713549575868482e-05
551 0.01046486583036672 4.287989838089071e-05 9.8725149343082267e-05
552 0.010361539313201894 4.2455778364260868e-05 9.775037087926315e-05
553 0.010259631287152833 4.2037493632773652e-05 9.6788974407102202e-05
554 0.010159116879045145 4.1624941564000954e-05 9.5840725274010802e-05
555 0.010059971745328581 4.1218021725499659e-05 9.4905393823854536e-05
556 0.009962172058867437 4.0816635821833033e-05 9.3982755272334307e-05
557 0.0098656944961035588 4.0420687642789548e-05 9.3072589585882631e-05
558 0.0097705162245796222 4.003008301273151e-05 9.2174681363958705e-05
559 0.0096766148908108435 3.964472974103583e-05 9.1288819724630606e-05
560 0.0095839686084942116 3.926453757360991e-05 9.0414798193341614e-05
561 0.0094925559470454678 3.8889418145480297e-05 8.9552414594768563e-05
562 0.0094023559204538237 3.8519284934464398e-05 8.8701470947677587e-05
563 0.00931334797644583 3.8154053215937368e-05 8.7861773362696505e-05
564 0.0092255119859490659 3.7793640018710144e-05 8.7033131942915718e-05
565 0.0091388282328476976 3.7437964082029514e-05 8.621536068724243e-05
566 0.0090532774040210547 3.7086945813709121e-05 8.540827739642505e-05
567 0.00896884057965751 3.6740507249391827e-05 8.4611703581674618e-05
568 0.0088854992238352661 3.6398572012939984e-05 8.3825464375804402e-05
569 0.008803235175362481 3.6061065277940984e-05 8.3049388446815862e-05
570 0.0087220306388686962 3.5727913730311966e-05 8.2283307913855625e-05
571 0.0086418681761402036 3.5399045531980222e-05 8.1527058265473616e-05
572 0.0085627306976918671 3.5074390285612717e-05 8.0780478280111949e-05
573 0.0084846014545680529 3.4753879000364579e-05 8.0043409948755219e-05
574 0.0084074640303657879 3.4437444058614053e-05 7.9315698399677251e-05
575 0.0083313023334731558 3.4125019183650358e-05 7.859719182521845e-05
576 0.0082561005895163773 3.3816539408279852e-05 7.7887741410531867e-05
577 0.008181843334009134 3.3511941044316437e-05 7.718720126423712e-05
578 0.0081085154051978789 3.3211161652923108e-05 7.6495428350923381e-05
579 0.008036101937097204 3.2914140015771862e-05 7.581228242544532e-05
580 0.0079645883527094171 3.262081610699143e-05 7.5137625968956759e-05
581 0.00789396035742276 3.2331131065873276e-05 7.4471324126629805e-05
582 0.0078242039325829016 3.2045027170308079e-05 7.3813244647008509e-05
583 0.0077553053292325263 3.1762447810926766e-05 7.3163257822948365e-05
584 0.0076872510620138741 3.1483337465921543e-05 7.2521236434093148e-05
585 0.0076200279032296548 3.1207641676523827e-05 7.18870556908458e-05
586 0.0075536228770573671 3.0935307023117915e-05 7.1260593179786478e-05
587 0.0074880232539128073 3.066628110196961e-05 7.0641728810498188e-05
588 0.0074232165449582077 3.0400512502551133e-05 7.0030344763756679e-05
589 0.0073591904967509085 3.0137950785444072e-05 6.94263254410463e-05
590 0.0072959330860284891 2.9878546460803245e-05 6.8829557415363109e-05
591 0.007233432514626441 2.9622250967365191e-05 6.823992938326831e-05
592 0.0071716772045245115 2.9369016651985874e-05 6.7657332118155764e-05
593 0.0071106557930181872 2.9118796749692265e-05 6.7081658424699884e-05
594 0.0070503571280116171 2.8871545364233887e-05 6.6512803094449221e-05
595 0.0069907702634286455 2.8627217449120171e-05 6.5950662862534397e-05
596 0.0069318844547385274 2.8385768789130389e-05 6.5395136365457805e-05
597 0.0068736891545931765 2.8147155982283144e-05 6.4846124099935632e-05
598 0.0068161740085728052 2.7911336422252738e-05 6.4303528382762319e-05
599 0.0067593288510368376 2.7678268281220629e-05 6.3767253311668273e-05
600 0.0067031437010773073 2.7447910493149635e-05 6.3237204727144408e-05
601 0.0066476087585717923 2.7220222737469494e-05 6.2713290175205595e-05
602 0.0065927144003331186 2.6995165423163115e-05 6.2195418871067155e-05
603 0.0065384511763532487 2.6772699673241779e-05 6.1683501663709894e-05
604 0.0064848098061386873 2.6552787309599211e-05 6.1177451001308375e-05
605 0.0064317811751348573 2.6335390838234553e-05 6.0677180897498656e-05
606 0.0063793563312371845 2.6120473434833218e-05 6.0182606898464007e-05
607 0.0063275264813862668 2.590799893069713e-05 5.9693646050813838e-05
608 0.0062762829882450823 2.5697931799013987e-05 5.9210216870236624e-05
609 0.0062256173669558539 2.5490237141456769e-05 5.8732239310904283e-05
610 0.0061755212819744861 2.5284880675104522e-05 5.8259634735608358e-05
611 0.0061259865439804405 2.5081828719675836e-05 5.7792325886607926e-05
612 0.0060770051068600893 2.4881048185066341e-05 5.7330236857170651e-05
613 0.0060285690647614836 2.468250655918246e-05 5.6873293063787582e-05
614 0.005980670649218727 2.448617189606308e-05 5.6421421219044596e-05
615 0.0059333022263440118 2.4292012804281849e-05 5.5974549305132186e-05
616 0.0058864562940855797 2.4099998435622235e-05 5.5532606547977164e-05
617 0.0058401254795498354 2.391009847401846e-05 5.5095523391979578e-05
618 0.0057943025363859533 2.3722283124755026e-05 5.4663231475339183e-05
619 0.0057489803422312606 2.3536523103918115e-05 5.4235663605955287e-05
620 0.0057041518962158881 2.3352789628092231e-05 5.3812753737885737e-05
621 0.005659810316525093 2.3171054404295558e-05 5.3394436948349936e-05
622 0.0056159488380177177 2.2991289620147913e-05 5.2980649415261487e-05
623 0.0055725608098994303 2.2813467934265192e-05 5.2571328395277648e-05
624 0.0055296396934492054 2.2637562466874248e-05 5.2166412202350996e-05
625 0.0054871790597977197 2.2463546790642954e-05 5.1765840186770942e-05
626 0.0054451725877564016 2.2291394921719066e-05 5.1369552714683032e-05
627 0.0054036140616956548 2.2121081310973563e-05 5.0977491148072215e-05
628 0.0053624973694712018 2.1952580835442175e-05 5.0589597825200015e-05
629 0.0053218165003971448 2.1785868789960887e-05 5.02058160414825e-05
630 0.0052815655432646791 2.1620920878989765e-05 4.9826090030798856e-05
631 0.0052417386844052115 2.1457713208620886e-05 4.9450364947218979e-05
632 0.0052023302057968377 2.1296222278765205e-05 4.9078586847139981e-05
633 0.0051633344832130012 2.1136424975514264e-05 4.8710702671820767e-05
634 0.005124745984412365 2.0978298563671973e-05 4.8346660230305331e-05
635 0.0050865592673687756 2.0821820679452435e-05 4.7986408182724299e-05
636 0.0050487689785403489 2.0666969323339597e-05 4.7629896023965556e-05
637 0.0050113698511767618 2.0513722853104412e-05 4.7277074067705299e-05
638 0.0049743567036636752 2.0362059976976154e-05 4.6927893430789386e-05
639 0.0049377244379034905 2.021195974696335e-05 4.6582306017957457e-05
640 0.0049014680377314525 2.006340155232135e-05 4.6240264506900498e-05
641 0.0048655825673662809 1.9916365113162167e-05 4.5901722333644158e-05
642 0.0048300631698944708 1.9770830474203714e-05 4.5566633678249722e-05
643 0.0047949050657873906 1.9626777998654711e-05 4.5234953450824438e-05
644 0.0047601035514504694 1.948418836223184e-05 4.4906637277834616e-05
645 0.0047256539978035843 1.9343042547306221e-05 4.4581641488713059e-05
646 0.0046915518488919641 1.9203321837175822e-05 4.4259923102754376e-05
647 0.0046577926205268617 1.9065007810460711e-05 4.3941439816291146e-05
648 0.0046243718989552231 1.8928082335618472e-05 4.3626149990143615e-05
649 0.004591285339557714 1.8792527565576581e-05 4.3314012637336922e-05
650 0.0045585286655744142 1.8658325932478879e-05 4.3004987411079377e-05
651 0.0045260976668574466 1.8525460142543917e-05 4.2699034592994782e-05
652 0.0044939881986500322 1.8393913171031682e-05 4.2396115081604076e-05
653 0.0044621805949648522 1.8263603227803389e-05 4.2096043348725019e-05
654 0.0044306867002059068 1.8134580010943814e-05 4.1798931134017989e-05
655 0.00439950255391049 1.8006827252985359e-05 4.1504741074627263e-05
656 0.0043686242564650668 1.7880328936807508e-05 4.121343638174591e-05
657 0.0043380479680050427 1.7755069291101565e-05 4.0924980830236254e-05
658 0.0043077699073373506 1.7631032785929954e-05 4.0639338748465573e-05
659 0.0042777863508854045 1.7508204128377639e-05 4.0356475008352874e-05
660 0.0042480936316558124 1.7386568258293698e-05 4.0076355015620871e-05
661 0.0042186881382264086 1.7266110344120811e-05 3.9798944700249141e-05
662 0.0041895663137550892 1.7146815778810546e-05 3.9524210507123482e-05
663 0.0041607246550089414 1.7028670175822674e-05 3.9252119386876805e-05
664 0.0041321597114132328 1.6911659365206357e-05 3.898263878691729e-05
665 0.0041038680841197876 1.6795769389761348e-05 3.8715736642639504e-05
666 0.0040758464250943037 1.6680986501277513e-05 3.8451381368814189e-05
667 0.004048091436222174 1.6567297156850666e-05 3.8189541851152587e-05
668 0.0040205998684323925 1.6454688015273042e-05 3.7930187438041438e-05
669 0.0039933685208391355 1.634314593349684e-05 3.7673287932444675e-05
670 0.0039663942399006027 1.6232657963168886e-05 3.741881358396795e-05
671 0.0039396739185947379 1.6123211347235101e-05 3.7166735081082432e-05
672 0.0039132044956114529 1.6014793516612898e-05 3.691702354350427e-05
673 0.003886982954560947 1.5907392086930318e-05 3.6669650514725912e-05
674 0.0038610063231978146 1.5800994855329974e-05 3.6424587954696366e-05
675 0.0038352716726605444 1.5695589797336697e-05 3.6181808232646647e-05
676 0.0038097761167260632 1.5591165063787346e-05 3.59412841200572e-05
677 0.0037845168110790276 1.5487708977821261e-05 3.5702988783764412e-05
678 0.0037594909525954924 1.5385210031930178e-05 3.5466895779202756e-05
679 0.0037346957786406516 1.5283656885066248e-05 3.5232979043779734e-05
680 0.0037101285663803554 1.5183038359806715e-05 3.5001212890380711e-05
681 0.0036857866321060601 1.5083343439574271e-05 3.4771572001000571e-05
682 0.0036616673305729726 1.498456126591154e-05 3.454403142049974e-05
683 0.0036377680543510237 1.48866811358088e-05 3.4318566550481353e-05
684 0.003614086233188468 1.4789692499083508e-05 3.4095153143287431e-05
685 0.003590619333387769 1.4693584955810703e-05 3.3873767296111026e-05
686 0.0035673648571935357 1.4598348253803069e-05 3.3654385445222038e-05
687 0.0035443203421922521 1.4503972286139512e-05 3.3436984360304263e-05
688 0.0035214833607235059 1.4410447088741384e-05 3.3221541138901002e-05
689 0.0034988515193025167 1.4317762837995129e-05 3.3008033200967135e-05
690 0.0034764224580536799 1.4225909848420425e-05 3.2796438283525279e-05
691 0.0034541938501549143 1.4134878570382873e-05 3.2586734435423721e-05
692 0.003432163401292558 1.4044659587850236e-05 3.2378900012193943e-05
693 0.0034103288491266156 1.3955243616191215e-05 3.2172913671005806e-05
694 0.0033886879627660974 1.3866621500016027e-05 3.1968754365717899e-05
695 0.0033672385422542778 1.3778784211057736e-05 3.1766401342021486e-05
696 0.0033459784180636136 1.3691722846093523e-05 3.1565834132675597e-05
697 0.0033249054506001808 1.3605428624905015e-05 3.1367032552831897e-05
698 0.0033040175297173562 1.3519892888276944e-05 3.1169976695446754e-05
699 0.0032833125742385782 1.3435107096033228e-05 3.0974646926779038e-05
700 0.0032627885314890463 1.3351062825109616e-05 3.0781023881972133e-05
