index sum SD mean
25 0.0 0.0 0.0
26 0.0 0.0 0.0
27 0.0 0.0 0.0
28 0.0 0.0 0.0
29 0.0 0.0 0.0
30 0.0 0.0 0.0
31 0.0 0.0 0.0
32 0.0 0.0 0.0
33 0.0 0.0 0.0
34 0.0 0.0 0.0
35 0.0 0.0 0.0
36 0.0 0.0 0.0
37 0.0 0.0 0.0
38 0.0 0.0 0.0
39 0.0 0.0 0.0
40 0.0 0.0 0.0
41 0.0 0.0 0.0
42 0.0 0.0 0.0
43 0.0 0.0 0.0
44 0.0 0.0 0.0
45 0.0 0.0 0.0
46 0.0 0.0 0.0
47 0.0 0.0 0.0
48 0.0 0.0 0.0
49 0.0 0.0 0.0
50 0.0 0.0 0.0
51 0.0 0.0 0.0
52 0.0 0.0 0.0
53 0.0 0.0 0.0
54 0.0 0.0 0.0
55 0.0 0.0 0.0
56 0.0 0.0 0.0
57 0.0 0.0 0.0
58 0.0 0.0 0.0
59 0.0 0.0 0.0
60 0.025514039244138177 2.9038556061095913e-07 0.00021622067156049302
61 0.088771539136486 2.1496659129815697e-06 0.00075230117912276266
62 0.17996227179441696 7.3760549586941823e-06 0.0015251039982577708
63 0.2955481523181927 1.8126467452193563e-05 0.0025046453586287519
64 0.43351626214733774 3.6882863858349427e-05 0.0036738666283672688
65 0.59256532464801348 6.6448919128200292e-05 0.0050217400393899447
66 0.77180599213614975 0.00010996121804596136 0.0065407287469165234
67 0.97061826200762535 0.00017090978715079828 0.0082255784915900455
68 1.1885731804770492 0.0002531657502890811 0.010072654071839399
69 1.4253856456830842 0.00036101509557341139 0.01207953937019563
70 1.6808839972657394 0.00049919784795584773 0.01424477963784525
71 1.9549891500120129 0.00067295054331901474 0.016567704661118753
72 2.2476980016852552 0.00088804123607599025 0.019048288149875043
73 2.5590631127868861 0.0011507550267748543 0.021686975532092256
74 2.8891501196725162 0.001467706462262458 0.02448432304807217
75 3.2379339568532592 0.0018452162466516479 0.027440118278417452
76 3.6050723850798585 0.0022878824356535959 0.030551460890507275
77 3.9894971427132666 0.0027961360123754386 0.033809297819603956
78 4.3888263200996063 0.0033632238332682429 0.037193443390674631
79 4.7987354328554037 0.0039729948749577335 0.040667249430977999
80 5.2125664244782923 0.0046002500935410449 0.044174291732866883
81 5.6214822580896433 0.0052144736421718216 0.047639680153302062
82 6.0153088439508506 0.0057858576888375019 0.050977193592803817
83 6.3839050538756599 0.006291145825340419 0.054100890287081864
84 6.7186479250668212 0.0067170642587739589 0.056937694280227297
85 7.0135743785402225 0.0070606024019568914 0.059437071004578158
86 7.2658937251369897 0.0073268982280486157 0.061575370552008388
87 7.4758488792398925 0.0075261135716075392 0.063354651518982133
88 7.6461093409018428 0.0076704790275960825 0.064797536787303753
89 7.7809546740544437 0.0077721244529439558 0.06594029384791901
90 7.8854717214154295 0.0078418096503508755 0.066826031537418895
91 7.964901571072966 0.0078883882997490187 0.067499165856550566
92 8.0241860494967465 0.0079187549586597662 0.068001576690650392
93 8.0677039676590123 0.0079380533578679562 0.068370372607279767
94 8.0991578214314899 0.0079499882865867472 0.068636930690097367
95 8.121564563500959 0.0079571482902706363 0.068826818334753889
96 8.137309064833218 0.0079612927808893896 0.068960246312145909
97 8.148228769788691 0.0079635865219291144 0.069052786184649925
98 8.1557081272809935 0.0079647805623750349 0.069116170570177909
99 8.1607697849649146 0.0079653460502879091 0.069159065974278941
100 8.1641556813817378 0.0079655692893324317 0.069187760011709648
101 8.1663952703004821 0.0079656194045795541 0.06920673957881765
102 8.1678605454848068 0.0079655910853783235 0.069219157165125486
103 8.1688090894850074 0.0079655347773487407 0.069227195673601763
104 8.1694168280564838 0.0079654754061799053 0.069232346000478673
105 8.1698023232320551 0.0079654235669853763 0.069235612908746233
106 8.1700444763543754 0.0079653824845070473 0.069237665053850636
107 8.1701951500668528 0.0079653518346693031 0.069238941949719093
108 8.1702880427161819 0.0079653299320396262 0.069239729175560857
109 8.1703448017258307 0.0079653147925861853 0.069240210184117204
110 8.1703791818838312 0.0079653045944652352 0.069240501541388402
111 8.1703998319894424 0.0079652978850858567 0.069240676542283414
112 8.1704121304151869 0.0079652934502277492 0.0692407807662304
113 8.1704193945831172 0.007965290761662679 0.069240842326975569
114 8.1704236577571177 0.0079652890555080222 0.069240878455568797
115 8.1704261405497114 0.0079652879674188826 0.069240899496183991
116 8.1704275763590033 0.0079652873517921888 0.069240911664059351
117 8.1704284029174001 0.0079652869685545719 0.069240918668791521
118 8.170428874378306 0.0079652867416656926 0.069240922664222937
119 8.1704291423013267 0.0079652866062813778 0.069240924934757003
120 8.1704292936604137 0.0079652865272052901 0.069240926217461127
121 8.1704293786469311 0.0079652864802546089 0.069240926937685854
122 8.1704294260741079 0.007965286453149768 0.069240927339611083
123 8.1704294523631589 0.0079652864378484678 0.069240927562399648
124 8.1704294668956425 0.0079652864292203123 0.069240927685556286
125 8.1704294748553465 0.007965286424695248 0.069240927753011411
126 8.1704294792527978 0.0079652864221155997 0.069240927790277948
127 8.1704294816957681 0.0079652864205421101 0.069240927810981082
128 8.1704294830457513 0.0079652864196328391 0.069240927822421625
129 8.1704294837527076 0.007965286418848163 0.069240927828412777
130 8.1704294841008736 0.0079652864187596886 0.069240927831363333
131 8.1704294841008736 0.0079652864187596886 0.069240927831363333
132 8.1704294841008736 0.0079652864187596886 0.069240927831363333
133 8.1704294841008736 0.0079652864187596886 0.069240927831363333
134 8.1704294841008736 0.0079652864187596886 0.069240927831363333
135 8.1704294841008736 0.0079652864187596886 0.069240927831363333
136 8.1704294841008736 0.0079652864187596886 0.069240927831363333
137 8.1704294841008736 0.0079652864187596886 0.069240927831363333
138 8.1704294841008736 0.0079652864187596886 0.069240927831363333
139 8.1704294841008736 0.0079652864187596886 0.069240927831363333
140 8.1704294841008736 0.0079652864187596886 0.069240927831363333
141 8.1704294841008736 0.0079652864187596886 0.069240927831363333
142 8.1704294841008736 0.0079652864187596886 0.069240927831363333
143 8.1704294841008736 0.0079652864187596886 0.069240927831363333
144 8.1704294841008736 0.0079652864187596886 0.069240927831363333
145 8.1704294841008736 0.0079652864187596886 0.069240927831363333
146 8.1704294841008736 0.0079652864187596886 0.069240927831363333
147 8.1704294841008736 0.0079652864187596886 0.069240927831363333
148 8.1704294841008736 0.0079652864187596886 0.069240927831363333
149 8.1704294841008736 0.0079652864187596886 0.069240927831363333
150 8.1704294841008736 0.0079652864187596886 0.069240927831363333
151 8.1704294841008736 0.0079652864187596886 0.069240927831363333
152 8.1704294841008736 0.0079652864187596886 0.069240927831363333
153 8.1704294841008736 0.0079652864187596886 0.069240927831363333
154 8.1704294841008736 0.0079652864187596886 0.069240927831363333
155 8.1704294841008736 0.0079652864187596886 0.069240927831363333
156 8.1704294841008736 0.0079652864187596886 0.069240927831363333
157 8.1704294841008736 0.0079652864187596886 0.069240927831363333
158 8.1704294841008736 0.0079652864187596886 0.069240927831363333
159 8.1704294841008736 0.0079652864187596886 0.069240927831363333
160 8.1704294841008736 0.0079652864187596886 0.069240927831363333
161 8.1704294841008736 0.0079652864187596886 0.069240927831363333
162 8.1704294841008736 0.0079652864187596886 0.069240927831363333
163 8.1704294841008736 0.0079652864187596886 0.069240927831363333
164 8.1704294841008736 0.0079652864187596886 0.069240927831363333
165 8.1704294841008736 0.0079652864187596886 0.069240927831363333
166 8.1704294841008736 0.0079652864187596886 0.069240927831363333
167 8.1704294841008736 0.0079652864187596886 0.069240927831363333
168 8.1704294841008736 0.0079652864187596886 0.069240927831363333
169 8.1704294841008736 0.0079652864187596886 0.069240927831363333
170 8.1704294841008736 0.0079652864187596886 0.069240927831363333
171 8.1704294841008736 0.0079652864187596886 0.069240927831363333
172 8.1704294841008736 0.0079652864187596886 0.069240927831363333
173 8.1704294841008736 0.0079652864187596886 0.069240927831363333
174 8.1704294841008736 0.0079652864187596886 0.069240927831363333
175 8.1704294841008736 0.0079652864187596886 0.069240927831363333
176 8.1704294841008736 0.0079652864187596886 0.069240927831363333
177 8.1704294841008736 0.0079652864187596886 0.069240927831363333
178 8.1704294841008736 0.0079652864187596886 0.069240927831363333
179 8.1704294841008736 0.0079652864187596886 0.069240927831363333
180 8.1704294841008736 0.0079652864187596886 0.069240927831363333
181 8.1704294841008736 0.0079652864187596886 0.069240927831363333
182 8.1704294841008736 0.0079652864187596886 0.069240927831363333
183 8.1704294841008736 0.0079652864187596886 0.069240927831363333
184 8.1704294841008736 0.0079652864187596886 0.069240927831363333
185 8.1704294841008736 0.0079652864187596886 0.069240927831363333
186 8.1704294841008736 0.0079652864187596886 0.069240927831363333
187 8.1704294841008736 0.0079652864187596886 0.069240927831363333
188 8.1704294841008736 0.0079652864187596886 0.069240927831363333
189 8.1704294841008736 0.0079652864187596886 0.069240927831363333
190 8.1704294841008736 0.0079652864187596886 0.069240927831363333
191 8.1704294841008736 0.0079652864187596886 0.069240927831363333
192 8.1704294841008736 0.0079652864187596886 0.069240927831363333
193 8.1704294841008736 0.0079652864187596886 0.069240927831363333
194 8.1704294841008736 0.0079652864187596886 0.069240927831363333
195 8.1704294841008736 0.0079652864187596886 0.069240927831363333
196 8.1704294841008736 0.0079652864187596886 0.069240927831363333
197 8.1704294841008736 0.0079652864187596886 0.069240927831363333
198 8.1704294841008736 0.0079652864187596886 0.069240927831363333
199 8.1704294841008736 0.0079652864187596886 0.069240927831363333
200 8.1704294841008736 0.0079652864187596886 0.069240927831363333
201 8.1704294841008736 0.0079652864187596886 0.069240927831363333
202 8.1704294841008736 0.0079652864187596886 0.069240927831363333
203 8.1704294841008736 0.0079652864187596886 0.069240927831363333
204 8.1704294841008736 0.0079652864187596886 0.069240927831363333
205 8.1704294841008736 0.0079652864187596886 0.069240927831363333
206 8.1704294841008736 0.0079652864187596886 0.069240927831363333
207 8.1704294841008736 0.0079652864187596886 0.069240927831363333
208 8.1704294841008736 0.0079652864187596886 0.069240927831363333
209 8.1704294841008736 0.0079652864187596886 0.069240927831363333
210 8.1704294841008736 0.0079652864187596886 0.069240927831363333
211 8.1704294841008736 0.0079652864187596886 0.069240927831363333
212 8.1704294841008736 0.0079652864187596886 0.069240927831363333
213 8.1704294841008736 0.0079652864187596886 0.069240927831363333
214 8.1704294841008736 0.0079652864187596886 0.069240927831363333
215 8.1704294841008736 0.0079652864187596886 0.069240927831363333
216 8.1704294841008736 0.0079652864187596886 0.069240927831363333
217 8.1704294841008736 0.0079652864187596886 0.069240927831363333
218 8.1704294841008736 0.0079652864187596886 0.069240927831363333
219 8.1704294841008736 0.0079652864187596886 0.069240927831363333
220 8.1704294841008736 0.0079652864187596886 0.069240927831363333
221 8.1704294841008736 0.0079652864187596886 0.069240927831363333
222 8.1704294841008736 0.0079652864187596886 0.069240927831363333
223 8.1704294841008736 0.0079652864187596886 0.069240927831363333
224 8.1704294841008736 0.0079652864187596886 0.069240927831363333
225 8.1704294841008736 0.0079652864187596886 0.069240927831363333
226 8.1704294841008736 0.0079652864187596886 0.069240927831363333
227 8.1704294841008736 0.0079652864187596886 0.069240927831363333
228 8.1704294841008736 0.0079652864187596886 0.069240927831363333
229 8.1704294841008736 0.0079652864187596886 0.069240927831363333
230 8.1704294841008736 0.0079652864187596886 0.069240927831363333
231 8.1704294841008736 0.0079652864187596886 0.069240927831363333
232 8.1704294841008736 0.0079652864187596886 0.069240927831363333
233 8.1704294841008736 0.0079652864187596886 0.069240927831363333
234 8.1704294841008736 0.0079652864187596886 0.069240927831363333
235 8.1704294841008736 0.0079652864187596886 0.069240927831363333
236 8.1704294841008736 0.0079652864187596886 0.069240927831363333
237 8.1704294841008736 0.0079652864187596886 0.069240927831363333
238 8.1704294841008736 0.0079652864187596886 0.069240927831363333
239 8.1704294841008736 0.0079652864187596886 0.069240927831363333
240 8.1704294841008736 0.0079652864187596886 0.069240927831363333
241 8.1704294841008736 0.0079652864187596886 0.069240927831363333
242 8.1704294841008736 0.0079652864187596886 0.069240927831363333
243 8.1704294841008736 0.0079652864187596886 0.069240927831363333
244 8.1704294841008736 0.0079652864187596886 0.069240927831363333
245 8.1704294841008736 0.0079652864187596886 0.069240927831363333
246 8.1704294841008736 0.0079652864187596886 0.069240927831363333
247 8.1704294841008736 0.0079652864187596886 0.069240927831363333
248 8.1704294841008736 0.0079652864187596886 0.069240927831363333
249 8.1704294841008736 0.0079652864187596886 0.069240927831363333
250 8.1704294841008736 0.0079652864187596886 0.069240927831363333
251 8.1704294841008736 0.0079652864187596886 0.069240927831363333
252 8.1704294841008736 0.0079652864187596886 0.069240927831363333
253 8.1704294841008736 0.0079652864187596886 0.069240927831363333
254 8.1704294841008736 0.0079652864187596886 0.069240927831363333
255 8.1704294841008736 0.0079652864187596886 0.069240927831363333
256 8.1704294841008736 0.0079652864187596886 0.069240927831363333
257 8.1704294841008736 0.0079652864187596886 0.069240927831363333
258 8.1704294841008736 0.0079652864187596886 0.069240927831363333
259 8.1704294841008736 0.0079652864187596886 0.069240927831363333
260 8.1704294841008736 0.0079652864187596886 0.069240927831363333
261 8.1704294841008736 0.0079652864187596886 0.069240927831363333
262 8.1704294841008736 0.0079652864187596886 0.069240927831363333
263 8.1704294841008736 0.0079652864187596886 0.069240927831363333
264 8.1704294841008736 0.0079652864187596886 0.069240927831363333
265 8.1704294841008736 0.0079652864187596886 0.069240927831363333
266 8.1704294841008736 0.0079652864187596886 0.069240927831363333
267 8.1704294841008736 0.0079652864187596886 0.069240927831363333
268 8.1704294841008736 0.0079652864187596886 0.069240927831363333
269 8.1704294841008736 0.0079652864187596886 0.069240927831363333
270 8.1704294841008736 0.0079652864187596886 0.069240927831363333
271 8.1704294841008736 0.0079652864187596886 0.069240927831363333
272 8.1704294841008736 0.0079652864187596886 0.069240927831363333
273 8.1704294841008736 0.0079652864187596886 0.069240927831363333
274 8.1704294841008736 0.0079652864187596886 0.069240927831363333
275 8.1704294841008736 0.0079652864187596886 0.069240927831363333
276 8.1704294841008736 0.0079652864187596886 0.069240927831363333
277 8.1704294841008736 0.0079652864187596886 0.069240927831363333
278 8.1704294841008736 0.0079652864187596886 0.069240927831363333
279 8.1704294841008736 0.0079652864187596886 0.069240927831363333
280 8.1704294841008736 0.0079652864187596886 0.069240927831363333
281 8.1704294841008736 0.0079652864187596886 0.069240927831363333
282 8.1704294841008736 0.0079652864187596886 0.069240927831363333
283 8.1704294841008736 0.0079652864187596886 0.069240927831363333
284 8.1704294841008736 0.0079652864187596886 0.069240927831363333
285 8.1704294841008736 0.0079652864187596886 0.069240927831363333
286 8.1704294841008736 0.0079652864187596886 0.069240927831363333
287 8.1704294841008736 0.0079652864187596886 0.069240927831363333
288 8.1704294841008736 0.0079652864187596886 0.069240927831363333
289 8.1704294841008736 0.0079652864187596886 0.069240927831363333
290 8.1704294841008736 0.0079652864187596886 0.069240927831363333
291 8.1704294841008736 0.0079652864187596886 0.069240927831363333
292 8.1704294841008736 0.0079652864187596886 0.069240927831363333
293 8.1704294841008736 0.0079652864187596886 0.069240927831363333
294 8.1704294841008736 0.0079652864187596886 0.069240927831363333
295 8.1704294841008736 0.0079652864187596886 0.069240927831363333
296 8.1704294841008736 0.0079652864187596886 0.069240927831363333
297 8.1704294841008736 0.0079652864187596886 0.069240927831363333
298 8.1704294841008736 0.0079652864187596886 0.069240927831363333
299 8.1704294841008736 0.0079652864187596886 0.069240927831363333
300 7.7095478593067321 0.0077611665156695105 0.065335151350057047
301 7.2675401932023069 0.0075194746589308898 0.061589323671205988
302 6.8446310872077616 0.0072482246218420502 0.058005348196675945
303 6.4409299662254735 0.0069548094815523459 0.054584152256148079
304 6.0564333527739711 0.0066459330379989943 0.051325706379440436
305 5.6910288960028126 0.0063275670008393859 0.0482290584407018
306 5.3445010548744003 0.0060049311470905522 0.045292381820969493
307 5.0165383046774945 0.0056824967623290814 0.042513036480317748
308 4.7067416540382698 0.0053640088737050978 0.039887641135917543
309 4.4146342467588688 0.0050525253130020657 0.037412154633549737
310 4.1396717331794894 0.0047504684398106132 0.035081963840504146
311 3.8812530829646295 0.0044596850501282858 0.032891975279361267
312 3.6387315578936885 0.0041815121779482352 0.030836708117743122
313 3.4114255239302045 0.003916844592829336 0.028910385796018682
314 3.1986288406150125 0.0036662014014392629 0.027107024073008582
315 2.999620605825621 0.0034297897167202655 0.025420513608691703
316 2.8136740343895945 0.0032075627234951568 0.023844695206691479
317 2.640064482457348 0.0029992741443749214 0.022373427817435152
318 2.4780763494938562 0.0028045239264848777 0.021000647029608951
319 2.3270089890808805 0.0026227989543902148 0.019720415161702379
320 2.1861815654228329 0.0024535070017435976 0.018526962418837566
321 2.0549369385154201 0.0022960050849997766 0.017414719817927291
322 1.9326446171465208 0.002149622261657652 0.016378344213106109
323 1.8187028862616954 0.00201367776199338 0.015412736324251657
324 1.7125401983508599 0.0018874950390904354 0.014513052528397118
325 1.6136159335358922 0.0017704123882450267 0.013674711301151629
326 1.5214205983174396 0.0016617908917291888 0.012893394900995251
327 1.4354756244196378 0.0015610193870379367 0.012165047664573202
328 1.3553327558619213 0.0014675182045486973 0.011485870812389163
329 1.2805732015394331 0.0013807414313110591 0.010852315267283332
330 1.2108065322262129 0.0013001770033302705 0.010261072307001804
331 1.1456694680562558 0.0012253476898237891 0.0097090632886123376
332 1.084824526242663 0.0011558096450255823 0.009193428188497145
333 1.0279586277208705 0.0010911516243994066 0.0087115137942446654
334 0.97478167123005355 0.0010309934196624157 0.008260861620593675
335 0.92502510587697095 0.00097498418412922633 0.0078391958125167034
336 0.87844053267338673 0.00092280092786548344 0.0074444112938422602
337 0.83479833038321227 0.00087414628659817609 0.0070745621218916291
338 0.79388634770010458 0.00082874716924635631 0.0067278504042381747
339 0.75550863953399994 0.00078635266214621658 0.0064026155892711861
340 0.71948427545448734 0.00074673247931504236 0.0060973243682583677
341 0.68564621107266388 0.00070967526727377841 0.0058105611107852869
342 0.65384023178713679 0.00067498716556771345 0.0055410189134503119
343 0.62392395986917404 0.00064249028861381905 0.0052874911853319833
344 0.59576593172768455 0.00061202140099363459 0.0050488638282007161
345 0.56924474015188709 0.00058343071675158746 0.0048241079673888732
346 0.54424823884359741 0.00055658075962419849 0.0046122732105389613
347 0.52067285936554164 0.0005313452231975541 0.004412481859030014
348 0.49842270695943452 0.00050760828008360268 0.0042239212454189363
349 0.47740927869504307 0.00048526312576018638 0.004045841344873246
350 0.45755064926525929 0.00046421166710587772 0.0038775478751293161
351 0.43877100421248189 0.0004443638267106533 0.0037183983407837449
352 0.42100014435725536 0.00042563650393863243 0.0035677978335360624
353 0.40417304144296035 0.00040795318454718419 0.0034251952664657655
354 0.38822942349344353 0.00039124324771956643 0.003290079860113928
355 0.37311340150042066 0.00037544170477663051 0.0031619779788171244
356 0.35877311693946573 0.0003604884433177831 0.0030404501435547945
357 0.34516042609263936 0.00034632794057558227 0.0029250883567172826
358 0.33223060851156389 0.00033290888236728512 0.0028155136314539312
359 0.3199420990911887 0.00032018381043894602 0.0027113737211117688
360 0.30825624216457093 0.00030810877469488341 0.0026123410352929741
361 0.29713706676056068 0.00029664305851859608 0.0025181107352589887
362 0.28655107974223121 0.00028574890648085707 0.002428398980866366
363 0.27646707651984104 0.00027539129571565877 0.0023429413264393307
364 0.26685596686108665 0.00026553769585572584 0.0022614912445854799
365 0.25769061532700788 0.00025615788575682641 0.0021838187739576941
366 0.24894569451381962 0.00024722376185897031 0.0021097092755408445
367 0.24059755025428917 0.00023870917119329433 0.0020389622902905863
368 0.23262407783861391 0.00023058976048220036 0.0019713904901577451
369 0.22500460803561881 0.00022284283626577495 0.0019068187121662611
370 0.2177198023036849 0.00021544723467835456 0.0018450830703702109
371 0.21075155645135588 0.00020838320563410607 0.0017860301394182702
372 0.20408291179890295 0.00020163230900274685 0.0017295162016856182
373 0.19769797337196013 0.00019517730891647329 0.0016754065539996621
374 0.19158183456124081 0.00018900209028365964 0.0016235748691630577
375 0.1857205075960619 0.00018309157385684778 0.0015739026067462874
376 0.1801008594293968 0.00017743164017921604 0.0015262784697406507
377 0.17471055249166448 0.00017200905990727861 0.0014805979024717329
378 0.16953799009593409 0.00016681143078916869 0.0014367626279316449
379 0.16457226586565538 0.0001618271177473274 0.0013946802192004693
380 0.15980311699923444 0.00015704519727694524 0.0013542637033833428
381 0.15522088478037482 0.00015245536965224256 0.001315431226952329
382 0.15081645991653309 0.00014804809997815706 0.0012781055925129923
383 0.14658127082731823 0.00014381423285668714 0.0012422141595535444
384 0.14250722405179739 0.00013974526482698988 0.0012076883394220117
385 0.13858668352636927 0.0001358331350377108 0.0011744634197149938
386 0.13481244870153944 0.00013207029204296593 0.0011424783788266054
387 0.13117771742855469 0.0001284495652924961 0.0011116755714284297
388 0.12767605580666719 0.00012496432851352512 0.0010820004729378576
389 0.12430139008793285 0.00012160816797610798 0.0010534016109146852
390 0.12104796541291496 0.000118375054913074 0.001025830215363686
391 0.1179103462936236 0.0001152593130060955 0.00099924022282731864
392 0.11488337974307659 0.00011225572387112614 0.00097358796392437797
393 0.11196219033097726 0.0001093591405909407 0.00094883212144895987
394 0.10914215057980599 0.00010656473659915352 0.00092493347948988125
395 0.10641888182166469 0.00010386798423190111 0.00090185493069207365
396 0.10378822487919147 0.00010126466772607978 0.00087956122778975825
397 0.10124623908059179 9.8750725983794702e-05 0.00085801897525925237
398 0.098789174543355368 9.6322165328170618e-05 0.00083719639443521497
399 0.096413480262263776 9.39754346914378e-05 0.00081706339205308285
400 0.094115774741440769 9.170707184561936e-05 0.00079759131136814215
401 0.091892850490510311 8.951383676325536e-05 0.00077875297025856193
402 0.089741647625843579 8.7392406382621245e-05 0.00076052243750714902
403 0.087659268166112733 8.5339978102398436e-05 0.00074287515395010792
404 0.08564294385518724 8.3353691126885959e-05 0.0007257876597897224
405 0.083690039412250533 8.1430787102364891e-05 0.00070923762213771638
406 0.081798054965930636 7.9568826856058009e-05 0.00069320385564347999
407 0.079964598979596027 7.7765342706074251e-05 0.00067766609304742399
408 0.078187391412776822 7.6017907944082549e-05 0.00066260501197268492
409 0.076464268591099796 7.4324496793608355e-05 0.00064800227619576098
410 0.074793153952184929 7.2682858092569568e-05 0.00063384028773038074
411 0.07317207723668806 7.1091110084560663e-05 0.00062010234946345815
412 0.071599147749709768 6.9547235777578874e-05 0.00060677243855686248
413 0.070072569077421099 6.8049504523549781e-05 0.00059383533116458558
414 0.068590619092813165 6.6596148031253716e-05 0.00058127643298994211
415 0.067151651580188085 6.5185412986541077e-05 0.00056908179305244135
416 0.065754099962336221 6.3815860216344023e-05 0.00055723813527403573
417 0.064396457920434372 6.2485856618606624e-05 0.00054573269424096924
418 0.063077291778487213 6.1194048099386911e-05 0.00053455332015667125
419 0.061795224972187528 5.9939015508574686e-05 0.0005236883472219282
420 0.06054893970263265 5.8719369802135682e-05 0.00051312660764942918
421 0.059337178980915221 5.7533949847905251e-05 0.00050285744899080699
422 0.058158734523799223 5.638150182214335e-05 0.00049287063155762051
423 0.057012448614503441 5.5260805531120746e-05 0.00048315634419070712
424 0.05589721586577949 5.4170848616898322e-05 0.00047370521920152108
425 0.054811972812397865 5.3110526962950582e-05 0.00046450824417286328
426 0.05375570088423056 5.2078822872879609e-05 0.00045555678715449629
427 0.052727421566798202 5.1074690554327363e-05 0.00044684255565083223
428 0.051726199874049271 5.0097301617444025e-05 0.00043835762605126503
429 0.050751134977042298 4.9145714123673557e-05 0.00043009436421222289
430 0.049801361834062217 4.8219005029674736e-05 0.00042204543927171369
431 0.04887605308524335 4.7316446173935619e-05 0.00041420383970545212
432 0.047974410974154134 4.6437201739333758e-05 0.00040656280486571299
433 0.047095668922271031 4.5580460224249681e-05 0.00039911583832433076
434 0.046239092809383299 4.4745568976110692e-05 0.00039185671872358726
435 0.045403974499430372 4.3931789897110967e-05 0.00038477944491042688
436 0.044589633779895353 4.3138446628984155e-05 0.00037787825237199451
437 0.043795416386527758 4.2364889041845293e-05 0.00037114759649599794
438 0.04302069172177525 4.1610430813751951e-05 0.00036458213323538346
439 0.042264855969090201 4.0874575084651519e-05 0.0003581767455007644
440 0.041527325126806174 4.0156696575579376e-05 0.00035192648412547605
441 0.040807537755905954 3.945623824094311e-05 0.00034582659115174537
442 0.040104952269151041 3.877261473000321e-05 0.00033987247685721221
443 0.039419049391214468 3.8105396662590573e-05 0.00033405974060351243
444 0.038749326531539188 3.7454047328270552e-05 0.00032838412314863721
445 0.038095300016439557 3.6818087591701909e-05 0.00032284152556304711
446 0.037456503593768009 3.6197055759572211e-05 0.00031742799655735601
447 0.036832487701657542 3.5590506833782493e-05 0.00031213972628523341
448 0.036222818772177555 3.4998011801724189e-05 0.00030697304044218269
449 0.035627077663387047 3.4419104993360079e-05 0.00030192438697785635
450 0.035044862512647053 3.3853483907221737e-05 0.00029699036027666995
451 0.034475783096923548 3.3300718831853155e-05 0.0002921676533637589
452 0.033919463496758548 3.2760438395934638e-05 0.00028745308048100463
453 0.033375540767566859 3.223228417646365e-05 0.00028284356582683777
454 0.03284366441733038 3.1715910173003532e-05 0.00027833613912991848
455 0.032323495908244466 3.1210982306906336e-05 0.00027392793142580056
456 0.031814708181087656 3.0717177944080685e-05 0.00026961617102616656
457 0.031316985201155396 3.0234185439925902e-05 0.00026539817967080842
458 0.030830021524662684 2.9761703705115536e-05 0.00026127136885307361
459 0.030353521884581621 2.9299441790983501e-05 0.00025723323631001376
460 0.029887200794936453 2.8847118493348139e-05 0.00025328136266895298
461 0.029430782172633146 2.8404461973694729e-05 0.0002494134082426538
462 0.0289839989759509 2.7971209396730949e-05 0.00024562710996568559
463 0.028546592858870967 2.7547106583422185e-05 0.0002419202784650082
464 0.02811831384046377 2.7131907678703278e-05 0.00023829079525816756
465 0.027698919988597893 2.6725374833146969e-05 0.00023473661007286349
466 0.027288177117274697 2.632727789794607e-05 0.00023125573828198896
467 0.026885858496931113 2.5937394132627779e-05 0.00022784625844856875
468 0.026491744577088 2.5555507924975386e-05 0.00022450630997532204
469 0.026105622720756224 2.518141052267032e-05 0.00022123409085386632
470 0.025727286950042894 2.4814899776203259e-05 0.00021802785550883809
471 0.025356537702430858 2.4455779892621717e-05 0.00021488591273246491
472 0.024993181597231743 2.410386119969718e-05 0.00021180662370535376
473 0.024637031211738467 2.3758959920105323e-05 0.00020878840009947854
474 0.02428790486662789 2.3420897955217072e-05 0.00020582970225955838
475 0.023945626420186751 2.3089502678101444e-05 0.00020292903745920975
476 0.023610025070955849 2.2764606735344371e-05 0.00020008495822843939
477 0.023280935168406958 2.2446047857291929e-05 0.0001972960607492115
478 0.022958196031286921 2.2133668676329635e-05 0.00019456098331599087
479 0.022641651773280654 2.1827316552818629e-05 0.00019187840485831062
480 0.022331151135662492 2.152684340831708e-05 0.00018924704352256348
481 0.022026547326621633 2.1232105565726722e-05 0.00018666565531035283
482 0.02172769786696202 2.0942963596021325e-05 0.00018413303277086459
483 0.021434464441893144 2.0659282171223853e-05 0.00018164800374485715
484 0.021146712758640825 2.0380929923320617e-05 0.0001792094301579731
485 0.020864312409621402 2.0107779308814955e-05 0.00017681620686119833
486 0.020587136740934365 1.9839706478642447e-05 0.00017446726051639292
487 0.02031506272594134 1.9576591153185672e-05 0.00017216154852492662
488 0.02004797084370994 1.9318316502144541e-05 0.00016989805799754186
489 0.019785744962112169 1.9064769029033358e-05 0.00016767580476366244
490 0.019528272225376966 1.8815838460091791e-05 0.00016549383241844888
491 0.019275442945906125 1.8571417637410419e-05 0.00016335121140598411
492 0.019027150500172309 1.8331402416082995e-05 0.00016124703813705346
493 0.018783291228525623 1.8095691565212874e-05 0.00015918043414004765
494 0.018543764338744592 1.7864186672605945e-05 0.00015715054524359823
495 0.018308471813173847 1.7636792052997928e-05 0.00015515654078960888
496 0.018077318319299301 1.7413414659666881e-05 0.00015319761287541781
497 0.017850211123617486 1.7193963999294201e-05 0.000151272975623877
498 0.017627060008663237 1.6978352049940621e-05 0.00014938186448019693
499 0.01740777719306548 1.6766493182012524e-05 0.00014752353553445323
500 0.017192277254507244 1.6558304082098344e-05 0.00014569726486870547
501 0.016980477055471271 1.6353703679561141e-05 0.00014390234792772264
502 0.016772295671658277 1.6152613075777984e-05 0.00014213809891235827
503 0.016567654322969867 1.5954955475920998e-05 0.00014040385019465989
504 0.016366476306952898 1.5760656123180237e-05 0.00013869895175383813
505 0.016168686934606595 1.5569642235332694e-05 0.00013702277063225928
506 0.015974213468458485 1.5381842943564133e-05 0.00013537469041066512
507 0.015782985062818788 1.5197189233456869e-05 0.00013375411070185413
508 0.015594932706127381 1.5015613888057614e-05 0.00013216044666209645
509 0.015409989165310917 1.4837051432944596e-05 0.00013059312851958403
510 0.01522808893207135 1.4661438083215911e-05 0.00012905160111924873
511 0.015049168171030542 1.4488711692324555e-05 0.00012753532348330968
512 0.014873164669658923 1.4318811702687797e-05 0.00012604376838694004
513 0.014700017789919096 1.4151679098003079e-05 0.00012457642194846691
514 0.014529668421558594 1.3987256357203249e-05 0.00012313278323354741
515 0.014362058936988177 1.3825487409989753e-05 0.00012171236387278115
516 0.014197133147685729 1.3666317593880772e-05 0.00012031468769225194
517 0.014034836262067207 1.3509693612718568e-05 0.00011893929035650175
518 0.013875114844769453 1.3355563496578998e-05 0.00011758571902346995
519 0.013717916777291631 1.3203876563030088e-05 0.00011625353201094603
520 0.013563191219944235 1.3054583379688802e-05 0.00011494229847410369
521 0.013410888575056852 1.2907635728026967e-05 0.00011365159809370214
522 0.013260960451397914 1.2762986568378875e-05 0.00011238102077455859
523 0.013113359629761415 1.2620590006106425e-05 0.00011113016635391029
524 0.012968040029677677 1.2480401258877741e-05 0.00010989864431930235
525 0.012824956677206747 1.2342376625018734e-05 0.0001086860735356504
526 0.012684065673774947 1.2206473452897067e-05 0.00010749208198114361
527 0.012545324166016463 1.2072650111301307e-05 0.00010631630649166494
528 0.012408690316583539 1.1940865960778425e-05 0.00010515839251341982
529 0.012274123275890373 1.1811081325894362e-05 0.00010401799386347774
530 0.012141583154756936 1.1683257468384828e-05 0.00010289477249794014
531 0.012011030997920603 1.1557356561163558e-05 0.00010178839828746274
532 0.011882428758384694 1.1433341663156885e-05 0.00010069854879987028
533 0.011755739272573855 1.1311176694936268e-05 9.9624909089608937e-05
534 0.01163092623626813 1.1190826415118541e-05 9.8567171493797712e-05
535 0.011507954181287984 1.1072256397507833e-05 9.7525035434643933e-05
536 0.011386788452903978 1.0955433008952478e-05 9.6498207227999812e-05
537 0.011267395187945816 1.0840323387891537e-05 9.5486399897845903e-05
538 0.011149741293586261 1.0726895423567231e-05 9.4489332996493738e-05
539 0.011033794426776725 1.0615117735879088e-05 9.3506732430311221e-05
540 0.010919522974311724 1.0504959655858598e-05 9.2538330290777327e-05
541 0.010806896033500806 1.0396391206741874e-05 9.1583864690684798e-05
542 0.010695883393426933 1.028938308562033e-05 9.0643079605312989e-05
543 0.01058645551677144 1.0183906645648988e-05 8.9715724718402034e-05
544 0.010478583522186133 1.0079933878793796e-05 8.8801555272763837e-05
545 0.010372239167194175 9.9774373990989633e-06 8.7900331925374361e-05
546 0.01026739483160167 9.8763904264574382e-06 8.7011820606793818e-05
547 0.010164023501403018 9.7767667708666143e-06 8.6135792384771338e-05
548 0.01006209875316331 9.6785408171535382e-06 8.5272023331892455e-05
549 0.0099615947388619012 9.5816875101537762e-06 8.4420294397134757e-05
550 0.0098624861711818987 9.4861823403283106e-06 8.358039128120253e-05
551 0.0097647483092307159 9.3920013298042774e-06 8.2752104315514543e-05
552 0.0096683569446774417 9.2991210188256067e-06 8.1935228344724077e-05
553 0.0095732883882934019 9.207518452599601e-06 8.1129562612655942e-05
554 0.009479519456882763 9.117171168526299e-06 8.0334910651548846e-05
555 0.0093870274605901451 9.0280571837992258e-06 7.9551080174492761e-05
556 0.0092957901905735135 8.9401549833632681e-06 7.8777882970961979e-05
557 0.0092057859070299453 8.8534435082204747e-06 7.8015134805338514e-05
558 0.0091169933275633361 8.7679021440704957e-06 7.7262655318333364e-05
559 0.009029391615882813 8.6835107102759744e-06 7.6520267931210278e-05
560 0.0089429603708213144 8.6002494491421664e-06 7.5787799752723002e-05
561 0.0088576796156641796 8.5180990155004111e-06 7.5065081488679493e-05
562 0.0087735297877778191 8.4370404665861442e-06 7.4351947354049313e-05
563 0.0086904917285290095 8.3570552522017259e-06 7.3648234987533985e-05
564 0.0086085466734855745 8.2781252051555062e-06 7.2953785368521821e-05
565 0.0085276762428897063 8.200232531967776e-06 7.2268442736353445e-05
566 0.0084478624323952919 8.1233598038356683e-06 7.1592054511824513e-05
567 0.0083690876040610554 8.0474899478487385e-06 7.0924471220856403e-05
568 0.008291334477591495 7.9726062384474253e-06 7.0265546420266909e-05
569 0.0082145861218180447 7.8986922891166065e-06 6.9615136625576646e-05
570 0.0081388259464129226 7.8257320443072714e-06 6.8973101240787474e-05
571 0.0080640376938285411 7.7537097715791503e-06 6.8339302490072376e-05
572 0.0079902054314556388 7.6826100539571954e-06 6.7713605351318979e-05
573 0.0079173135439933196 7.612417782495835e-06 6.7095877491468804e-05
574 0.0078453467260246237 7.5431181490443027e-06 6.6485989203598508e-05
575 0.007774323427854315 7.4747274409094764e-06 6.5884096846223012e-05
576 0.0077041946698039581 7.4071998960356487e-06 6.5289785337321681e-05
577 0.007634946053470976 7.3405215843905235e-06 6.47029326565337e-05
578 0.0075665634620348046 7.2746788492436988e-06 6.4123419169786482e-05
579 0.0074990330537868816 7.2096583008626418e-06 6.35511275744651e-05
580 0.0074323412558310997 7.1454468103759577e-06 6.2985942846026263e-05
581 0.0073664747579498396 7.0820315037981538e-06 6.2427752186015585e-05
582 0.0073014205066305035 7.0193997562118459e-06 6.1876444971444946e-05
583 0.0072371656992479367 6.9575391861022042e-06 6.1331912705490992e-05
584 0.0071736977783981018 6.8964376498394548e-06 6.0794048969475442e-05
585 0.0071110044263785642 6.8360832363049372e-06 6.0262749376089529e-05
586 0.0070490735598115585 6.7764642616564786e-06 5.973791152382677e-05
587 0.0069878933244053995 6.7175692642292191e-06 5.921943495258813e-05
588 0.00692745208985033 6.6593869995675384e-06 5.8707221100426527e-05
589 0.0068677384448448025 6.6019064355848246e-06 5.8201173261396631e-05
590 0.0068087411922485436 6.5451167478468069e-06 5.770119654447918e-05
591 0.00675044934435868 6.4890073149753619e-06 5.7207197833548137e-05
592 0.0066928521183054548 6.4335677141690137e-06 5.6719085748351315e-05
593 0.006635938931564102 6.3787877168369225e-06 5.6236770606475442e-05
594 0.0065796993975795418 6.3246572843432188e-06 5.5760164386267302e-05
595 0.0065241233215007997 6.2711665638581487e-06 5.5289180690684744e-05
596 0.0064692006960219046 6.2183058843136106e-06 5.4823734712050042e-05
597 0.0064149216973264263 6.1660657524594573e-06 5.4363743197681579e-05
598 0.0063612766811325843 6.114436849018315e-06 5.390912441637783e-05
599 0.0063082561788362591 6.0634100249357429e-06 5.345979812573101e-05
600 0.006255850893749069 6.012976297723238e-06 5.3015685540246349e-05
601 0.0062040516974289153 5.9631268478915227e-06 5.2576709300245044e-05
602 0.0061528496261004581 5.9138530154714066e-06 5.2142793441529306e-05
603 0.006102235877162944 5.8651462966201808e-06 5.171386336578766e-05
604 0.0060522018057831304 5.8169983403105874e-06 5.1289845811721446e-05
605 0.0060027389215708089 5.76940094510075e-06 5.0870668826871259e-05
606 0.0059538388853347928 5.7223460559822983e-06 5.0456261740125361e-05
607 0.0059054935059171003 5.6758257613049095e-06 5.0046555134890681e-05
608 0.0058576947371032423 5.6298322897749593e-06 4.9641480822908833e-05
609 0.0058104346746065422 5.5843580075263743e-06 4.9240971818699511e-05
610 0.0057637055531244907 5.5393954152616678e-06 4.8844962314614329e-05
611 0.0057174997434651801 5.4949371454613535e-06 4.8453387656484575e-05
612 0.005671809749741962 5.4509759596597596e-06 4.8066184319847136e-05
613 0.0056266282066344733 5.4075047457856003e-06 4.7683289886732827e-05
614 0.0055819478767143048 5.3645165155653978e-06 4.7304643023002581e-05
615 0.005537761647833532 5.3220044019882598e-06 4.693018345621637e-05
616 0.0054940625305744655 5.2799616568303583e-06 4.6559851954020893e-05
617 0.005450843655759049 5.2383816482372794e-06 4.6193590303042785e-05
618 0.0054080982720162594 5.1972578583630421e-06 4.5831341288273388e-05
619 0.0053658197434060207 5.156583881064107e-06 4.547304867293238e-05
620 0.0053240015470981603 5.1163534196469455e-06 4.511865717879797e-05
621 0.0052826372711049351 5.0765602846678501e-06 4.4768112466990977e-05
622 0.0052417206120657991 5.037198391783406e-06 4.4421361119201688e-05
623 0.0052012453730829267 4.9982617596507432e-06 4.4078350619346836e-05
624 0.0051612054616063672 4.959744507875627e-06 4.3739029335647182e-05
625 0.0051215948873673698 4.9216408550077767e-06 4.3403346503113302e-05
626 0.0050824077603587314 4.8839451165818334e-06 4.3071252206429929e-05
627 0.005043638288860966 4.8466517032028622e-06 4.2742697363228522e-05
628 0.0050052807775130808 4.8097551186752921e-06 4.2417633707737975e-05
629 0.0049673296254268244 4.7732499581742826e-06 4.2096013774803595e-05
630 0.0049297793243433764 4.7371309064580602e-06 4.1777790884265904e-05
631 0.0048926244568312811 4.7013927361207034e-06 4.1462919125688825e-05
632 0.0048558596945246805 4.6660303058839509e-06 4.1151353343429493e-05
633 0.0048194797964007949 4.6310385589271874e-06 4.0843049122040632e-05
634 0.0047834796070956656 4.5964125212546161e-06 4.0537962771997165e-05
635 0.0047478540552571818 4.5621473000988419e-06 4.0236051315738828e-05
636 0.0047125981519345085 4.5282380823596214e-06 3.9937272474021258e-05
637 0.0046777069890029561 4.4946801330772538e-06 3.9641584652567423e-05
638 0.0046431757376234686 4.4614687939394198e-06 3.9348946929012446e-05
639 0.004608999646735782 4.4285994818210455e-06 3.9059319040133748e-05
640 0.0045751740415845418 4.3960676873558711e-06 3.8772661369360523e-05
641 0.0045416943222774536 4.3638689735394175e-06 3.848893493455469e-05
642 0.0045085559623747632 4.3319989743622108e-06 3.8208101376057313e-05
643 0.0044757545075092536 4.3004533934727524e-06 3.7930122944993674e-05
644 0.0044432855740360157 4.2692280028694474e-06 3.7654962491830644e-05
645 0.0044111448477113114 4.2383186416206472e-06 3.7382583455180602e-05
646 0.004379328082399732 4.207721214612429e-06 3.7112949850845187e-05
647 0.0043478310988091023 4.1774316913229896e-06 3.6846026261094088e-05
648 0.0043166497832523047 4.1474461046235338e-06 3.6581777824172077e-05
649 0.0042857800864355014 4.1177605496045593e-06 3.6320170224029674e-05
650 0.0042552180222720495 4.0883711824272235e-06 3.6061169680271609e-05
651 0.004224959666721542 4.0592742191989596e-06 3.580474293831815e-05
652 0.0041950011566532974 4.0304659348730912e-06 3.555085725977371e-05
653 0.0041653386887338332 4.0019426621714172e-06 3.5299480412998589e-05
654 0.00413596851833763 3.973700790529672e-06 3.5050580663878218e-05
655 0.0041068869584807276 3.9457367650649831e-06 3.4804126766785831e-05
656 0.0040780903787765522 3.9180470855650498e-06 3.4560087955733491e-05
657 0.0040495752044135162 3.8906283054982258e-06 3.4318433935707766e-05
658 0.0040213379151537764 3.8634770310444884e-06 3.4079134874184544e-05
659 0.0039933750443528005 3.8365899201461866e-06 3.3842161392820345e-05
660 0.0039656831779990931 3.809963681578738e-06 3.360748455931435e-05
661 0.0039382589537737466 3.7835950740402931e-06 3.3375075879438534e-05
662 0.0039110990601292734 3.7574809052602633e-06 3.314490728923113e-05
663 0.0038842002353873233 3.73161803112606e-06 3.29169511473502e-05
664 0.0038575592668548026 3.7060033548278064e-06 3.269118022758307e-05
665 0.0038311729899580147 3.6806338260203953e-06 3.2467567711508601e-05
666 0.0038050382873943806 3.6555064400027211e-06 3.2246087181308311e-05
667 0.0037791520883013433 3.6306182369135171e-06 3.2026712612723247e-05
668 0.0037535113674420678 3.6059663009434876e-06 3.1809418368153116e-05
669 0.0037281131444075436 3.5815477595633786e-06 3.1594179189894438e-05
670 0.0037029544828347297 3.557359782767566e-06 3.1380970193514659e-05
671 0.0036780324896403759 3.5333995823328368e-06 3.1169766861359115e-05
672 0.0036533443142701314 3.5096644110921193e-06 3.0960545036187557e-05
673 0.0036288871479626789 3.486151562222538e-06 3.075328091493796e-05
674 0.0036046582230284479 3.4628583685478746e-06 3.0547951042613962e-05
675 0.0035806548121426638 3.4397822018547416e-06 3.0344532306293763e-05
676 0.0035568742276523829 3.416920472222383e-06 3.0143001929257483e-05
677 0.0035333138208971868 3.3942706273657134e-06 2.9943337465230396e-05
678 0.0035099709815432549 3.3718301519913287e-06 2.9745516792739449e-05
679 0.003486843136930512 3.3495965671661498e-06 2.954951810958061e-05
680 0.0034639277514325463 3.3275674296984969e-06 2.9355319927394461e-05
681 0.0034412223258290355 3.305740331531261e-06 2.916290106634776e-05
682 0.0034187243966903968 3.2841128991469085e-06 2.8972240649918619e-05
683 0.0033964315357743863 3.2626827929840977e-06 2.8783318099782936e-05
684 0.0033743413494343945 3.2414477068656067e-06 2.8596113130799954e-05
685 0.0033524514780391827 3.2204053674373373e-06 2.8410605746094768e-05
686 0.0033307595954038022 3.1995535336181661e-06 2.8226776232235611e-05
687 0.0033092634082314502 3.1788899960604357e-06 2.8044605154503813e-05
688 0.0032879606555660619 3.1584125766206994e-06 2.7864073352254761e-05
689 0.0032668491082553227 3.1381191278408044e-06 2.768516193436714e-05
690 0.0032459265684239898 3.1180075324387019e-06 2.7507852274779575e-05
691 0.0032251908689571976 3.0980757028091009e-06 2.7332126008111845e-05
692 0.0032046398729935993 3.0783215805335471e-06 2.7157965025369485e-05
693 0.0031842714734280795 3.0587431358999301e-06 2.6985351469729487e-05
694 0.0031640835924239127 3.0393383674308647e-06 2.681426773240604e-05
695 0.0031440741809340622 3.0201053014212216e-06 2.6644696448593746e-05
696 0.0031242412182315191 3.001041991484198e-06 2.6476620493487451e-05
697 0.0031045827114484317 2.9821465181060004e-06 2.631002297837654e-05
698 0.0030850966951238546 2.9634169882088704e-06 2.6144887246812328e-05
699 0.0030657812307599542 2.9448515347222406e-06 2.5981196870847069e-05
700 0.0030466344063864569 2.9264483161619429e-06 2.5818935647342857e-05
