25 0.0 0.0 0.0
26 0.0 0.0 0.0
27 0.0 0.0 0.0
28 0.0 0.0 0.0
29 0.0 0.0 0.0
30 0.018294983066755689 9.5406059700796405e-08 0.00014995887759635811
31 0.06061687048624647 6.6248224393299628e-07 0.00049685959414956125
32 0.12075621139809271 2.2003076195515816e-06 0.00098980501145977634
33 0.19624870851305709 5.2761005346881709e-06 0.0016085959714185008
34 0.28556149270285741 1.0502121628643381e-05 0.0023406679729742409
35 0.38759331552793397 1.8521066230457636e-05 0.0031769943895732294
36 0.50148792094149142 2.9995398762852193e-05 0.0041105567290286183
37 0.62654480801571344 4.5599070705282309e-05 0.0051356131804566676
38 0.76217009570337801 6.6010882097587682e-05 0.006247295866421131
39 0.9078468174360923 9.1909063550693276e-05 0.0074413673560335437
40 1.0631157453858111 0.00012396688801435894 0.0087140634867689439
41 1.2275623180586464 0.00016284896560707352 0.010061986213595463
42 1.4008074345675616 0.0002092083062850963 0.011482028152193128
43 1.5825007197571632 0.00026368388348844735 0.012971317375058715
44 1.7723154828395431 0.00032689867474793683 0.014527176088848714
45 1.9699448587723165 0.00039945809691617132 0.016147089006330464
46 2.1750987998084117 0.00048194877307950102 0.017828678686954195
47 2.387501692375305 0.00057493757745695636 0.019569686003076271
48 2.6068904442553631 0.00067897091441927325 0.021367954461109534
49 2.833012930127027 0.00079457419051840806 0.023221417460057597
50 3.0656267155427579 0.00092225144719136067 0.025128087832317687
51 3.304497999444584 0.001062485125038545 0.027086049175775277
52 3.5494007310670908 0.0012157359366647864 0.029093448615304024
53 3.8001158664541568 0.0013824428266500284 0.03114849070864063
54 4.0564307387934964 0.0015630230026477739 0.033249432285192594
55 4.3181385207548697 0.00175787202093551 0.035394578038974341
56 4.5850377606916997 0.0019673639098388585 0.037582276726981147
57 4.8569319721349888 0.0021918513028692322 0.039810917804385157
58 5.1336292479712533 0.002431665526835193 0.042078928262059452
59 5.4149418423961615 0.0026871165147849163 0.044384769199968539
60 5.7006856076289321 0.0029584922614894925 0.046726931210073215
61 5.9906790580201985 0.0032460572338199609 0.049103926705083595
62 6.2847416393252598 0.0035500486213368501 0.051514275732174257
63 6.5826904816485126 0.0038706684962563184 0.053956479357774693
64 6.8843345142422923 0.0042080688481919261 0.056428971428215513
65 7.1894643846964721 0.0045623252493717766 0.058930035940135017
66 7.4978363024219412 0.0049333939911966555 0.06145767461001591
67 7.8091479385941298 0.0053210475617955985 0.06400940933273877
68 8.1230051498805071 0.0057247851385582383 0.066582009425250055
69 8.4388798017924582 0.0061437190669505707 0.069171145916331625
70 8.7560613457641612 0.0065764451172501785 0.071770994637411156
71 9.0736077769921408 0.007020912812286598 0.074373834237640504
72 9.3903044523670314 0.0074743201573170904 0.076969708625959268
73 9.7046410035390931 0.0079330617155418288 0.079546237733926994
74 10.014816264986703 0.0083927572335741416 0.082088657909727067
75 10.318778186145449 0.0088483783506391502 0.084580149066765975
76 10.614300332879562 0.009294474295312263 0.087002461744914439
77 10.899089884127935 0.0097254775544662175 0.089336802328917497
78 11.170915679663931 0.010136052752113947 0.091564882620196159
79 11.427740637505595 0.010521441630189364 0.093670005225455696
80 11.667841775347087 0.010877757277913761 0.095638047338910556
81 11.889903522032569 0.011202190693767121 0.097458225590430894
82 12.093074951875108 0.011493110282115204 0.099123565179304166
83 12.276987657761341 0.011750052975672182 0.10063104637509296
84 12.441736999651475 0.011973622830361106 0.10198145081681537
85 12.587833530201738 0.012165321982626357 0.10317896336230933
86 12.716134060719401 0.012327343836775917 0.10423060705507706
87 12.827762101462939 0.012462355802619111 0.10514559099559787
88 12.924026405829402 0.012573293824791481 0.1059346426707328
89 13.006344439373288 0.012663183673868877 0.10660938065060073
90 13.076175316495465 0.01273499708208692 0.1071817648893071
91 13.134964660117985 0.012791544804221821 0.10766364475506546
92 13.184102106502698 0.01283540480473782 0.10806641070903851
93 13.2248908998562 0.012868880768494604 0.10840074508078854
94 13.258528243239105 0.012893985246805422 0.1086764610101566
95 13.286094664195426 0.012912441417131158 0.10890241528029038
96 13.308550540667769 0.01292569795069474 0.10908647984153909
97 13.326738009747318 0.012934952156859322 0.10923555745694523
98 13.341386694601651 0.0129411777361383 0.10935562864427582
99 13.353121922101806 0.012945154189916337 0.10945181903362136
100 13.362474371191265 0.012947495862039034 0.10952847845238742
101 13.369890337733562 0.012948679264476569 0.10958926506338985
102 13.375742014044288 0.01294906788182096 0.10963722962331383
103 13.380337377560098 0.012948933961422798 0.10967489653737784
104 13.383929403547921 0.012948477365882826 0.10970433937334362
105 13.386724447318528 0.012947841402896672 0.10972724956818465
106 13.388889721771474 0.012947125946705667 0.10974499771943831
107 13.390559884043178 0.01294639805641901 0.10975868757412441
108 13.391842701676079 0.012945700543360731 0.10976920247275475
109 13.392823939006792 0.012945058627336638 0.10977724540169502
110 13.393571463967428 0.012944485125446676 0.10978337265547072
111 13.394138691761333 0.012943984394944177 0.10978802206361749
112 13.394567444506915 0.012943555260274376 0.10979153643038456
113 13.394890302504434 0.01294319315386727 0.10979418280741339
114 13.395132520876743 0.012942891646139777 0.10979616820390772
115 13.395313583643095 0.012942643500054854 0.1097976523249434
116 13.395448452948884 0.012942441371608018 0.10979875781105643
117 13.39554856655255 0.012942278253095988 0.10979957841436516
118 13.395622630186869 0.012942147726113955 0.10980018549333499
119 13.395677241335973 0.012942044089596998 0.10980063312570469
120 13.395717380285735 0.012941962458061061 0.10980096213348962
121 13.39574678546629 0.012941898499173566 0.10980120315955975
122 13.395768261691996 0.012941848673956518 0.10980137919419669
123 13.395783901551509 0.012941810150464283 0.10980150738976646
124 13.395795258312384 0.012941780549171703 0.10980160047797037
125 13.395803481117355 0.012941757884236205 0.1098016678780111
126 13.395809418876258 0.012941740665336149 0.10980171654816605
127 13.395813694969606 0.012941727596767172 0.10980175159811152
128 13.395816768544865 0.01294171786333395 0.10980177679135135
129 13.395818970898102 0.012941710493832472 0.10980179484342706
130 13.395820545369743 0.012941704985552988 0.10980180774893232
131 13.395821668041274 0.012941700875771489 0.10980181695115798
132 13.395822466425336 0.0129416978189376 0.10980182349528965
133 13.395823032546348 0.012941695549187626 0.10980182813562581
134 13.395823432964734 0.01294169387295867 0.10980183141774372
135 13.395823715484443 0.012941692640528087 0.10980183373347904
136 13.395823914319571 0.012941691737621006 0.10980183536327517
137 13.395824053934511 0.012941691078872825 0.10980183650765993
138 13.395824151740234 0.012941690599942627 0.10980183730934617
139 13.395824220099628 0.012941690252925395 0.10980183786966909
140 13.395824267836453 0.012941690003377497 0.10980183826095453
141 13.395824301048767 0.012941689823342263 0.10980183853318662
142 13.395824324104808 0.01294168969398995 0.10980183872217056
143 13.395824340075585 0.01294168960139115 0.10980183885307856
144 13.395824351114689 0.012941689535310011 0.10980183894356302
145 13.39582435873168 0.01294168948834196 0.10980183900599738
146 13.395824363986311 0.012941689455157918 0.10980183904906812
147 13.395824367597733 0.012941689431683287 0.10980183907866994
148 13.39582437007414 0.012941689415118031 0.10980183909896836
149 13.395824371769216 0.012941689403518357 0.10980183911286243
150 12.958267486522873 0.012733224414893848 0.10621530726658092
151 12.534111136582549 0.012513823232242675 0.10273861587362745
152 12.123024178532757 0.012285113116630447 0.099369050643711127
153 11.724681540102745 0.012048589325364501 0.096103947050022495
154 11.338763985270024 0.011805624426376308 0.092940688403852653
155 10.964957902819387 0.011557476941509671 0.089876704121470391
156 10.602955115497886 0.011305299339727041 0.086909468159818745
157 10.252452709395236 0.011050145422516089 0.084036497617993741
158 9.9131528820974317 0.010792977144997757 0.081255351492601893
159 9.5847628091875876 0.010534670933760957 0.07856362958350481
160 9.2669945271019003 0.010276023515402188 0.075958971533622133
161 8.9595648337398597 0.0100177573572422 0.07343905601426115
162 8.6621952017579957 0.0097605256873628324 0.071001600014409805
163 8.3746117102068851 0.0095049171994129374 0.068644358280384302
164 8.0965449819473214 0.0092514604532542843 0.066365122802846899
165 7.8277301473587055 0.0090006279499547041 0.06416172251933365
166 7.567906803838464 0.0087528400055758848 0.062032022982282491
167 7.3168189979961884 0.0085084683613166207 0.059973926213083513
168 7.0742152095421424 0.0082678395796883138 0.057985370570017562
169 6.8398483476317837 0.0080312382678845613 0.056064330718293309
170 6.6134757536545603 0.0077989101005558918 0.054208817652906235
171 6.3948592107944542 0.0075710646866035246 0.052416878777003725
172 6.1837649560802967 0.0073478782729509045 0.050686598000658167
173 5.9799636984552498 0.0071294963071798587 0.049016095888977457
174 5.7832306392194726 0.0069160358608714506 0.047403529829667806
175 5.5933454945079388 0.0067075879231598759 0.045847094217278186
176 5.4100925181392858 0.0065042195691653081 0.044345020640485948
177 5.2332605246718824 0.0063059760117169022 0.042895578071081006
178 5.0626429080262279 0.0061128825290197638 0.041497073016608425
179 4.8980376650753321 0.005924946303870496 0.040147849713732232
180 4.7392474089787955 0.0057421581359542121 0.038846290237531111
181 4.5860793828725841 0.0055644940634109533 0.037590814613709708
182 4.4383454692703408 0.0053919168859165546 0.03637988089565853
183 4.2958621910121648 0.0052243775823571066 0.035211985172230856
184 4.1584507142180378 0.0050618166560154011 0.03408566159195113
185 4.0259368394602353 0.0049041653746874272 0.032999482290657668
186 3.898150990092458 0.004751346931844474 0.031952057295839817
187 3.7749281943584827 0.0046032775257023924 0.030942034379987562
188 3.6561080592705442 0.0044598673572574157 0.029968098846479871
189 3.5415347401240611 0.0043210215527798588 0.029028973279705418
190 3.4310569067736307 0.0041866410179943825 0.028123417268636316
191 3.3245276986830294 0.004056623217310559 0.027250227038385488
192 3.2218046781992689 0.0039308628921385577 0.02640823506720712
193 3.1227497781994238 0.003809252713101658 0.025596309657372328
194 3.0272292409049908 0.0036916838741358569 0.024813354433647464
195 2.9351135560098651 0.0035780466309121043 0.024058307836146434
196 2.8462773931391707 0.0034682307860130061 0.023330142566714514
197 2.76059952872005 0.0033621261246227865 0.022627864989508608
198 2.6779627688148122 0.0032596228055401786 0.021950514498482069
199 2.5982538489276896 0.0031606116306556785 0.021297162696128604
200 2.5213634383984678 0.0030649846588134042 0.020666913429495639
201 2.4471859270086389 0.0029726350000649614 0.020058901041054417
202 2.3756194016856167 0.0028834573283105952 0.019472290177750956
203 2.306565609545983 0.0027973481929427627 0.018906275488081829
204 2.2399297602105901 0.0027142058886063464 0.018360080001726148
205 2.1756204898022364 0.0026339307861995061 0.01783295483444456
206 2.1135498059722475 0.0025564255052626002 0.017324178737477439
207 2.0536329121369246 0.0024815948441093637 0.016833056656860038
208 1.9957881586773925 0.0024093459658330813 0.016358919333421248
209 1.9399369753683937 0.0023395884738930937 0.015901122748921259
210 1.8860037186479399 0.0022722343795284526 0.015459046874163442
211 1.8339156125010141 0.0022071981874317577 0.015032095184434541
212 1.7836026730150101 0.0021443968955889401 0.01461969404110664
213 1.7349975732306231 0.0020837499995081579 0.014221291583857567
214 1.6880355994524718 0.0020251794732693306 0.013836357372561245
215 1.6426545275647078 0.0019686097767010382 0.01346438137348121
216 1.5987945536816748 0.0019139678287919543 0.0131048733908334
217 1.5563982140567052 0.0018611829386754859 0.012757362410300862
218 1.5154102869234061 0.0018101868279176462 0.012421395794454148
219 1.475777720835364 0.0017609135658323059 0.012096538695371835
220 1.4374495556856468 0.0017132994802223616 0.0117823734072594
221 1.4003768406068415 0.0016672831978516572 0.011478498693498701
222 1.3645125618525702 0.0016228054890361889 0.01118452919551287
223 1.3298115688549474 0.0015798093056674206 0.010900094826679897
224 1.2962305041180529 0.0015382396863022779 0.010624840197688957
225 1.2637277299967811 0.0014980436558489436 0.010358424016367059
226 1.2322632679919618 0.0014591702504072473 0.010100518590098048
227 1.2017987315478966 0.0014215704169440568 0.0098508092749827591
228 1.1722972576988877 0.0013851969139363816 0.0096089939155646533
229 1.1437234584680709 0.0013500043458590288 0.0093747824464595966
230 1.1160433477929474 0.0013159489995916336 0.0091478962933848156
231 1.0892243006448181 0.0012829888885940804 0.0089280680380722805
232 1.0632349821065179 0.0012510835959880543 0.0087150408369386714
233 1.0380453097307947 0.0012201943033750258 0.0085085681125474967
234 1.0136263965489192 0.001190283697436666 0.0083084130864665498
235 0.98995049534199664 0.001161315884700635 0.0081143483224753819
236 0.96699096802689333 0.0011332564128757707 0.0079261554756302737
237 0.94472222189064237 0.0011060721361667704 0.0077436247695954292
238 0.92311968498922803 0.0010797312436292654 0.0075665547949936721
239 0.9021597457394227 0.0010542031348076855 0.0073947520142575631
240 0.8818197293817851 0.0010294584352095457 0.0072280305687031565
241 0.86207785235504875 0.001005468921990595 0.0070662119045495795
242 0.84291317873627258 0.0009822074569736613 0.0069091244158710867
243 0.82430560080130655 0.00095964799646809987 0.0067566032852566108
244 0.80623578699901477 0.00093776549054672229 0.0066084900573689731
245 0.78868516722874671 0.00091653589791934153 0.0064646325182684157
246 0.77163588417534457 0.00089593609423684918 0.0063248842965192174
247 0.75507078046824028 0.00087594388366769188 0.0061891047579363959
248 0.73897335326700819 0.00085653791586143605 0.0060571586333361327
249 0.72332774326216964 0.00083769769488230012 0.00592891592837844
250 0.7081186941701636 0.00081940350836077623 0.0058042515915587177
251 0.69333153374946388 0.00080163641160849067 0.005683045358602163
252 0.6789521550515818 0.00078437820821799728 0.0055651815987834575
253 0.66496698044581681 0.00076761139060406609 0.0054505490200476786
254 0.65136295386469922 0.00075131914319741646 0.0053390406054483544
255 0.63812750562029663 0.00073548528463217506 0.0052305533247565296
256 0.62524854577441447 0.00072009426952977503 0.0051249880801181513
257 0.61271443145727644 0.0007051311364463912 0.0050222494381743973
258 0.60051396109669675 0.00069058150799773265 0.0049222455827598096
259 0.58863634561879741 0.00067643154678061874 0.004824888078842602
260 0.57707119643738536 0.00066266794265028273 0.0047300917740769289
261 0.56580851293442191 0.00064927789665259307 0.0046377746961837859
262 0.55483865857320036 0.00063624908686218723 0.0045478578571573804
263 0.54415235153366126 0.0006235696579426121 0.0044602651765054202
264 0.53374064801846788 0.00061122819815565227 0.0043749233444136714
265 0.5235949330900882 0.00059921372758633615 0.0042917617466400673
266 0.51370690040278111 0.00058751567068800789 0.0042107122983834518
267 0.50406854365280007 0.00057612384547516796 0.0041317093742032794
268 0.4946721474545735 0.00056502845054518262 0.0040546897332342088
269 0.48551026844806344 0.00055422004107671323 0.0039795923643283892
270 0.47657573268996206 0.0005436895238140184 0.0039063584646718205
271 0.46786161782427621 0.00053342813487006256 0.0038349312936416082
272 0.45936124647824406 0.00052342743036209224 0.0037652561186741315
273 0.45106817897040768 0.0005136792754204748 0.0036972801554951448
274 0.44297619857227372 0.00050417582674943751 0.0036309524473137188
275 0.4350793065631256 0.00049490952456451626 0.0035662238242879147
276 0.42737171259648571 0.00048587308016496695 0.0035030468245613581
277 0.41984782677023585 0.00047705946529438717 0.0034413756292642284
278 0.41250225173742527 0.00046846190172281137 0.0033811659978477482
279 0.40532977531273606 0.00046007385132200689 0.0033223752074814433
280 0.39832536333794488 0.00045188900663076194 0.0032649619945733189
281 0.39148415280792875 0.00044390128171464918 0.0032088864984256456
282 0.384801445389235 0.00043610480347885288 0.0031541102081084835
283 0.37827270106448413 0.00042849390331961746 0.0031005959103646242
284 0.37189353219206722 0.00042106310919403495 0.0030483076409185839
285 0.36565969770952644 0.00041380713794615843 0.0029972106369633316
286 0.35956709760385108 0.00040672088797892976 0.0029472712918348449
287 0.35361176762514163 0.00039979943225054433 0.0028984571116814888
288 0.34778987419900492 0.0003930380115476732 0.0028507366737623354
289 0.34209770955681984 0.00038643202804676096 0.0028040795865313102
290 0.33653168706341324 0.00037997703914333417 0.0027584564513394526
291 0.33108833673553484 0.00037366875153871691 0.0027138388257011052
292 0.32576430094176584 0.00036750301557266515 0.0026701991880472608
293 0.32055633027755542 0.00036147581979065961 0.0026275109039143887
294 0.31546127960706549 0.0003555832857361346 0.0025857481935005369
295 0.31047610426438582 0.00034982166295747141 0.0025448861005277525
296 0.30559785640730736 0.00034418732422061669 0.0025049004623549785
297 0.30082368151726846 0.00033867676091820593 0.0024657678812890858
298 0.29615081503901808 0.00033328657866641244 0.0024274656970411316
299 0.29157657915404117 0.000328013493081578 0.0023899719602790259
300 0.28709837968198448 0.00032285432572883911 0.0023532654072293811
301 0.28271370310461047 0.00031780600023508291 0.0023173254352836922
302 0.27842011370703124 0.00031286553855909202 0.0022821320795658297
303 0.27421525083123527 0.0003080300574121268 0.0022476659904199611
304 0.27009682623713688 0.00030329676482247271 0.0022139084117798104
305 0.2660626215665905 0.00029866295683769073 0.0021808411603818894
306 0.26211048590601277 0.00029412601435861957 0.0021484466057869901
307 0.25823833344345098 0.00028968340009946408 0.0021167076511758279
308 0.25444414121612635 0.00028533265566856009 0.0020856077148862814
309 0.25072594694465711 0.0002810713987646452 0.0020551307126611238
310 0.24708184695033797 0.00027689732048369846 0.0020252610405765408
311 0.24350999415200827 0.00027280818273163503 0.0019959835586230187
312 0.24000859613920106 0.0002688018157383441 0.0019672835749114841
313 0.23657591331840355 0.00026487611566878124 0.0019391468304787176
314 0.23321025712941212 0.00026102904232698515 0.0019115594846673125
315 0.22990998832888376 0.00025725861694911962 0.0018845081010564243
316 0.22667351533832616 0.00025356292008177383 0.0018579796339207063
317 0.22349929265388754 0.00024994008954194253 0.0018319614151957996
318 0.22038581931541451 0.00024638831845526899 0.0018064411419296271
319 0.2173316374323645 0.00024290585336928124 0.0017814068641997091
320 0.21433533076426595 0.00023949099243849358 0.0017568469734775898
321 0.21139552335351483 0.00023614208367839148 0.0017327501914222527
322 0.20851087820839592 0.00023285752328544476 0.0017091055590852124
323 0.2056800960343074 0.0002296357540204239 0.0016859024265107165
324 0.20290191401125363 0.00022647526365241356 0.0016631304427151936
325 0.20017510461575896 0.00022337458346102955 0.0016407795460308113
326 0.19749847448542976 0.00022033228679445616 0.0016188399547986045
327 0.19487086332446668 0.00021734698768103615 0.0015973021583972678
328 0.19229114284851345 0.00021441733949221912 0.0015761569085943725
329 0.18975821576728513 0.00021154203365479513 0.0015553952112072552
330 0.18727101480348704 0.00020871979841042084 0.0015350083180613692
331 0.18482850174660259 0.00020594939762053546 0.0015149877192344474
332 0.18242966654018919 0.00020322962961483247 0.0014953251355753212
333 0.18007352640137317 0.0002005593260815538 0.0014760125114866654
334 0.17775912497129445 0.00019793735099793672 0.0014570420079614299
335 0.17548553149530388 0.00019536259959920685 0.0014384059958631465
336 0.1732518400317643 0.00019283399738459896 0.0014200970494406911
337 0.17105716868835219 0.00019035049915894472 0.0014021079400684607
338 0.16890065888481484 0.00018791108810840796 0.0013844316302034003
339 0.16678147464116516 0.00018551477490904856 0.0013670612675505342
340 0.16469880189034899 0.0001831605968669124 0.0013499901794290902
341 0.16265184781445299 0.00018084761708843576 0.0013332118673315819
342 0.16063984020356753 0.00017857492367996932 0.0013167200016685862
343 0.15866202683644778 0.00017634162897530139 0.001300508416692195
344 0.15671767488215488 0.00017414686879010211 0.0012845711055914334
345 0.1548060703218915 0.00017198980170224807 0.0012689022157532091
346 0.15292651739027771 0.00016986960835703547 0.0012534960441826042
347 0.15107833803534873 0.00016778549079633168 0.001238347033076629
348 0.14926087139657696 0.00016573667181075187 0.0012234497655457127
349 0.14747347330025251 0.00016372239431398935 0.0012087989614774795
350 0.14571551577158562 0.00016174192073845802 0.0011943894735375871
