25 0.0 0.0 0.0
26 0.0 0.0 0.0
27 0.0 0.0 0.0
28 0.0 0.0 0.0
29 0.0 0.0 0.0
30 0.25693114182299615 2.7611906027970965e-06 0.002141092848524968
31 0.8507767597740914 1.9102110257959454e-05 0.0070898063314507615
32 1.6935351848580384 6.3163529644011908e-05 0.01411279320715032
33 2.749617834185059 0.00015065137970173662 0.022913481951542157
34 3.9951834707938016 0.00029747191913988676 0.033293195589948345
35 5.4052196257276384 0.00051603249225849626 0.045043496881063655
36 6.9363006674892604 0.00080667359380583799 0.057802505562410504
37 8.5096770778744659 0.0011482891115939951 0.070913975648953881
38 10.014944501411716 0.0014999202997587561 0.083457870845097634
39 11.341978806956867 0.0018172620121025709 0.094516490057973884
40 12.418802192081939 0.0020711725678541119 0.10349001826734949
41 13.227740588290198 0.0022542264327685803 0.11023117156908498
42 13.795424588794749 0.0023751358479810435 0.11496187157328958
43 14.17106728195605 0.0024493567031070489 0.11809222734963375
44 14.407364483971254 0.0024921581379815953 0.12006137069976044
45 14.549585795859759 0.002515513653394909 0.12124654829883133
46 14.631886988826844 0.0025276219075808519 0.12193239157355704
47 14.677842673482107 0.0025335938976678483 0.12231535561235089
48 14.702669265537541 0.0025363928102737558 0.12252224387947951
49 14.715671576180974 0.0025376342740932897 0.12263059646817479
50 14.722283896447136 0.0025381511344459103 0.12268569913705947
51 14.725553650544311 0.0025383498991260515 0.12271294708786926
52 14.727127752422307 0.0025384181339610204 0.12272606460351923
53 14.727866324045847 0.0025384372251770039 0.12273221936704873
54 14.728204427463579 0.0025384400350578705 0.12273503689552982
55 14.72835559022935 0.00253843863132901 0.12273629658524458
56 14.728421659851147 0.0025384368556177019 0.12273684716542622
57 14.728449914381184 0.0025384355995420578 0.1227370826198432
58 14.728461738327674 0.0025384348899580617 0.12273718115273062
59 14.728466608909105 0.0025384345200230355 0.12273722174090922
60 14.728468580789279 0.0025384343216526117 0.12273723817324399
61 14.728469356896237 0.0025384342183306691 0.12273724464080198
62 14.728469652575368 0.0025384341698175476 0.12273724710479474
63 14.728469761798463 0.0025384341479016588 0.12273724801498719
64 14.728469800970439 0.0025384341389788766 0.12273724834142033
65 14.728469814636506 0.0025384341352790493 0.12273724845530422
66 14.728469819258477 0.0025384341340197046 0.12273724849382064
67 14.728469819258477 0.0025384341340197046 0.12273724849382064
68 14.728469819258477 0.0025384341340197046 0.12273724849382064
69 14.728469819258477 0.0025384341340197046 0.12273724849382064
70 14.728469819258477 0.0025384341340197046 0.12273724849382064
71 14.728469819258477 0.0025384341340197046 0.12273724849382064
72 14.728469819258477 0.0025384341340197046 0.12273724849382064
73 14.728469819258477 0.0025384341340197046 0.12273724849382064
74 14.728469819258477 0.0025384341340197046 0.12273724849382064
75 14.728469819258477 0.0025384341340197046 0.12273724849382064
76 14.728469819258477 0.0025384341340197046 0.12273724849382064
77 14.728469819258477 0.0025384341340197046 0.12273724849382064
78 14.728469819258477 0.0025384341340197046 0.12273724849382064
79 14.728469819258477 0.0025384341340197046 0.12273724849382064
80 14.728469819258477 0.0025384341340197046 0.12273724849382064
81 14.728469819258477 0.0025384341340197046 0.12273724849382064
82 14.728469819258477 0.0025384341340197046 0.12273724849382064
83 14.728469819258477 0.0025384341340197046 0.12273724849382064
84 14.728469819258477 0.0025384341340197046 0.12273724849382064
85 14.728469819258477 0.0025384341340197046 0.12273724849382064
86 14.728469819258477 0.0025384341340197046 0.12273724849382064
87 14.728469819258477 0.0025384341340197046 0.12273724849382064
88 14.728469819258477 0.0025384341340197046 0.12273724849382064
89 14.728469819258477 0.0025384341340197046 0.12273724849382064
90 14.728469819257672 0.0025384341340195667 0.12273724849381393
91 14.728469819258477 0.0025384341340197046 0.12273724849382064
92 14.728469819258477 0.0025384341340197046 0.12273724849382064
93 14.728469819258477 0.0025384341340197046 0.12273724849382064
94 14.728469819258477 0.0025384341340197046 0.12273724849382064
95 14.728469819258477 0.0025384341340197046 0.12273724849382064
96 14.728469819258477 0.0025384341340197046 0.12273724849382064
97 14.728469819258477 0.0025384341340197046 0.12273724849382064
98 14.728469819258477 0.0025384341340197046 0.12273724849382064
99 14.728469819258477 0.0025384341340197046 0.12273724849382064
100 12.665427914310191 0.0023254347286586971 0.1055452326192516
101 10.867220924019703 0.0020883620246290786 0.090560174366830865
102 9.3117878136057417 0.0018480866174651876 0.077598231780047849
103 7.975474583201307 0.0016182192248726387 0.066462288193344224
104 6.8339343107048807 0.001406686369132149 0.05694945258920734
105 5.8630919175248444 0.0012172489006883683 0.048859099312707037
106 5.039998613817013 0.001050833711648754 0.041999988448475106
107 4.343467151480783 0.00090660114217953241 0.036195559595673193
108 3.7544541678419163 0.00078273428838092026 0.031287118065349305
109 3.2562130504747433 0.00067697969409657435 0.027135108753956194
110 2.8342699296130198 0.00058699020936513527 0.0236189160801085
111 2.4762816772540601 0.00051052381952020119 0.020635680643783835
112 2.1718275817940924 0.00044554493217398175 0.018098563181617438
113 1.9121737790903324 0.00039026396485546052 0.015934781492419437
114 1.6900367388427027 0.00034314069640863922 0.014083639490355855
115 1.4993615961255724 0.00030286807505970506 0.012494679967713104
116 1.3351232895101701 0.00026834721862965902 0.011126027412584751
117 1.1931534558944179 0.00023865967124813033 0.0099429454657868153
118 1.069992856974844 0.00021304036684248389 0.0089166071414570336
119 0.9627673466309542 0.0001908530444964123 0.008023061221924619
120 0.86908474457261164 0.00017156868977755342 0.0072423728714384305
121 0.78694967060321797 0.00015474712537303821 0.0065579139216934831
122 0.71469355037779225 0.00014002154557936315 0.0059557795864816025
123 0.65091725325907568 0.00012708566041501779 0.0054243104438256307
124 0.59444415355058489 0.00011568308479224943 0.0049537012795882072
125 0.54428173851399597 0.00010559862004205696 0.0045356811542832994
126 0.49959019628834239 9.6651107199843857e-05 0.0041632516357361865
127 0.45965667999349824 8.8687571569338883e-05 0.0038304723332791518
128 0.42387420872828474 8.1578433168149188e-05 0.0035322850727357064
129 0.39172431668098834 7.5213576204207381e-05 0.003264369305674903
130 0.36276303838911039 6.9499159259934484e-05 0.0030230253199092531
131 0.33660795989840447 6.4354820878414505e-05 0.0028050663324867041
132 0.31293027548179819 5.9711729930622969e-05 0.0026077522956816515
133 0.2914453913800864 5.5510599181180179e-05 0.0024287115948340532
134 0.27190653703153816 5.1700265418008687e-05 0.0022658878085961513
135 0.25409911760911036 4.8236418793559419e-05 0.0021174926467425865
136 0.23783601581556954 4.5080589618000036e-05 0.0019819667984630794
137 0.22295362528863383 4.2199272896502983e-05 0.001857946877405282
138 0.20930852926367791 3.9563213184062472e-05 0.0017442377438639826
139 0.19677468674365992 3.7146792684695525e-05 0.0016397890561971661
140 0.18524105231772964 3.4927522170642621e-05 0.0015436754359810802
141 0.17460956013875265 3.2885607761636951e-05 0.0014550796678229386
142 0.16479340387317501 3.1003584851463389e-05 0.0013732783656097917
143 0.15571556925373486 2.9266007482441791e-05 0.0012976297437811239
144 0.14730758141481645 2.7659182751988924e-05 0.0012275631784568037
145 0.13950842682143402 2.6170944749053008e-05 0.0011625702235119502
146 0.13226362907909125 2.4790460573627015e-05 0.0011021969089924271
147 0.12552447879116171 2.3508065330284811e-05 0.0010460373232596811
148 0.11924722763231177 2.2315112199675344e-05 0.00099372689693593146
149 0.1133926719791976 2.1203859223253687e-05 0.00094493893315997994
150 0.1079255660072148 2.0167340980728833e-05 0.00089937971672678996
151 0.10281396922303175 1.9199333964819975e-05 0.0008567830768585979
152 0.098029261243621324 1.8294182083364474e-05 0.00081691051036351101
153 0.093545370865590449 1.7446819204435646e-05 0.00077954475721325376
154 0.089338809723551529 1.6652640830146471e-05 0.00074449008102959611
155 0.085388248208532691 1.5907478490022244e-05 0.00071156873507110575
156 0.081674225649965043 1.5207566275571609e-05 0.00068061854708304198
157 0.078179130728112278 1.4549465691147493e-05 0.00065149275606760234
158 0.07488682761372803 1.3930061514905471e-05 0.00062405689678106694
159 0.071782648540850119 1.3346506952209425e-05 0.00059818873784041771
160 0.068853180784825746 1.2796204804252197e-05 0.00057377650654021452
161 0.066086112364058355 1.2276786466845601e-05 0.00055071760303381965
162 0.063470208669894196 1.1786079432756632e-05 0.0005289184055824516
163 0.060995129138781967 1.1322096341394641e-05 0.0005082927428231831
164 0.05865137844062196 1.0883013422566292e-05 0.00048876148700518303
165 0.056430245383622582 1.0467154062520087e-05 0.00047025204486352153
166 0.054323680950836742 1.007297775414238e-05 0.00045269734125697283
167 0.052324289772173807 9.6990652048794188e-06 0.00043603574810144839
168 0.050425229633822267 9.3441083967299201e-06 0.00042021024694851889
169 0.048620180859452224 9.006900323811619e-06 0.00040516817382876851
170 0.046903311112471605 8.6863255599958162e-06 0.00039086092593726337
171 0.045269205408792305 8.3813537968973133e-06 0.00037724337840660253
172 0.043712855706418759 8.0910271605684611e-06 0.00036427379755348964
173 0.042229616903208665 7.8144634394903664e-06 0.00035191347419340555
174 0.040815169340450916 7.5508406411505272e-06 0.00034012641117042432
175 0.039465499144723602 7.299395970424175e-06 0.00032887915953936335
176 0.038176879951139588 7.0594219536084501e-06 0.00031814066625949659
177 0.036945834904699305 6.8302587868592208e-06 0.00030788195753916089
178 0.035769125061453085 6.6112947036583382e-06 0.0002980760421787757
179 0.034643734046402107 6.4019544621498368e-06 0.00028869778372001757
180 0.03356684182814984 6.2017058403069777e-06 0.00027972368190124869
181 0.032535814183957783 6.0100518848276535e-06 0.00027113178486631487
182 0.031548192280443227 5.8265257907139571e-06 0.00026290160233702689
183 0.030601671511441355 5.6506929570975322e-06 0.00025501392926201131
184 0.029694095561785802 5.4821452642626389e-06 0.00024745079634821504
185 0.028823443216784372 5.3205038584501636e-06 0.00024019536013986976
186 0.027987818590949346 5.1654112843702665e-06 0.00023323182159124456
187 0.027185445540012558 5.0165307102815995e-06 0.00022654537950010466
188 0.026414653094664942 4.8735482815253266e-06 0.00022012210912220786
189 0.02567387238016805 4.7361684233142738e-06 0.00021394893650140043
190 0.024961627447635241 4.6041147129317139e-06 0.00020801356206362701
191 0.024276529278505689 4.4771264973739165e-06 0.00020230441065421408
192 0.02361727234371706 4.3549562315441585e-06 0.00019681060286430883
193 0.022982624254296053 4.2373733918419525e-06 0.00019152186878580043
194 0.022371423379991512 4.1241610290965332e-06 0.00018642852816659592
195 0.021782575990015929 4.0151121149715066e-06 0.00018152146658346606
196 0.02121504774707458 3.9100334103110776e-06 0.00017679206455895483
197 0.020667862886828977 3.8087419487556315e-06 0.00017223219072357482
198 0.020140098500867884 3.7110653123129205e-06 0.00016783415417389902
199 0.019630882790770333 3.6168397744174842e-06 0.00016359068992308611
