25 0.0 0.0 0.0
26 0.0 0.0 0.0
27 0.0 0.0 0.0
28 0.0 0.0 0.0
29 0.0 0.0 0.0
30 0.018290917542307755 1.3469311392138334e-07 0.0001499255536254734
31 0.060588574050534486 9.3387057826755882e-07 0.00049662765615192199
32 0.12066196763062485 3.0960784786313474e-06 0.00098903252156249885
33 0.19602199799972594 7.4087942861620839e-06 0.0016067376885223437
34 0.28510861068320437 1.4713729045796273e-05 0.0023369558252721669
35 0.38679151261308087 2.5884631436242745e-05 0.0031704222345334499
36 0.50018391454780986 4.1811153477527897e-05 0.0040998681520312283
37 0.62455357878786755 6.3386537078989957e-05 0.0051192916294087506
38 0.75927391449390813 9.1498020454198282e-05 0.0062235566761795749
39 0.90379446571857047 0.00012701930347256085 0.0074081513583489382
40 1.0576219000037739 0.00017080472229329965 0.0086690319672440477
41 1.2203070828096036 0.00022368460503875728 0.010002517072209866
42 1.3914359991276659 0.00028646183104053506 0.011405213107603819
43 1.5706231340105496 0.00035990918910264646 0.012873960114840571
44 1.7575065359271351 0.0004447674486394427 0.014405791278091272
45 1.9517440528021823 0.00054174399033384392 0.015997902072149035
46 2.1530104111481414 0.0006515118858300016 0.017647626320886404
47 2.3609949138127542 0.00077470933055987672 0.01935241732633405
48 2.5753996016884591 0.00091193935490938168 0.021109832800725075
49 2.7959377686518159 0.0010637697510007774 0.022917522693867345
50 3.0223327505417079 0.0012307331676206152 0.02477321926673531
51 3.2543169285265896 0.0014133273326247956 0.026674728922349095
52 3.4916309028917931 0.0016120153726914813 0.028619925433539289
53 3.734022803213946 0.0018272262054294423 0.030606744288638903
54 3.9812477091603804 0.002059354985427283 0.032633177943937546
55 4.2330671608636363 0.0023087635874996129 0.034697271810357672
56 4.4892487408059392 0.0025757811097028506 0.036797120826278187
57 4.749565709133452 0.0028607043709028899 0.038930866468306985
58 5.0137966660756801 0.0031637983471215388 0.041096693984226884
59 5.2817251953823652 0.0034852964230847393 0.043292829470347252
60 5.5531393950664665 0.0038254001801981338 0.045517536025134968
61 5.82783111094147 0.0041842781445036916 0.047769107466733358
62 6.1055945311818922 0.0045620623969219697 0.050045856812966333
63 6.3862235571913981 0.0049588411335560944 0.052346094731077035
64 6.6695070447608016 0.0053746441660153278 0.05466809053082624
65 6.9552206490872646 0.0058094170986397803 0.057010005320387414
66 7.2431137426508956 0.0062629789475270366 0.059369784775827016
67 7.532889860375132 0.0067349578362610333 0.061744998855533868
68 7.8241796191554078 0.0072247010115174034 0.064132619829142687
69 8.1165062353573614 0.007731159435574975 0.066528739634076739
70 8.4092456593765377 0.008252753846879908 0.068928243109643753
71 8.7015857464581181 0.0087872376571086763 0.071324473331623922
72 8.9924912368990206 0.0093315804702065446 0.073708944564746068
73 9.2806828655148959 0.009881901491001488 0.076071171028810627
74 9.5646388512022771 0.010433481626079101 0.07839867910821538
75 9.8426248600254951 0.010980874868748129 0.08067725295102865
76 10.112754368369471 0.011518123962501908 0.082891429248930087
77 10.373075970882292 0.012039065520814293 0.085025212876084361
78 10.621678895610074 0.012537690918364548 0.08706294176729569
79 10.856804222490707 0.013008516701642828 0.088990198545005797
80 11.076947884349693 0.013446915218810794 0.090794654789751586
81 11.280943444967281 0.013849365179341972 0.092466749548912139
82 11.46801562304314 0.014213594883373046 0.094000128057730656
83 11.637801426333075 0.014538612625816809 0.095391814969943242
84 11.790339788502752 0.014824633804403405 0.096642129413956987
85 11.926034970979199 0.015072927920957026 0.097754385008026218
86 12.045601130269599 0.01528561417389708 0.098734435494013104
87 12.149996149440929 0.015465434901481393 0.099590132372466625
88 12.240352243844812 0.015615531479257932 0.10033075609708862
89 12.317909429606711 0.015739241262079564 0.10096647073448124
90 12.383956113669468 0.015839926653192827 0.10150783699729073
91 12.43977930086028 0.015920841308141892 0.10196540410541213
92 12.486625388144299 0.015985033539925083 0.10234938842741229
93 12.525671358620023 0.016035283489791826 0.1026694373657379
94 12.558005437093996 0.016074069096415931 0.10293447079585243
95 12.584615833091229 0.016103554840367375 0.10315258879582975
96 12.606386037326599 0.016125597537392726 0.10333103309284097
97 12.624095157581769 0.016141763978258485 0.103476189816244
98 12.638421918714677 0.016153356013584308 0.10359362228454654
99 12.64995114288533 0.016161439628726706 0.10368812412201091
100 12.659181743682066 0.016166875350389003 0.10376378478427922
101 12.66653547533798 0.016170348134722196 0.10382406127326213
102 12.672365869144636 0.016172395468835438 0.10387185138643144
103 12.676966945689237 0.016173432956375942 0.10390956512860031
104 12.680581438312977 0.016173776941979065 0.10393919211731949
105 12.68340837127324 0.016173664073756745 0.10396236369896097
106 12.685609844407519 0.01617326803082704 0.10398040856071737
107 12.687317052042326 0.016172713471182307 0.10399440206592071
108 12.688635548462365 0.016172087422483595 0.10400520941362594
109 12.689649773154521 0.016171448528750437 0.10401352273077476
110 12.690426904826246 0.016170834404265675 0.10401989266251022
111 12.691020103564997 0.016170267416588318 0.10402475494725406
112 12.691471223017638 0.016169759145946355 0.10402845264768555
113 12.691813050277823 0.016169313781858534 0.10403125451047396
114 12.692071148152602 0.016168930649226251 0.1040333700668246
115 12.692265354026793 0.016168606063638874 0.1040349619182524
116 12.692410992842028 0.016168334654901754 0.10403615567903302
117 12.69251985203254 0.016168110286762693 0.10403704796747983
118 12.692600959706169 0.016167926673243283 0.10403771278447679
119 12.69266120216642 0.016167777771454176 0.10403820657513459
120 12.69270581109742 0.016167658012736771 0.10403857222211001
121 12.692738745769667 0.016167562420497109 0.10403884217843989
122 12.692762991544226 0.016167486679253468 0.10403904091429694
123 12.692780788012069 0.0161674270109411 0.10403918678698418
124 12.692793815590791 0.016167380271073124 0.10403929357041632
125 12.692803327998956 0.016167343910286538 0.10403937154097505
126 12.692810255569539 0.016167315787714513 0.10403942832434047
127 12.692815288993639 0.016167294159047382 0.10403946958191508
128 12.692818935900098 0.016167277550792569 0.10403949947459097
129 12.692821573713703 0.016167264922575288 0.10403952109601396
130 12.692823478988357 0.016167255369903322 0.10403953671301933
131 12.692824847996404 0.016167248101323545 0.10403954793439675
132 12.69282583322885 0.016167242658366467 0.10403955601007255
133 12.692826536622135 0.016167238536356821 0.10403956177559127
134 12.692827040424516 0.016167235470636324 0.10403956590511899
135 12.692827399018578 0.01616723317845651 0.10403956884441456
136 12.692827654904253 0.016167231485775469 0.10403957094183813
137 12.692827836043241 0.016167230227656343 0.10403957242658395
138 12.692827964678296 0.016167229303619038 0.10403957348096964
139 12.692828055390791 0.016167228622679823 0.10403957422451468
140 12.6928281195365 0.016167228125604591 0.10403957475029918
141 12.6928281646966 0.016167227762705908 0.10403957512046394
142 12.692828196395094 0.016167227498444195 0.10403957538028766
143 12.69282821860908 0.01616722730674577 0.10403957556236951
144 12.692828234140984 0.016167227168110618 0.1040395756896802
145 12.692828244975241 0.016167227068150648 0.10403957577848558
146 12.692828252520824 0.016167226996329793 0.10403957584033463
147 12.692828257782072 0.016167226944966123 0.10403957588345961
148 12.692828261444804 0.016167226908318098 0.10403957591348199
149 12.692828263976159 0.016167226882177321 0.10403957593423081
150 12.266188447048966 0.015894772288962567 0.10054252825449972
151 11.853526752217521 0.015609684362493655 0.097160055346045257
152 11.454435218556306 0.015314021955279635 0.09388881326685497
153 11.068516993846863 0.015009659446671786 0.090725549129892322
154 10.695385859457653 0.014698301855891183 0.08766709720866929
155 10.334665794143243 0.014381498665339117 0.084710375361829862
156 9.9859905710029935 0.014060656422640328 0.081852381729532728
157 9.6490033856191051 0.013737050220770207 0.079090191685402503
158 9.3233565123191902 0.013411834157072075 0.076420955019009751
159 9.0087109864215389 0.013086050870217896 0.073841893331324085
160 8.7047363104624775 0.012760640260922114 0.071350297626741624
161 8.4111101833147774 0.012436447454989574 0.068943526092744081
162 8.1275182492692117 0.012114230122310202 0.066619002043190254
163 7.8536538686818549 0.011794665192486843 0.064374212038375858
164 7.5892178989201033 0.011478355062587238 0.062206704089509041
165 7.3339185066710124 0.011165833296539788 0.0601140861202542
166 7.0874709826464706 0.010857569915693617 0.058094024447921888
167 6.8495975746879525 0.010553976318025661 0.056144242415475019
168 6.6200273360437611 0.010255409815488403 0.054262519147899681
169 6.3984959831623573 0.0099621778880236295 0.052446688386576699
170 6.184745765261435 0.0096745421251133758 0.050694637420175701
171 5.9785253451760392 0.00939272192068814 0.049004306108000321
172 5.7795896852734927 0.009116897910278832 0.047373685944864692
173 5.5876999453436564 0.0088472151992209421 0.045800819224128334
174 5.4026233825415853 0.008583786367960318 0.044283798217553974
175 5.224133259600702 0.0083266942960864877 0.042820764422956577
176 5.0520087589698663 0.0080759948057545685 0.04140990786040874
177 4.8860348965888276 0.0078317191261019128 0.040049466365482192
178 4.7260024440263066 0.0075938762147481414 0.0387377249510353
179 4.5717078483528288 0.0073624549154675352 0.037473015150433026
180 4.4229531534389865 0.0071374259776140064 0.036253714372450709
181 4.2795459283186634 0.006918743952018816 0.035078245314087403
182 4.141299183610923 0.0067063489376311455 0.033945075275499371
183 4.008031301435774 0.0065001682311392923 0.032852715585539129
184 3.8795659568307732 0.0063001178508413263 0.031799720957629292
185 3.7557320394210936 0.0061061039492940998 0.030784688847713883
186 3.6363635698556145 0.0059180241167908973 0.029806258769308317
187 3.521299620982302 0.0057357685998250018 0.028863111647395918
188 3.4103842361521739 0.0055592214206669393 0.02795396914878831
189 3.3034663436118934 0.00538826140543256 0.027077592980425357
190 3.2003996665624186 0.0052227631235057899 0.026232784152150971
191 3.1010426366651669 0.0050625977561413633 0.025418382267747269
192 3.0052583010357279 0.0049076338827738555 0.024633264762587932
193 2.9129142304233286 0.0047577381997423356 0.023876346151010891
194 2.8238824235157005 0.0046127761693824515 0.023146577241931972
195 2.7380392102712068 0.0044726126074079789 0.022442944346485302
196 2.6552651551224455 0.0043371122107545429 0.021764468484610208
197 2.5754449558116397 0.0042061400302763003 0.021110204555833113
198 2.4984673448176573 0.0040795618914176842 0.020479240531292273
199 2.424224986575426 0.0039572447679575642 0.019870696611273983
200 2.3526143611488348 0.0038390570131819615 0.019283724271711759
201 2.2835357215750682 0.0037248690431423452 0.01871750591454974
202 2.2168929050067776 0.0036145529812239723 0.018171253319727684
203 2.1525932850815264 0.0035079832828556418 0.017644207254766609
204 2.0905476455475238 0.0034050367538075786 0.01713563643891413
205 2.0306701242180707 0.0033055929471105007 0.016644837083754679
206 1.9728780447548455 0.0032095339116467538 0.016171131514383978
207 1.9170918601785039 0.00311674455422019 0.015713867706381179
208 1.8632350359989656 0.003027112618680685 0.015272418327860374
209 1.8112339826861179 0.0029405288766332256 0.014846180185951786
210 1.7610179079316108 0.0028568869457494977 0.014434573015832876
211 1.7125187754153606 0.0027760835423126483 0.014037039142748857
212 1.6656711689074419 0.0026980183177493242 0.013653042368093787
213 1.6204122207241871 0.0026225939456701632 0.01328206738298514
214 1.5766815306447108 0.00254971612147237 0.012923619103645171
215 1.5344210566095475 0.0024792934765947151 0.012577221775488095
216 1.4935750419475264 0.0024112375924784635 0.012242418376619069
217 1.4540899352222112 0.0023454629530229492 0.011918769960837797
218 1.4159142981239345 0.0022818868888398874 0.011605854902655201
219 1.3789987332076059 0.0022204295420312561 0.011303268304980376
220 1.3432958064392233 0.0021610137879384942 0.011010621364255929
221 1.3087599701560528 0.0021035652013165493 0.01072754073898404
222 1.2753474927379307 0.0020480119873029692 0.010453667973261726
223 1.2430163852493732 0.0019942848880214088 0.010188658895486665
224 1.2117263371782256 0.0019423171617796301 0.0099321830916248004
225 1.181438649316473 0.0018920444952536409 0.0096839233550530569
226 1.1521161652656062 0.0018434049023915275 0.0094435751251279194
227 1.1237232179726273 0.0017963387125305309 0.0092108460489559608
228 1.0962255666622285 0.0017507884733042936 0.0089854554644444966
229 1.0695903335889791 0.0017066988481804274 0.0087671338818768787
230 1.0437859616694867 0.0016640166205928481 0.0085556226366351358
231 1.0187821459380273 0.0016226905416726301 0.0083506733273608792
232 0.99454979601814653 0.0015826713354777163 0.0081520475083454638
233 0.97106098088739945 0.0015439116011022767 0.0079595162367819619
234 0.94828887465840872 0.0015063657164501537 0.0077728596283476127
235 0.92620772626817394 0.0014699898449767915 0.0075918666087555244
236 0.90479279789503098 0.0014347417932332959 0.0074163344089756634
237 0.88402033828894377 0.0014005810177797427 0.0072460683466306864
238 0.86386753552849638 0.0013674685356581322 0.0070808814387581668
239 0.84431247147910149 0.0013353668401057323 0.0069205940285172254
240 0.82533410003871999 0.0013042399056236566 0.0067650336068747537
241 0.80691219363148325 0.0012740530645933077 0.0066140343740285516
242 0.78902732418603072 0.0012447730121251104 0.0064674370834920548
243 0.77166082349556842 0.0012163677290123801 0.0063250887171767906
244 0.75479474544120795 0.0011888064105747931 0.0061868421757476063
245 0.73841185040463209 0.0011620594692235964 0.0060525561508576404
246 0.72249555965300138 0.0011360984316087217 0.0059220947512541094
247 0.707029943798967 0.0011108959472728194 0.0057953274081882543
248 0.69199968027240943 0.0010864256941055864 0.0056721285268230281
249 0.67739004333567598 0.0010626623851898009 0.0055523774043907872
250 0.66318686450055853 0.0010395816822142106 0.0054359579057422832
251 0.64937652392066436 0.0010171602006183193 0.0053227583927923311
252 0.63594591357814167 0.00099537543049448203 0.0052126714227716531
253 0.62288242989460307 0.00097420574034570739 0.0051055936876606813
254 0.61017393956210275 0.00095363030503764728 0.0050014257341155968
255 0.59780877308429936 0.00093362910786861145 0.0049000719105270442
256 0.58577569318994271 0.00091418287547535729 0.0048014401081142846
257 0.57406388925912688 0.00089527307862544592 0.0047054417152387453
258 0.56266294807709427 0.00087688187320904363 0.004611991377681101
259 0.55156284896143071 0.00085899209984059254 0.0045210069587002513
260 0.54075393667551519 0.00084158723047997265 0.0044324093170124198
261 0.5302269173406372 0.00082465136731444712 0.0043461222732839111
262 0.51997283333805933 0.00080816919444217825 0.0042620724044103225
263 0.50998305980382796 0.00079212597601478686 0.0041801890147854749
264 0.5002492812878323 0.00077650751240347421 0.0041004039449822321
265 0.49076348894252431 0.00076130013798919734 0.0040226515487092156
266 0.48151795887523779 0.00074649068155292981 0.0039468685153708017
267 0.47250524973198149 0.00073206646344057267 0.0038729938502621432
268 0.46371818266809278 0.00071801525989075292 0.0038009687103942032
269 0.45514983935719683 0.00070432529978555391 0.0037307363881737446
270 0.44679354442744795 0.00069098523403561963 0.0036622421674380981
271 0.43864285903229833 0.00067798412462108523 0.0035954332707565438
272 0.43069157408596198 0.00066531143168421661 0.003530258803983295
273 0.42293369579190465 0.00065295698951203676 0.0034666696376385625
274 0.41536344003166531 0.0006409109964908374 0.0034046183609152893
275 0.40797522648884665 0.00062916400321140389 0.0033440592335151364
276 0.400763665079862 0.00061770689141260637 0.0032849480744250982
277 0.39372355485825589 0.00060653086899103937 0.0032272422529365237
278 0.38684987123996895 0.00059562745026779868 0.0031709005839341718
279 0.38013776178867564 0.00058498844781530105 0.0031158832933498005
280 0.37358254130231777 0.00057460596173085549 0.0030621519778878505
281 0.36717968084688918 0.00056447236426972896 0.0030096695151384358
282 0.36092480699607971 0.00055458029426269369 0.0029584000573449156
283 0.35481369136545204 0.00054492264240874608 0.0029083089456184595
284 0.34884224782439471 0.00053549254426750817 0.0028593626870852024
285 0.3430065262846087 0.00052628336993994066 0.0028115289039722024
286 0.33730270740473561 0.00051728871556173657 0.0027647762902027508
287 0.33172709933239192 0.00050850239458659471 0.002719074584691737
288 0.32627613004539346 0.00049991842845184369 0.0026743945085687987
289 0.32094634459829069 0.00049153104004091451 0.00263070774260894
290 0.31573440196948227 0.00048333464586318442 0.002587986901389199
291 0.31063706810858943 0.00047532384782705768 0.0025462054762999133
292 0.30565121386724159 0.00046749342717836059 0.0025053378185839474
293 0.30077381074268966 0.00045983833753770299 0.0024653591044482758
294 0.2960019271247683 0.00045235369842637187 0.0024262453043013797
295 0.29133272483604378 0.00044503478916610087 0.0023879731543938014
296 0.28676345572149092 0.00043787704293929414 0.0023505201288646798
297 0.2822914584099509 0.00043087604111834268 0.0023138644131963189
298 0.27791415519245416 0.00042402750781798406 0.0022779848786266734
299 0.27362904903424023 0.00041732730467461491 0.0022428610576577068
300 0.26943372069510135 0.00041077142582806897 0.0022084731204516502
301 0.26532582597094451 0.00040435599311004278 0.0021748018522208565
302 0.26130309304005045 0.00039807725142180768 0.0021418286314758232
303 0.25736331991443567 0.00039193156429731004 0.0021095354091347188
304 0.25350437199051473 0.00038591540964202838 0.0020779046884468423
305 0.24972417969523716 0.00038002537564076473 0.0020469195056986651
306 0.24602073622354342 0.00037425815682710201 0.0020165634116683889
307 0.24239209536327316 0.00036861055030757757 0.0019868204537973212
308 0.23883636940376701 0.00036307945213398052 0.0019576751590472704
309 0.23535172712489824 0.00035766185381761064 0.0019291125174171987
310 0.23193639186300721 0.00035235483897957319 0.0019011179660902231
311 0.2285886396505252 0.00034715558013119615 0.0018736773741846327
312 0.22530679742631254 0.00034206133557923557 0.001846777028084529
313 0.22208924131375091 0.00033706944645063819 0.0018204036173258271
314 0.21893439496377518 0.00033217733383182998 0.0017945442210145505
315 0.21584072796018736 0.00032738249601777793 0.001769186294755634
316 0.2128067542846957 0.00032268250586624594 0.0017443176580712763
317 0.20983103083923785 0.00031807500825288982 0.0017199264822888348
318 0.20691215602325247 0.00031355771762301717 0.0016960012788791185
319 0.20404876836365929 0.00030912841563603079 0.0016725308882267155
320 0.20123954519541529 0.00030478494889872902 0.0016495044688148795
321 0.19848320139060338 0.00030052522678383076 0.0016269114868082244
322 0.19577848813409907 0.00029634721933021726 0.0016047417060172054
323 0.19312419174394266 0.00029224895522157225 0.0015829851782290382
324 0.19051913253463124 0.00028822851984021733 0.0015616322338904199
325 0.18796216372161378 0.00028428405339310449 0.0015406734731279819
326 0.18545217036535397 0.0002804137491070266 0.0015200997570930653
327 0.18298806835338852 0.00027661585149027615 0.0014999021996179387
328 0.18056880341888426 0.0002728886546580528 0.0014800721591711826
329 0.17819335019425142 0.00026923050071908379 0.0014606012311004215
330 0.17586071129844003 0.00026563977822099814 0.0014414812401511478
331 0.17356991645660033 0.00026211492065211165 0.0014227042332508224
332 0.17132002165084409 0.00025865440499738728 0.0014042624725479024
333 0.16911010830089754 0.00025525675034641682 0.0013861484286958816
334 0.16693928247349049 0.00025192051655136856 0.0013683547743728729
335 0.16480667411936928 0.00024864430293294122 0.001350874378027617
336 0.16271143633687199 0.00024542674703242201 0.0013337002978432129
337 0.1606527446610431 0.00024226652340806831 0.0013168257759101894
338 0.15862979637731567 0.0002391623424740616 0.0013002442326009481
339 0.15664180985882178 0.00023611294938039 0.0012839492611378834
340 0.1546880239264348 0.00023311712293206977 0.0012679346223478261
341 0.15276769723068315 0.00023017367454618491 0.0012521942395957635
342 0.15088010765470919 0.0002272814472452874 0.001236722193891059
343 0.1490245517374825 0.0002244393146857674 0.0012215127191596926
344 0.14720034411651073 0.00022164618021984682 0.0012065601976763173
345 0.14540681698931796 0.00021890097598991476 0.0011918591556501473
346 0.14364331959299106 0.00021620266205398163 0.0011774042589589432
347 0.14190921770112427 0.00021355022554107127 0.0011631903090256088
348 0.14020389313751991 0.00021094267983541321 0.0011492122388321304
349 0.13852674330602702 0.00020837906378835745 0.0011354651090657952
350 0.1368771807359252 0.00020585844095696908 0.0011219441043928294
