25 0.0 0.0 0.0
26 0.0 0.0 0.0
27 0.0 0.0 0.0
28 0.0 0.0 0.0
29 0.0 0.0 0.0
30 0.28627018951859745 3.6425599196452808e-05 0.0021049278641073342
31 0.93048471668526034 0.00023644759338606528 0.0068417993873916205
32 1.8089277404634487 0.00071905848812174275 0.013300939268113593
33 2.8557665994806389 0.00156549251242884 0.02099828381971058
34 4.0194144244100452 0.0028189741929315199 0.02955451782654445
35 5.2533599000422839 0.004481782156147667 0.038627646323840324
36 6.5086380242972366 0.0064995900998193763 0.047857632531597326
37 7.727891284174583 0.0087425326737069365 0.056822730030695462
38 8.8479911422497892 0.011014055670991778 0.065058758398895508
39 9.8134865823981752 0.013104092949631803 0.072157989576457165
40 10.592004517947931 0.014856820147508509 0.07788238616138185
41 11.180439077557368 0.01620727803474821 0.082209110864392421
42 11.59952171157842 0.017172991777642962 0.085290600820429566
43 11.882546077557276 0.017820327171726453 0.087371662334979963
44 12.064899501418445 0.018230534284927359 0.088712496333959154
45 12.177573462842494 0.018477893905103092 0.089540981344430101
46 12.244616310112857 0.018620511354812696 0.090033943456712187
47 12.283154893331597 0.018699383956365941 0.09031731539214409
48 12.304610170809495 0.0187413051602747 0.090475074785363929
49 12.316201264481755 0.018762738533114054 0.09056030341530702
50 12.322287849470033 0.018773279624889252 0.090605057716691417
51 12.325398794981817 0.018778261321438366 0.09062793231604277
52 12.3269484374137 0.018780518575574147 0.090639326745688975
53 12.327701626303423 0.018781495127225795 0.09064486489928987
54 12.328059229221765 0.018781895591767076 0.090647494332512971
55 12.328225262162924 0.018782049183224927 0.090648715162962676
56 12.328300708656808 0.018782102828202786 0.09064926991659418
57 12.32833433333284 0.018782118803184512 0.090649517156859122
58 12.328349018084857 0.018782121956239895 0.090649625132976891
59 12.328355310496512 0.018782121694248578 0.090649671400709647
60 12.32835796639837 0.018782120702865727 0.090649690929399784
61 12.328359073754127 0.018782119866604753 0.090649699071721518
62 12.328359528123624 0.018782119335391739 0.090649702412673699
63 12.328359711611222 0.018782119040391225 0.090649703761847222
64 12.328359784651921 0.018782118887902075 0.090649704298911185
65 12.328359813327369 0.018782118814073771 0.090649704509760065
66 12.32835982445533 0.018782118780263174 0.090649704591583308
67 12.328359828735088 0.018782118765246335 0.090649704623052121
68 12.328359830352293 0.018782118758321288 0.090649704634943332
69 12.328359830352293 0.018782118758321288 0.090649704634943332
70 12.328359830352293 0.018782118758321288 0.090649704634943332
71 12.328359830352293 0.018782118758321288 0.090649704634943332
72 12.328359830352293 0.018782118758321288 0.090649704634943332
73 12.328359830352293 0.018782118758321288 0.090649704634943332
74 12.328359830352293 0.018782118758321288 0.090649704634943332
75 12.328359830352293 0.018782118758321288 0.090649704634943332
76 12.328359830352293 0.018782118758321288 0.090649704634943332
77 12.328359830352293 0.018782118758321288 0.090649704634943332
78 12.328359830352293 0.018782118758321288 0.090649704634943332
79 12.328359830352293 0.018782118758321288 0.090649704634943332
80 12.328359830352293 0.018782118758321288 0.090649704634943332
81 12.328359830352293 0.018782118758321288 0.090649704634943332
82 12.328359830352293 0.018782118758321288 0.090649704634943332
83 12.328359830352293 0.018782118758321288 0.090649704634943332
84 12.328359830352293 0.018782118758321288 0.090649704634943332
85 12.328359830352293 0.018782118758321288 0.090649704634943332
86 12.328359830352293 0.018782118758321288 0.090649704634943332
87 12.328359830352293 0.018782118758321288 0.090649704634943332
88 12.328359830352293 0.018782118758321288 0.090649704634943332
89 12.328359830352293 0.018782118758321288 0.090649704634943332
90 12.32835983035161 0.018782118758320199 0.090649704634938308
91 12.328359830352293 0.018782118758321288 0.090649704634943332
92 12.328359830352293 0.018782118758321288 0.090649704634943332
93 12.328359830352293 0.018782118758321288 0.090649704634943332
94 12.328359830352293 0.018782118758321288 0.090649704634943332
95 12.328359830352293 0.018782118758321288 0.090649704634943332
96 12.328359830352293 0.018782118758321288 0.090649704634943332
97 12.328359830352293 0.018782118758321288 0.090649704634943332
98 12.328359830352293 0.018782118758321288 0.090649704634943332
99 12.328359830352293 0.018782118758321288 0.090649704634943332
100 10.370103841289666 0.016929051186822721 0.076250763538894595
101 8.7415364271766336 0.01504225574322629 0.064276003141004664
102 7.3869750445943287 0.013237838007812178 0.054315992974958302
103 6.2599957873552574 0.011576351314705823 0.046029380789376892
104 5.3218066371701784 0.010083996226244545 0.039130931155663073
105 4.5400045281218704 0.008766096514992194 0.03338238623619022
106 3.8875770107002596 0.0076158244603114732 0.028585125078678379
107 3.3420725635965405 0.0066198653985751043 0.024574062967621622
108 2.8848932113971779 0.0057620343915307359 0.021212450083802778
109 2.5006830282015349 0.0050255045065322676 0.018387375207364227
110 2.1767980257409105 0.004394101816261254 0.016005867836330224
111 1.9028488722283456 0.0038529868225624874 0.013991535825208424
112 1.6703099726398329 0.0033889468686461401 0.012281690975292889
113 1.4721887654836585 0.0029904530588760283 0.010824917393262195
114 1.3027488031005372 0.0026475840341013135 0.0095790353169157155
115 1.1572799611824416 0.0023518824272106362 0.0085094114792826584
116 1.0319091961065132 0.0020961845226969305 0.0075875676184302444
117 0.92344561496290356 0.0018744471210059984 0.0067900412864919379
118 0.82925421237280206 0.0016815842135315215 0.0060974574439176619
119 0.74715328575813833 0.001513319923054624 0.0054937741599863114
120 0.67533123800115946 0.0013660597832091605 0.0049656708676555847
121 0.61227918715677587 0.0012367800031581997 0.0045020528467409988
122 0.55673636647983982 0.00112293369734848 0.0040936497535282342
123 0.50764587002992134 0.0010223720210327067 0.0037326902208082453
124 0.46411873570413298 0.00093327826419942813 0.0034126377625303896
125 0.42540475490959268 0.00085411302622253552 0.0031279761390411226
126 0.39086869099890892 0.00078356866507392215 0.002874034492639036
127 0.35997087462958377 0.00072053154499853356 0.0026468446663939983
128 0.33225131323458962 0.00066405070994415524 0.0024430243620190413
129 0.30731666064924051 0.00061331191026758284 0.0022596813283032391
130 0.28482948613644304 0.00056761603011003085 0.0020943344568856107
131 0.26449942801474469 0.00052636115760795255 0.0019448487354025345
132 0.24607586147228644 0.00048902764658478751 0.0018093813343550474
133 0.22934182122222396 0.00045516565183266006 0.0016863369207516469
134 0.21410893335772849 0.00042438471153961936 0.0015743303923362389
135 0.20021318835111801 0.00039634500938195397 0.0014721557966993972
136 0.18751139530698527 0.00037075003864943488 0.0013787602596101857
137 0.17587820797888615 0.00034734042710163207 0.0012932221174918098
138 0.1652036157784228 0.00032588871857930812 0.001214732468958991
139 0.15539082451203601 0.0003061949641070381 0.0011425795920002647
140 0.14635446167124069 0.00028808297697287933 0.0010761357475826522
141 0.13801904880848315 0.00027139714921950474 0.0010148459471211995
142 0.13031770232982695 0.00025599974104965076 0.00095821839948402165
143 0.12319102300234945 0.00024176855789259584 0.00090581634560551062
144 0.11658614361491727 0.00022859496841519955 0.00085725105599203876
145 0.11045591241755094 0.00021638219604819088 0.00081217582659963926
146 0.10475818961044468 0.00020504385169077565 0.0007702808059591521
147 0.099455240199438993 0.00019450266753629435 0.00073128853087822785
148 0.094513208596741408 0.00018468940275080222 0.00069495006321133391
149 0.089901664204263015 0.00017554189088637569 0.00066104164856075742
