25 0.0 0.0 0.0
26 0.0 0.0 0.0
27 0.0 0.0 0.0
28 0.0 0.0 0.0
29 0.0 0.0 0.0
30 0.25925772105971845 1.8402145543971807e-05 0.0021250632873747416
31 0.85144329803786312 0.00012586538220246338 0.0069790434265398615
32 1.6771384153297813 0.00040140005927764177 0.013747036191227715
33 2.6891633387011851 0.00091293650335359127 0.022042322448370368
34 3.8521798180538105 0.0017122808467213058 0.031575244410277134
35 5.1320518675283751 0.0028266293350630162 0.042065998914167006
36 6.4840827880064511 0.004236469227596372 0.053148219573823367
37 7.8422546218382907 0.0058496745913102204 0.064280775588838449
38 9.1222379301893834 0.0075059029889131363 0.074772442050732649
39 10.243026499567007 0.0090281122081637966 0.083959233603008249
40 11.152697046345279 0.01028765471774805 0.091415549560207213
41 11.839726608620561 0.011236260941473277 0.097046939414922623
42 12.326069830640652 0.011894768574439893 0.10103335926754632
43 12.651360566383538 0.012321045278363897 0.10369967677363555
44 12.85843629946733 0.012580800914829601 0.10539701884809287
45 12.984649946541619 0.012730824283446993 0.10643155693886573
46 13.058644971937975 0.012813316763784388 0.1070380735404752
47 13.100516795626746 0.012856604995633738 0.10738128521005529
48 13.123446477562236 0.012878295192325612 0.10756923342264128
49 13.135622575501246 0.012888659420239099 0.10766903750410858
50 13.141902579596611 0.012893365550143695 0.1077205129475132
51 13.145052905307629 0.012895382402713047 0.1077463352894068
52 13.146591870648287 0.012896187713229319 0.10775894975941219
53 13.147324815020792 0.012896479567355961 0.10776495750017043
54 13.147665492406887 0.012896569674983841 0.10776774993776136
55 13.147820189289694 0.01289658852485504 0.10776901794499749
56 13.147888879010935 0.012896586412540821 0.10776958097549946
57 13.147918736699422 0.012896580644105251 0.107769825710651
58 13.147931450701114 0.012896575988092254 0.10776992992377962
59 13.147936755296342 0.012896573178986015 0.10776997340406838
60 13.147938932813203 0.012896571555530392 0.10776999125256724
61 13.147939811243383 0.012896570696485471 0.10776999845281461
62 13.147940159079919 0.01289657025992616 0.10777000130393376
63 13.147940294015424 0.012896570046977343 0.10777000240996248
64 13.147940345273913 0.012896569948940584 0.10777000283011404
65 13.147940364393438 0.012896569906023751 0.10777000298683147
66 13.147940371423688 0.012896569888380777 0.10777000304445647
67 13.147940373948583 0.012896569880808922 0.10777000306515232
68 13.147940373948583 0.012896569880808922 0.10777000306515232
69 13.147940373948583 0.012896569880808922 0.10777000306515232
70 13.147940373948583 0.012896569880808922 0.10777000306515232
71 13.147940373948583 0.012896569880808922 0.10777000306515232
72 13.147940373948583 0.012896569880808922 0.10777000306515232
73 13.147940373948583 0.012896569880808922 0.10777000306515232
74 13.147940373948583 0.012896569880808922 0.10777000306515232
75 13.147940373948583 0.012896569880808922 0.10777000306515232
76 13.147940373948583 0.012896569880808922 0.10777000306515232
77 13.147940373948583 0.012896569880808922 0.10777000306515232
78 13.147940373948583 0.012896569880808922 0.10777000306515232
79 13.147940373948583 0.012896569880808922 0.10777000306515232
80 13.147940373948583 0.012896569880808922 0.10777000306515232
81 13.147940373948583 0.012896569880808922 0.10777000306515232
82 13.147940373948583 0.012896569880808922 0.10777000306515232
83 13.147940373948583 0.012896569880808922 0.10777000306515232
84 13.147940373948583 0.012896569880808922 0.10777000306515232
85 13.147940373948583 0.012896569880808922 0.10777000306515232
86 13.147940373948583 0.012896569880808922 0.10777000306515232
87 13.147940373948583 0.012896569880808922 0.10777000306515232
88 13.147940373948583 0.012896569880808922 0.10777000306515232
89 13.147940373948583 0.012896569880808922 0.10777000306515232
90 13.147940373947868 0.012896569880808237 0.10777000306514646
91 13.147940373948583 0.012896569880808922 0.10777000306515232
92 13.147940373948583 0.012896569880808922 0.10777000306515232
93 13.147940373948583 0.012896569880808922 0.10777000306515232
94 13.147940373948583 0.012896569880808922 0.10777000306515232
95 13.147940373948583 0.012896569880808922 0.10777000306515232
96 13.147940373948583 0.012896569880808922 0.10777000306515232
97 13.147940373948583 0.012896569880808922 0.10777000306515232
98 13.147940373948583 0.012896569880808922 0.10777000306515232
99 13.147940373948583 0.012896569880808922 0.10777000306515232
100 11.205389911129954 0.011714421003722008 0.091847458287950448
101 9.5471500876838196 0.01046715737312261 0.078255328587572295
102 8.1370191755890264 0.0092439572079735469 0.066696878488434641
103 6.9419326502356684 0.0080973709815211053 0.056901087297013674
104 5.931861194519481 0.0070546890665479081 0.048621813069831814
105 5.079810934795935 0.0061263627452266727 0.041637794547507663
106 4.3618264742223847 0.0053121428038918781 0.035752676018216266
107 3.7569361220145865 0.0046054701063562523 0.03079455837716874
108 3.2470173228799188 0.0039965078612988593 0.026614896089179663
109 2.8165894145075683 0.0034741387697923855 0.023086798479570233
110 2.4525561250415198 0.0030272019979304134 0.020102919057717376
111 2.1439237501908379 0.0026451984644565523 0.017573145493367522
112 1.8815175435771532 0.0023186411038374206 0.015422274947353714
113 1.6577125402970856 0.0020391816956209135 0.013587807707353161
114 1.4661886976612801 0.0017996045977301382 0.01201794014476459
115 1.3017149765203593 0.0015937491042818804 0.010669794889511142
116 1.1599632571615834 0.0014163984948418892 0.009507895550504783
117 1.0373507190198272 0.0012631590780877353 0.0085028747460641572
118 0.93090798255396445 0.0011303424341963363 0.0076303932996226592
119 0.83816979957202764 0.0010148573681015227 0.0068702442587871117
120 0.75708503463424881 0.00091411444984986 0.0062056150379856461
121 0.68594284049865384 0.00082594360112666655 0.0056224822991692933
122 0.62331229063592408 0.00074852415208752192 0.0051091171363600333
123 0.56799308354029332 0.00068032605286504218 0.0046556810126253548
124 0.51897530377437506 0.00062006085930774635 0.0042538959325768445
125 0.47540656645814022 0.00056664103814983062 0.0038967751349027889
126 0.43656516118309613 0.00051914632120277082 0.0035784029605171815
127 0.40183807291874585 0.00047679586324713704 0.003293754696055294
128 0.37070295580017787 0.00043892526493051476 0.0030385488180342448
129 0.34271331490721957 0.00040496760022036034 0.0028091255320263899
130 0.31748630319510762 0.00037443771783602026 0.0026023467475008821
131 0.29469264063681516 0.00034691922633255421 0.002415513447842747
132 0.27404826593904413 0.00032205375102523575 0.0022462972617954438
133 0.25530740240392857 0.00029953189878057418 0.0020926836262617097
134 0.23825678829336625 0.00027908590992610234 0.00195292449420792
135 0.22271085265677693 0.00026048333314813933 0.0018254987922686633
136 0.20850767837260559 0.00024352184585131647 0.0017090793309229965
137 0.195505610096191 0.00022802487821766128 0.0016025050007884508
138 0.18358039758114136 0.00021383793392748117 0.0015047573572224702
139 0.17262278096195943 0.00020082548157126059 0.0014149408275570445
140 0.16253644915145757 0.00018886834083197193 0.0013322659766512915
141 0.15323630155098428 0.00017786144895781157 0.0012560352586146251
142 0.14464697048122072 0.00016771197144684933 0.0011856309055837764
143 0.13670155850911475 0.00015833769170506935 0.0011205045779435635
144 0.12934055634845379 0.00014966563729835132 0.0010601684946594573
145 0.12251091647987411 0.00014163089632311679 0.0010041878399989681
146 0.11616525386542742 0.00013417560839885841 0.00095217421201170016
147 0.11026118572015459 0.00012724810950573109 0.00090378021082093923
148 0.10476062099809567 0.00012080210706414882 0.00085869361473848917
149 0.099629422550144411 0.0001147961479064791 0.00081663461106675742
150 0.09483689342498175 0.000109192876948293 0.00077735158545067006
151 0.090355179755363432 0.00010395895075933924 0.00074061622750297895
152 0.086159304238582327 9.906403699600294e-05 0.00070622380523428134
153 0.082226644619120076 9.4480774909673203e-05 0.00067398889032065632
154 0.07853659151917898 9.0184571061969633e-05 0.00064374255343589324
155 0.075070551825552279 8.6152986858877031e-05 0.00061533239201272362
156 0.071811587517013942 8.2365708670139622e-05 0.0005886195698115897
157 0.068744299156519695 7.8804246768949309e-05 0.00056347786193868606
158 0.06585458870595616 7.5451845303414254e-05 0.00053979171070455865
159 0.063129661083991664 7.2293138828452702e-05 0.00051745623839337428
160 0.06055775481254505 6.9314175811988944e-05 0.00049637503944709063
161 0.058128148803197208 6.6502152296793633e-05 0.0004764602360917804
162 0.055831011350653541 6.3845355642463446e-05 0.00045763124057912738
163 0.053657290668999449 6.1333078462427545e-05 0.00043981385794261842
164 0.051598706826419941 5.8955460967059229e-05 0.00042294021988868805
165 0.049647610518707024 5.67034711665348e-05 0.0004069476272025166
166 0.047796985486805596 5.456877850899119e-05 0.0003917785695639803
167 0.046040337290246772 5.2543727944814109e-05 0.00037737981385448175
168 0.044371689034208642 5.0621249901833956e-05 0.00036370236913285773
169 0.042785516227221279 4.879482109795543e-05 0.00035070095268214163
170 0.041276696067340718 4.7058418214908521e-05 0.00033833357432246493
171 0.039840501219221967 4.5406464325717441e-05 0.00032656148540345875
172 0.019571167535794787 2.2301825343317397e-05 0.00016041940603110481
173 0.019230511768558958 2.1910209944578925e-05 0.00015762714564392588
174 0.037157753172405772 4.2322882164933888e-05 0.00030457174731480141
175 0.035914828259171937 4.0895371274824972e-05 0.00029438383818993391
176 0.034728741520513806 3.9533767682108613e-05 0.00028466181574191647
177 0.033596219774681385 3.823424036661197e-05 0.00027537885061214252
178 0.032514224481525481 3.6993227317336297e-05 0.00026651003673381539
179 0.031479917011981891 3.5807409427871006e-05 0.00025803210665558925
180 0.030490649925587962 3.4673692737701605e-05 0.00024992336004580294
181 0.029543957274350656 3.3589194223372777e-05 0.00024216358421598897
182 0.028637527934566354 3.2551218046847349e-05 0.00023473383552923241
183 0.027769207717354815 3.1557249813075726e-05 0.00022761645669962962
184 0.026936974381297031 3.0604933622901469e-05 0.00022079487197784452
185 0.026138940301186613 2.9692069606612608e-05 0.00021425360902611979
186 0.025373330631267114 2.8816592572503446e-05 0.00020797811992841897
187 0.024638486449307214 2.7976571975352977e-05 0.00020195480696153455
188 0.023932845514420764 2.7170192108654755e-05 0.00019617086487230134
189 0.023254945715843193 2.6395753775657862e-05 0.00019061430914625569
190 0.022603408253369026 2.5651656217467917e-05 0.00018527383814236905
191 0.021976940968930121 2.4936399683528217e-05 0.00018013886040106657
192 0.021374323623025177 2.4248568992899732e-05 0.00017519937395922276
193 0.020794411333115367 2.3586836924551967e-05 0.00017044599453373252
194 0.020236121425790534 2.2949949108240771e-05 0.00016586984775238142
195 0.019698436056475928 2.233672689399965e-05 0.00016146259062685186
196 0.01918039409319167 2.1746057877273939e-05 0.00015721634502616121
197 0.018681088314227354 2.1176892569677774e-05 0.00015312367470678159
198 0.018199661894124745 2.0628240262794241e-05 0.00014917755650921923
199 0.017735305138783877 2.0099165186546392e-05 0.00014537135359658914
