25 0.0 0.0 0.0
26 0.0 0.0 0.0
27 0.0 0.0 0.0
28 0.0 0.0 0.0
29 0.0 0.0 0.0
30 0.39500330857449567 5.5628010075954221e-05 0.00207896478197103
31 1.2668532131106638 0.00033895215690931123 0.006667648490056125
32 2.4216414990195427 0.00098746014942706112 0.012745481573787068
33 3.7478826900010764 0.0020701799499527797 0.01972569836842672
34 5.1581091910893653 0.003591048123529064 0.027147943110996661
35 6.5795008870598224 0.0054983863218342885 0.034628952037156963
36 7.9492251593796439 0.0076894893781086875 0.041838027154629705
37 9.211755740074965 0.010014395742875975 0.048482924947762976
38 10.320585920543122 0.012293599922485864 0.054318873266016435
39 11.244432659720649 0.014356478926869056 0.059181224524845526
40 11.973049373717513 0.016083724715148517 0.063016049335355331
41 12.517437212450064 0.017428696390984138 0.06588124848657928
42 12.903949754839307 0.018409721156126085 0.067915525025470033
43 13.165816561327341 0.019085097202191492 0.069293771375407057
44 13.3358492283015 0.019526971870091454 0.070188680148955268
45 13.442069253961941 0.019803294958694376 0.070747732915589168
46 13.506118576582317 0.019969191342243283 0.071084834613591136
47 13.543494867563757 0.020065135388559825 0.071281551934546092
48 13.56464773016352 0.020118720462877892 0.071392882790334317
49 13.576277865935303 0.020147674652150234 0.071454094031238438
50 13.582499202132437 0.020162831569440265 0.071486837905960193
51 13.585741338816238 0.020170525933514882 0.071503901783243354
52 13.587389332730773 0.020174316496464621 0.071512575435425121
53 13.588207296406818 0.020176129381370089 0.071516880507404304
54 13.588604192535426 0.020176971295245687 0.071518969434396978
55 13.588792671966994 0.020177350853905908 0.071519961431405224
56 13.588880354393314 0.020177516847595615 0.071520422917859552
57 13.588920353603891 0.020177587161768561 0.071520633440020479
58 13.588938260186108 0.020177615918879861 0.071520727685190036
59 13.588946149657279 0.020177627271266874 0.071520769208722523
60 13.5889495767782 0.02017763161600478 0.071520787246201048
61 13.588951029191923 0.02017763313101088 0.07152079489048381
62 13.588951628275824 0.02017763364680036 0.071520798043556974
63 13.588951927975193 0.020177633793896754 0.071520799620922074
64 13.58895204513467 0.020177633824514551 0.071520800237550891
65 13.588952065553839 0.020177633804893014 0.071520800345020202
66 13.588952067597649 0.020177633796676388 0.071520800355777098
67 13.588952068092706 0.020177633794130269 0.071520800358382666
68 13.588952067822868 0.020177633794458399 0.071520800356962469
69 13.588952067827654 0.020177633794652886 0.071520800356987657
70 13.588952067880836 0.020177633795023867 0.071520800357267558
71 13.588952067817019 0.020177633794624155 0.071520800356931674
72 13.588952067830624 0.020177633794700077 0.071520800357003284
73 13.588952067835248 0.02017763379473396 0.071520800357027625
74 13.588952067848306 0.020177633794783743 0.071520800357096348
75 13.588952067827526 0.020177633794697437 0.071520800356986977
76 13.588952067891382 0.020177633794986088 0.071520800357323069
77 13.588952067808302 0.020177633794626983 0.071520800356885794
78 13.58895206784211 0.020177633794751033 0.071520800357063735
79 13.588952067839193 0.020177633794811269 0.071520800357048386
80 13.588952067810805 0.020177633794517348 0.071520800356898978
81 13.58895206784997 0.020177633794853631 0.071520800357105105
82 13.588952067861376 0.020177633794868241 0.07152080035716514
83 13.588952067903648 0.020177633795229154 0.071520800357387615
84 13.588952067894652 0.020177633794968938 0.071520800357340278
85 13.588952067812629 0.020177633794601524 0.071520800356908582
86 13.588952067960745 0.020177633795301821 0.071520800357688138
87 13.588952067706897 0.020177633794104258 0.071520800356352082
88 13.588952067856166 0.020177633794858468 0.071520800357137718
89 13.588952067826751 0.020177633794683195 0.071520800356982897
90 13.58895206785045 0.020177633794794713 0.071520800357107631
91 13.588952067841305 0.020177633794781765 0.071520800357059502
92 13.588952067863879 0.02017763379489465 0.07152080035717831
93 13.588952067827012 0.020177633794688767 0.071520800356984271
94 13.588952067858081 0.020177633794858953 0.071520800357147793
95 13.58895206781955 0.020177633794648174 0.071520800356944997
96 13.588952067861765 0.020177633794872561 0.07152080035716718
97 13.588952067832455 0.020177633794717535 0.071520800357012929
98 13.588952067887282 0.020177633794996343 0.071520800357301489
99 13.588952067783257 0.0201776337944744 0.071520800356753983
100 11.196740258220268 0.018009780182270944 0.058930211885369836
101 9.2749854662567817 0.0158678713418339 0.048815712980298853
102 7.7242550198107951 0.013871345364564263 0.040653973788477869
103 6.4674874985296125 0.012071411367556564 0.034039407886997962
104 5.4445027933867038 0.010481787809643763 0.028655277859930019
105 4.6081015357994097 0.0090962696637896089 0.024253165977891629
106 3.9211400789459767 0.0078988049534163586 0.020637579362873561
107 3.3542998706159164 0.0068692738832204113 0.017654209845346928
108 2.8843724492752032 0.0059867393520293835 0.015180907627764228
109 2.4929336792585062 0.0052311910071807426 0.01312070357504477
110 2.1653147435001832 0.0045843937537673844 0.011396393386843069
111 1.8898010646649743 0.0040302129758028674 0.0099463213929735488
112 1.6570072499222241 0.003554644562143554 0.0087210907890643372
113 1.4593884941868103 0.0031456888002076473 0.0076809920746674226
114 1.2908580416959032 0.0027931514904914272 0.0067939896931363325
115 1.1464872158604589 0.0024884207956184443 0.0060341432413708361
116 1.0222697945467716 0.0022242468120223604 0.0053803673397198508
117 0.91493658357525709 0.0019945376161765154 0.0048154557030276688
118 0.82180918119942936 0.0017941778022972882 0.0043253114799969962
119 0.74068437612604721 0.0016188709929479341 0.003898338821716038
120 0.66974252202913853 0.0014650054138086175 0.003524960642258624
121 0.60747470869718134 0.001329540445456537 0.0031972353089325333
122 0.55262469713795626 0.0012099116093839369 0.0029085510375681909
123 0.50414247790501421 0.001103951392961036 0.0026533814626579695
124 0.46114700121859453 0.0010098234953429214 0.0024270894800978659
125 0.42289616613575443 0.00092596829188983456 0.002225769295451339
126 0.38876257148562243 0.0008510576875615948 0.0020461187972927496
127 0.35821384656584332 0.00078395767565887342 0.0018853360345570701
128 0.33079664925841601 0.00072369732931697802 0.0017410349960969263
129 0.30612359596283756 0.0006694430576197804 0.0016111768208570399
130 0.28386254478149897 0.00062047719562027576 0.0014940133935868367
131 0.26372778697165444 0.00057618019703717686 0.0013880409840613392
132 0.24547277244708426 0.00053601576402780276 0.0012919619602478119
133 0.22888408481277323 0.00049951841539435683 0.0012046530779619643
134 0.21377643737329224 0.00046628307527808651 0.0011251391440699591
135 0.19998849726949725 0.00043595631909648435 0.0010525710382605119
136 0.18737939368080031 0.00040822900742296103 0.00098620733516210685
137 0.17582578929089115 0.00038283006898110497 0.0009253988910046903
138 0.16521941222766362 0.00035952123612672729 0.00086957585382980854
139 0.15546497344733298 0.00033809258112873895 0.00081823670235438414
140 0.1464784025218244 0.00031835871944249563 0.00077093896064118106
141 0.13818534945023694 0.0003001555734101692 0.00072729131289598389
142 0.13051990821935075 0.00028333760611545106 0.00068694688536500399
143 0.12342352672802442 0.00026777545201348078 0.00064959750909486535
144 0.1168440729563452 0.00025335388208097749 0.00061496880503339576
145 0.11073503338895894 0.0002399700527154957 0.00058281596520504705
146 0.10505482265862448 0.00022753199475714241 0.00055292011925591833
147 0.099766187765779182 0.00021595730711063753 0.00052508519876725884
148 0.094835692853948383 0.00020517202479674356 0.00049913522554709678
149 0.09023327232220868 0.00019510963593061137 0.00047491195959057199
150 0.085931842146390727 0.00018571022571712531 0.00045227285340205647
151 0.081906961717922208 0.00017691973076124182 0.00043108927219959056
152 0.078136538065975578 0.00016868928607071399 0.00041124493718934513
153 0.074600567904890835 0.00016097465507556921 0.00039263456792047806
154 0.071280910656761731 0.00015373572786955904 0.00037516268766716698
155 0.0681610895941233 0.00014693608119095315 0.00035874257681117527
156 0.065226116564998868 0.00014054259031101395 0.00034329535034209932
157 0.062462337556771205 0.00013452508696617195 0.00032874914503563794
158 0.059857296162973542 0.00012885605690536719 0.00031503840085775548
159 0.057399612912948567 0.00012351037217994709 0.00030210322585762402
160 0.055078878008388441 0.00011846505353230489 0.00028988883162309707
161 0.052885556258152652 0.00011369905935512112 0.00027834503293764555
162 0.050810902466476314 0.00010919309806340761 0.00026742580245513848
163 0.048846886092073299 0.00010492946094514368 0.00025708887416880683
164 0.046986123828973679 0.00010089187254980409 0.0002472953885735457
165 0.04522181943377903 9.7065357195279221e-05 0.00023800957596725806
166 0.04354770999034608 9.3436119688093385e-05 0.00022919847363340041
167 0.04195801750444908 8.9991437920488093e-05 0.00022083167107604779
168 0.040447405616792019 8.6719566856619608e-05 0.00021288108219364222
169 0.039010940592464904 8.3609651928741397e-05 0.00020532073996034161
170 0.037644056212104586 8.0651651182229582e-05 0.00019812661164265571
171 0.036342522140189182 7.7836265109797821e-05 0.00019127643231678517
172 0.035102415356427351 7.5154873297495942e-05 0.00018474955450751237
173 0.0339200943503917 7.2599477155787932e-05 0.00017852681237048263
174 0.032792175584369129 7.0162646950943565e-05 0.00017259039781246911
175 0.016121586778342672 3.448841260214099e-05 8.485045672811933e-05
176 0.031191225737694641 6.6705484883313032e-05 0.00016416434598786654
177 0.015339470416864726 3.2799812216775752e-05 8.0734054825603818e-05
178 0.015089129346098353 3.2259510977913028e-05 7.9416470242622903e-05
179 0.014844421553546327 3.173147033089459e-05 7.8128534492349084e-05
180 0.02874983480576989 6.1437415186984905e-05 0.00015131492003036783
181 0.027851470571828321 5.9500284143128517e-05 0.00014658668722014907
182 0.026991535574291882 5.7646696593381627e-05 0.00014206071354890465
183 0.01328608129474243 2.837146519117668e-05 6.9926743656539107e-05
184 0.013080891803743083 2.7929353555646673e-05 6.8846798967068853e-05
185 0.012880077386871455 2.7496746507857241e-05 6.7789880983533979e-05
186 0.012683518802175388 2.7073383220904584e-05 6.6755362116712572e-05
187 0.012491102019917698 2.6659014200077034e-05 6.5742642210093151e-05
188 0.012302716273263242 2.6253397176960856e-05 6.4751138280332853e-05
189 0.02388047867219693 5.0946374917380849e-05 0.00012568672985366805
190 0.023184809181930149 4.9449492585273806e-05 0.00012202531148384289
191 0.022516927731569481 4.8012878663655426e-05 0.00011851014595562885
192 0.011095334873988895 2.36556153481495e-05 5.839649933678366e-05
193 0.02156197206273007 4.59595611852099e-05 0.000113484063488053
194 0.020957718162353485 4.4660857121294298e-05 0.00011030377980186044
195 0.010331176080452432 2.2013075989190445e-05 5.4374610949749645e-05
196 0.020092613798383549 4.2802204598948543e-05 0.00010575059893886078
197 0.01954444781872066 4.162495890874375e-05 0.0001028655148353719
198 0.0096381683252258592 2.0524630895952311e-05 5.072720171171505e-05
199 0.018758679885671991 3.993803722805939e-05 9.8729894135115743e-05
