25 0.0 0.0 0.0
26 0.0 0.0 0.0
27 0.0 0.0 0.0
28 0.0 0.0 0.0
29 0.0 0.0 0.0
30 0.048785515137469274 4.9112888906719684e-07 0.00014964881944008979
31 0.16127387586450759 3.3224355345475027e-06 0.00049470514068867362
32 0.32034183043970155 1.0717123288302421e-05 0.00098264365165552626
33 0.5187987763340508 2.4910772029806682e-05 0.0015914072893682539
34 0.75189131464269121 4.8017754588101427e-05 0.0023064150755910773
35 1.0159819246141473 8.1979291185321646e-05 0.0031165089712090407
36 1.3080604722095126 0.00012854868819074688 0.0040124554362254991
37 1.6255136798164482 0.00018929251204407614 0.0049862382816455468
38 1.966000304747181 0.00026559727340160703 0.0060306757814330703
39 2.3273772528176604 0.00035867709603162309 0.007139194027048038
40 2.7076530392771905 0.00046958078918838189 0.0083056841695619346
41 3.104957122906125 0.00059919802852775178 0.0095244083524727765
42 3.5175190116538704 0.00074826480911872862 0.010789935618570154
43 3.9436536656143395 0.00091736843425145012 0.012097097133786318
44 4.3817511092698798 0.0011069522757364782 0.013440954322913742
45 4.8302689407906518 0.001317320478111836 0.014816775891995865
46 5.2877268821330219 0.0015486427197519172 0.01622002111083749
47 5.7527027964214357 0.0018009591047135286 0.017646327596384771
48 6.2238297742517412 0.0020741852206199048 0.019091502375005343
49 6.6997940087859824 0.0023681173807718861 0.02055151536437418
50 7.1793332571390955 0.0026824380535211173 0.022022494653800906
51 7.6612357393693324 0.0030167214736033484 0.023500723126899794
52 8.1443393649833133 0.0033704394264387548 0.024982636088905868
53 8.6275312006790479 0.0037429671889803668 0.02646481963398481
54 9.1097471190707928 0.0041335896188398171 0.027944009567701818
55 9.5899715729595965 0.0045415073690943161 0.02941709071459999
56 10.067237459810489 0.0049658432189423748 0.030881096502486161
57 10.540626040697711 0.0054056484981002085 0.032333208713796663
58 11.009266885800898 0.0058599095827003757 0.03377075731840766
59 11.472337815117957 0.0063275544231013569 0.035191220291772872
60 11.929064792943194 0.0068074590337923501 0.036592223291236792
61 12.378721721160677 0.0072984538192041176 0.037971539021965268
62 12.820630035804712 0.0077993295152458866 0.039327085999400956
63 13.254157951810416 0.0083088423343906613 0.04065692623254729
64 13.678719153633576 0.0088257177494438007 0.04195926120746496
65 14.093770620708332 0.0093486520152274676 0.043232425216896721
66 14.498809264636209 0.0098763104043057461 0.044474875044896348
67 14.893366992236739 0.010407320851401225 0.045685174822812084
68 15.27700398857249 0.010940262118009797 0.046861975425068987
69 15.649300200027504 0.011473646020482141 0.048003988343642653
70 16.009845353378111 0.012005894301039556 0.049109955071711994
71 16.358228436351816 0.012535312549654643 0.050178614835435016
72 16.694027979596996 0.013060065081078435 0.051208674784039863
73 17.016804936124952 0.013578156394340558 0.052198788147622556
74 17.326100080167869 0.014087425630421084 0.053147546258183645
75 17.621437610272476 0.014585560019794644 0.054053489602062813
76 17.902336006152328 0.015070131437466253 0.054915141123166651
77 18.168326172781342 0.015538656927806184 0.055731061879697369
78 18.418975802316062 0.015988680227827762 0.056499925773975654
79 18.653917734606875 0.016417867436104603 0.057220606547873851
80 18.872879397292333 0.016824107403122124 0.057892268089853781
81 19.075710026325655 0.017205606213992492 0.058514447933514277
82 19.262402620149441 0.017560965964725377 0.059087124601685401
83 19.433108237601925 0.017889240274414141 0.059610761465036577
84 19.588141428762452 0.018189962624749437 0.060086323401111814
85 19.727976090243072 0.018463145826296185 0.060515264080500217
86 19.853233081185873 0.018709256123536785 0.06089948797909777
87 19.964660712840114 0.018929165765295707 0.0612412905301844
88 20.06311029931123 0.019124090358690476 0.061543283126721561
89 20.149508967643573 0.019295517321873044 0.061808309716698075
90 20.224831781602195 0.019445131497456778 0.062039361293258266
91 20.290074994026838 0.019574742929580908 0.062239493846708092
92 20.346231793150018 0.019686220757282203 0.062411753966717845
93 20.394271448080051 0.019781435723011099 0.062559114871411206
94 20.435122362258397 0.019862212726269295 0.062684424424105517
95 20.469659143872278 0.019930293773010123 0.062790365472000856
96 20.498693542585684 0.019987310966486881 0.062879428044741364
97 20.522968895310783 0.020034768605324098 0.062953892316904236
98 20.543157602955304 0.020074033158781923 0.06301582086796105
99 20.55986111241269 0.02010632977567809 0.063067058627032796
100 20.573611868445727 0.02013274394001318 0.06310923886026297
101 20.584876732743748 0.020154226995321101 0.063143793658723149
102 20.594061421898228 0.020171604398097145 0.063171967551835059
103 20.601515579840949 0.020185585725678676 0.063194833066996775
104 20.607538166739978 0.020196775639478522 0.063213307259938581
105 20.612382902288658 0.020205685159366788 0.063228168411928395
106 20.616263605896251 0.0202127428112816 0.063240072410724699
107 20.61935936509456 0.020218305467388762 0.063249568604584541
108 20.621819001455947 0.020222667851693729 0.063257113501398607
109 20.623765650252412 0.020226072059499431 0.063263084816725199
110 20.625300495957209 0.020228715503562793 0.063267792932384076
111 20.626506198434718 0.020230758103504214 0.06327149140624147
112 20.627449994051041 0.020232328714610028 0.063274386484819145
113 20.628186238989304 0.020233530472425341 0.063276644904875168
114 20.628758669650406 0.020234445467169307 0.063278400827148487
115 20.629202313383072 0.020235138674326379 0.06327976169749408
116 20.629545087771554 0.020235661217343322 0.063280813152673476
117 20.62980914322711 0.02023605309736274 0.063281623138733464
118 20.630011981793672 0.020236345456426715 0.06328224534292537
119 20.63016737336568 0.020236562399621336 0.063282722004189204
120 20.630286107943512 0.020236722486529652 0.063283086220685625
121 20.6303766094472 0.02023683993472962 0.063283363832660131
122 20.630445430620181 0.020236925579332571 0.0632835749405527
123 20.630497649411975 0.0202369876290221 0.063283735120895634
124 20.630537188693406 0.02023703227368253 0.063283856407034988
125 20.630567068913226 0.020237064154397889 0.063283948064150997
126 20.630589608684524 0.020237086732412403 0.063284017204553747
127 20.630606585110431 0.020237102614335978 0.063284069279479854
128 20.630619345501401 0.020237113598740971 0.063284108421783433
129 20.630628925771983 0.020237121129136008 0.063284137809116514
130 20.630636110215562 0.02023712623550971 0.063284159847286997
131 20.630641487039309 0.020237129636065037 0.063284176340611384
132 20.630645509252368 0.020237131853228164 0.06328418867868825
133 20.630648518664426 0.020237133221299778 0.063284197910013579
134 20.630650766319576 0.020237134044686439 0.063284204804661279
135 20.63065244392082 0.020237134499351023 0.063284209950677364
136 20.630653695309455 0.020237134718802671 0.063284213789292804
137 20.630654628121246 0.020237134785720059 0.063284216650678668
138 20.630655323106733 0.020237134764070023 0.063284218782535998
139 20.630655840773443 0.020237134695096991 0.063284220370470684
140 20.630656226124128 0.020237134602135557 0.063284221552527997
141 20.630656512814255 0.020237134500893789 0.063284222431945564
142 20.630656726025645 0.020237134401459449 0.063284223085968233
143 20.630656884714423 0.020237134310630109 0.063284223572743631
144 20.630657002711583 0.020237134229734433 0.063284223934698111
145 20.630657090482583 0.02023713415992227 0.0632842242039343
146 20.630657155750892 0.020237134100702537 0.063284224404143843
147 20.630657204246891 0.02023713405108175 0.063284224552904569
148 20.630657240276776 0.020237134010062694 0.063284224663425689
149 20.63065726702424 0.020237133976445828 0.063284224745473128
150 19.723015638556575 0.019783038915340903 0.060500047971032436
151 18.861099304501611 0.019318562910346813 0.057856132835894511
152 18.042385284714992 0.018847220200417743 0.055344740137162556
153 17.264502710133577 0.018372003487403997 0.052958597270348393
154 16.525221952932597 0.01789545876908195 0.050690864886296309
155 15.82244495129363 0.017419748083597451 0.048535107212557146
156 15.154196463586404 0.016946702423411227 0.046485265225725166
157 14.518616095846559 0.016477866666589902 0.044535632195848343
158 13.913950985546819 0.01601453793709948 0.042680831244008649
159 13.338549053934067 0.015557798511559978 0.040915794643969529
160 12.790852760174772 0.015108544165399012 0.039235744663112797
161 12.269393302336979 0.014667508678747814 0.037636175774039812
162 11.772785221996235 0.014235285088125851 0.036112838104282931
163 11.299721374460347 0.013812344165605532 0.03466172200754708
164 10.848968233305555 0.013399050523874492 0.03327904366044649
165 10.419361501502946 0.012995676679780063 0.031961231599702287
166 10.009802004963122 0.012602415355242948 0.030704914125653748
167 9.6192518470901707 0.01221939025126245 0.029506907506411568
168 9.2467308051702002 0.011846665495246357 0.028364204923834971
169 8.8913129513247036 0.011484253932044199 0.027273966108357986
170 8.552123482444939 0.011132124405322239 0.026233507614861776
171 8.2283357447981125 0.010790208154910464 0.025240293695699731
172 7.9191684403167129 0.010458404438916331 0.024291927731032861
173 7.6238830025605546 0.010136585474693389 0.023386144179633604
174 7.3417811315166803 0.0098246007808569288 0.022520801016922332
175 7.0722024766119542 0.0095222809909451707 0.02169387262764403
176 6.8145224589204751 0.0092294412016299919 0.02090344312552293
177 6.568150224241017 0.0089458839124214509 0.020147700074358947
178 6.3325267151167708 0.0086714015887837306 0.019424928573977825
179 6.1071228640881259 0.0084057789316238814 0.018733505718061736
180 5.8914378871516275 0.0081487948334378578 0.01807189535936082
181 5.684997682008909 0.0079002240984505541 0.017438643196346346
182 5.487353320093991 0.0076598389365468127 0.016832372147527579
183 5.2980796274105257 0.0074274102602427472 0.016251777998191795
184 5.1167738489682755 0.0072027088048962759 0.015695625303583666
185 4.9430543915034484 0.0069855060985740923 0.015162743532219167
186 4.7765596398070311 0.0067755752900700563 0.014652023434990892
187 4.6169468415733013 0.0065726918568515388 0.014162413624457979
188 4.4638910610603997 0.0063766342118144453 0.01369291736521595
189 4.3170841862879632 0.0061871842018421646 0.013242589528490684
190 4.1762340006247589 0.0060041275346067293 0.012810533744247727
191 4.0410633073863966 0.0058272541299977361 0.012395899715909191
192 3.9113091003947318 0.0056563583971955302 0.011997880676057459
193 3.7867217874819388 0.0054912394641111022 0.011615711004545825
194 3.6670644581114047 0.0053317013548792539 0.011248663981936824
195 3.5521121893066203 0.0051775531157477409 0.010896049660449755
196 3.4416513953815437 0.0050286089099409034 0.010557212869268539
197 3.335479213336535 0.004884688075378475 0.010231531329253175
198 3.2334029283021382 0.0047456151631246769 0.0099184138904973556
199 3.1352394173582234 0.0046112199206275071 0.0096172988262522192
200 3.0408146417294102 0.0044813372876429912 0.0093276522752435889
201 2.9499631602357113 0.0043558073569609562 0.0090489667491892977
202 2.8625276682200989 0.0042344753152116724 0.0087807597184665614
203 2.7783585681446072 0.0041171913808556813 0.0085225722949221084
204 2.6973135585708956 0.0040038107190932936 0.008273967971076367
205 2.6192572501133347 0.0038941933547750936 0.0080345314420654443
206 2.5440608029629166 0.0037882040771423137 0.0078038674937512776
207 2.4716015810947503 0.0036857123312199896 0.0075815999420084362
208 2.4017628294246092 0.0035865921111655798 0.0073673706424067769
209 2.3344333675319726 0.0034907218467941929 0.0071608385507115728
210 2.2695073007967399 0.0033979842880409211 0.0069616788367998159
211 2.2068837456927342 0.0033082663838439582 0.0067695820420022521
212 2.1464665744825995 0.0032214591667899875 0.0065842532959588945
213 2.0881641664610036 0.0031374576256663726 0.0064054115535613606
214 2.0318891815209539 0.0030561605914384217 0.0062327889003710238
215 1.9775583403831507 0.0029774706144170562 0.0060661298784759222
216 1.925092218473663 0.0029012938452732499 0.0059051908542136905
217 1.8744150511341728 0.0028275399174641333 0.0057497394206569722
218 1.8254545491667646 0.0027561218310204819 0.0055995538317998913
219 1.7781417241235355 0.00268695583800844 0.0054544224666366117
220 1.7324107232048069 0.0026199613300892139 0.0053141433227141318
221 1.6881986737908612 0.0025550607300204573 0.0051785235392357706
222 1.6454455344232497 0.0024921793825236974 0.0050473789399486189
223 1.6040939550288607 0.0024312454494046561 0.0049205336043830084
224 1.5640891448643077 0.0023721898086650609 0.0047978194627739503
225 1.5253787465156488 0.0023149459540748175 0.0046790759095572051
226 1.4879127171090374 0.0022594498988248793 0.0045641494389847773
227 1.4516432156391632 0.0022056400817283875 0.0044528932995066359
228 1.4165244961310399 0.0021534572761034176 0.0043451671660461348
229 1.3825128064670795 0.0021028445016559295 0.0042408368296536179
230 1.3495662924726248 0.0020537469391573937 0.0041397739032902605
231 1.317644906969532 0.0020061118479040587 0.0040418555428513251
232 1.2867103235202564 0.0019598884859226592 0.0039469641825774738
233 1.2567258546574116 0.0019150280329651443 0.0038549872842251888
234 1.2276563742813735 0.0018714835161324772 0.0037658170990226181
235 1.1994682440333078 0.0018292097381246847 0.0036793504418199626
236 1.1721292434740018 0.0017881632081640922 0.0035954884769141158
237 1.1456085037248238 0.0017483020752507219 0.0035141365144933244
238 1.1198764445593161 0.0017095860640583549 0.0034352038176666141
239 1.0949047146312936 0.0016719764131230448 0.0033586034191143976
240 1.0706661347036492 0.0016354358153504078 0.0032842519469437094
241 1.0471346437516051 0.0015999283608278639 0.0032120694593607518
242 1.0242852477212216 0.0015654194817513096 0.0031419792874884099
243 1.0020939708894741 0.0015318758995729945 0.0030739078861640309
244 0.98053780960071191 0.0014992655741249909 0.0030077846920267236
245 0.95959468828400496 0.0014675576547180742 0.0029435419886012421
246 0.93924341769077979 0.001436722433266742 0.0028811147781925761
247 0.91946365510759631 0.0014067312991153697 0.0028204406598392527
248 0.90023586657973131 0.0013775566957851086 0.0027614597134347587
249 0.8815412909355006 0.0013491720793636294 0.0027041143893727013
250 0.86336190555842274 0.0013215518785601552 0.0026483494035534441
251 0.84568039385740001 0.0012946714564465349 0.0025941116375993866
252 0.82848011425540447 0.0012685070736392608 0.0025413500437282345
253 0.81174507068922286 0.0012430358530106497 0.0024900155542614197
254 0.79545988451555139 0.0012182357458166845 0.0024400609954464765
255 0.77960976775535462 0.0011940854991959653 0.0023914410053845233
256 0.76418049760993167 0.0011705646249900651 0.0023441119558586863
257 0.74915839219036728 0.0011476533698461426 0.0022980318778845622
258 0.73453028737178683 0.0011253326865000406 0.0022531603907110023
259 0.72028351475305852 0.0011035842062648907 0.0022094586342118359
260 0.70640588063482501 0.0010823902126175235 0.0021668892044013036
261 0.69288564598336699 0.0010617336158744209 0.0021254160919735184
262 0.67971150731896413 0.0010415979288904513 0.002085004623677804
263 0.66687257849715353 0.001021967243767206 0.0020456214064329863
264 0.6543583747913001 0.0010028262124171499 0.0020072342785009203
265 0.6421587903165793 0.00098416001322520477 0.0019698122402349058
266 0.63026409132337069 0.00096595434861227207 0.001933325433507272
267 0.61866489490390786 0.0009481954130255944 0.0018977450763923555
268 0.60735215609587478 0.00093086987703353344 0.0018630434236069778
269 0.59631715556135445 0.00091396487206374779 0.0018291937287158112
270 0.58555148084260011 0.00089746796187831148 0.0017961701866337427
271 0.57504702232893001 0.00088136714284311492 0.0017639479212543864
272 0.56479595533463367 0.00086565081608239852 0.0017325029304743364
273 0.55479073024784065 0.00085030777535387552 0.0017018120559749712
274 0.54502406253358415 0.0008353271941756497 0.0016718529525570065
275 0.53548891791229647 0.00082069860309073363 0.0016426040426757561
276 0.52617850917303755 0.00080641188958155462 0.0016140445066657593
277 0.51708628190059369 0.00079245727573910559 0.0015861542389588763
278 0.5082059064431409 0.00077882530798286038 0.0015589138234452175
279 0.49953127017420651 0.00076550684704841654 0.0015323045097368297
280 0.49105646515897461 0.00075249304871191039 0.001506308175334278
281 0.48277578619555994 0.00073977536463196256 0.001480907319618282
282 0.47468371902729595 0.00072734552363270144 0.0014560850276910918
283 0.46677493388683078 0.00071519552327156623 0.0014318249505731006
284 0.45904427954230276 0.00070331762213456637 0.001408111286939579
285 0.45148677286877903 0.00069170432324637716 0.001384928751131224
286 0.44409759795360138 0.00068034837587325732 0.0013622625704098202
287 0.43687209602247684 0.00066924275925241464 0.0013400984540566775
288 0.42980576133852832 0.00065838067777505176 0.0013184225807930316
289 0.42289423240983753 0.00064775554697104611 0.0012972215718093177
290 0.41613329130154914 0.00063736099499907706 0.0012764824886550587
291 0.40951885585355108 0.00062719085024496093 0.0012561928093667212
292 0.40304697269823181 0.00061723913050407164 0.0012363404070497908
293 0.39671381677823403 0.00060750004432158923 0.001216913548399491
294 0.39051568379187562 0.00059796797880296904 0.0011979008705272258
295 0.38444898654895965 0.00058863749478166847 0.0011792913697820848
296 0.37851025068973199 0.00057950332065010617 0.0011610743886188099
297 0.37269611128699942 0.00057056034776109207 0.0011432396051748448
298 0.36700330644402945 0.00056180362009262247 0.0011257770136319921
299 0.36142867735565037 0.00055322833604858307 0.0011086769244038354
300 0.35596916260550748 0.00054482983925323953 0.0010919299466426609
301 0.35062179328586374 0.00053660361092585653 0.0010755269732695206
302 0.34538369292560867 0.00052854527108168569 0.0010594591807534008
303 0.34025207212193748 0.00052065056985536114 0.0010437180126439799
304 0.33522422599711377 0.00051291538401375804 0.0010282951717702877
305 0.33029753175353438 0.00050533571357494771 0.001013182612740903
306 0.3254694438889863 0.00049790767405233686 0.00099837252726682913
307 0.3207374945116061 0.00049062749810865555 0.000983857345127626
308 0.31609928903897744 0.00048349152853339718 0.00096962972097845842
309 0.31155250258492806 0.00047649621275251219 0.00095568252326665051
310 0.30709488006069302 0.00046963810358811511 0.00094200883454200314
311 0.30272423218628697 0.00046291385298760472 0.00092860193922173916
312 0.29843843398369835 0.00045632021000782479 0.00091545531896839989
313 0.29423542111412221 0.00044985401491771541 0.00090256264145436259
314 0.29011319021829102 0.0004435122004844002 0.00088991776140580066
315 0.28606979528795201 0.00043729178607117985 0.00087751470947224541
316 0.2821033464929868 0.00043118987613706514 0.00086534768862879389
317 0.27821200691000347 0.00042520365496579457 0.00085341106414111494
318 0.274393992990345 0.00041933038800873309 0.00084169936500105825
319 0.27064757127472205 0.000413567416571012 0.00083020727384884065
320 0.26697105749610939 0.00040791215663177078 0.00081892962422119441
321 0.26336281368295023 0.00040236209428680104 0.00080786139166549148
322 0.25982124860825589 0.00039691478681322211 0.00079699769511734934
323 0.25634481498511941 0.00039156785821095548 0.00078633378829791225
324 0.25293200837313085 0.00038631899764032031 0.00077586505635929704
325 0.24958136607905454 0.00038116595781226634 0.00076558701251243724
326 0.2462914647463797 0.00037610655123522535 0.00075549529063306657
327 0.24306092076706759 0.0003711386510579136 0.00074558564652474726
328 0.23988838814743391 0.00036626018769199571 0.0007358539513724967
329 0.23677255659984697 0.00036146914607114764 0.00072629618588910118
330 0.23371215197349798 0.0003567635661780103 0.00071690844163649684
331 0.2307059340827701 0.00035214153986146905 0.00070768691436432548
332 0.22775269612931565 0.00034760120995012121 0.0006986279022371646
333 0.22485126279580708 0.00034314076734795772 0.00068972779998713828
334 0.2220004908327822 0.00033875845200766034 0.00068098310071405582
335 0.21919926627428565 0.00033445254857316959 0.00067239038734443455
336 0.21644650514436414 0.00033022138763606426 0.00066394633479866297
337 0.21374115180584838 0.00032606334301222255 0.00065564770492591525
338 0.21108217765564316 0.00032197682950213546 0.00064749134250197289
339 0.20846858107111046 0.00031796030506105281 0.000639474175064756
340 0.20589938649027673 0.00031401226550730295 0.00063159321009287339
341 0.20337364350833645 0.00031013124587165854 0.00062384553223416087
342 0.20089042553800734 0.00030631581787152553 0.00061622829919634155
343 0.19844883023618659 0.00030256459022609653 0.00060873874305578709
344 0.19604797816348085 0.00029887620658354297 0.00060137416614564683
345 0.19368701163401844 0.00029524934475914748 0.00059413193752766392
346 0.1913650951353385 0.00029168271580769722 0.00058700949428017949
347 0.18908141395476058 0.00028817506298827974 0.00058000433728454162
348 0.18683517392109034 0.00028472516088806746 0.00057311403043279246
349 0.18462560013125315 0.00028133181434094148 0.00056633619672163548
