25 0.0 0.0 0.0
26 0.0 0.0 0.0
27 0.0 0.0 0.0
28 0.0 0.0 0.0
29 0.0 0.0 0.0
30 0.25721039514620264 0.0 0.0021434199595516887
31 0.85272080330715783 0.0 0.0071060066942263151
32 1.7000115732387928 0.0 0.014166763110323274
33 2.7651961394456288 0.0 0.023043301162046906
34 4.0262256737690443 0.0 0.033551880614742034
35 5.4595554582523329 0.0 0.045496295485436107
36 7.0219006076628485 0.0 0.058515838397190406
37 8.6322164945160313 0.0 0.07193513745430026
38 10.175539482315797 0.0 0.08479616235263164
39 11.536827774339912 0.0 0.096140231452832597
40 12.640921900135003 0.0 0.10534101583445836
41 13.469397383780343 0.0 0.11224497819816953
42 14.049897505588927 0.0 0.11708247921324105
43 14.43335253038344 0.0 0.12027793775319533
44 14.674123534998017 0.0 0.12228436279165014
45 14.818768967354842 0.0 0.12348974139462368
46 14.90231807916402 0.0 0.1241859839930335
47 14.948884901216175 0.0 0.12457404084346813
48 14.973995711049941 0.0 0.12478329759208284
49 14.987123032436713 0.0 0.12489269193697261
50 14.993786895353324 0.0 0.12494822412794436
51 14.997076198080226 0.0 0.12497563498400188
52 14.998656843196315 0.0 0.12498880702663596
53 14.999397126219661 0.0 0.12499497605183051
54 14.999735383449618 0.0 0.12499779486208015
55 14.999886328169229 0.0 0.12499905273474357
56 14.999952169453859 0.0 0.1249996014121155
57 14.999980249120298 0.0 0.12499983540933582
58 14.999992013988376 0.0 0.12499993344990314
59 14.99999686418418 0.0 0.1249999738682015
60 14.999998801979746 0.0 0.12499999001649789
61 14.999999553760473 0.0 0.12499999628133728
62 14.999999838751446 0.0 0.12499999865626205
63 14.999999943031977 0.0 0.12499999952526647
64 14.99999998031041 0.0 0.12499999983592008
65 14.999999993406714 0.0 0.12499999994505595
66 14.999999993406714 0.0 0.12499999994505595
67 14.999999993406714 0.0 0.12499999994505595
68 14.999999993406714 0.0 0.12499999994505595
69 14.999999993406714 0.0 0.12499999994505595
70 14.999999993406714 0.0 0.12499999994505595
71 14.999999993406714 0.0 0.12499999994505595
72 14.999999993406714 0.0 0.12499999994505595
73 14.999999993406714 0.0 0.12499999994505595
74 14.999999993406714 0.0 0.12499999994505595
75 14.999999993406714 0.0 0.12499999994505595
76 14.999999993406714 0.0 0.12499999994505595
77 14.999999993406714 0.0 0.12499999994505595
78 14.999999993406714 0.0 0.12499999994505595
79 14.999999993406714 0.0 0.12499999994505595
80 14.999999993406714 0.0 0.12499999994505595
81 14.999999993406714 0.0 0.12499999994505595
82 14.999999993406714 0.0 0.12499999994505595
83 14.999999993406714 0.0 0.12499999994505595
84 14.999999993406714 0.0 0.12499999994505595
85 14.999999993406714 0.0 0.12499999994505595
86 14.999999993406714 0.0 0.12499999994505595
87 14.999999993406714 0.0 0.12499999994505595
88 14.999999993406714 0.0 0.12499999994505595
89 14.999999993406714 0.0 0.12499999994505595
90 14.999999993405964 0.0 0.12499999994504971
91 14.999999993406714 0.0 0.12499999994505595
92 14.999999993406714 0.0 0.12499999994505595
93 14.999999993406714 0.0 0.12499999994505595
94 14.999999993406714 0.0 0.12499999994505595
95 14.999999993406714 0.0 0.12499999994505595
96 14.999999993406714 0.0 0.12499999994505595
97 14.999999993406714 0.0 0.12499999994505595
98 14.999999993406714 0.0 0.12499999994505595
99 14.999999993406714 0.0 0.12499999994505595
100 12.914503733654019 0.0 0.10762086444711683
101 11.091107773086581 0.0 0.092425898109054841
102 9.5100137218724914 0.0 0.079250114348937431
103 8.1490684591662426 0.0 0.067908903826385356
104 6.9848139623391665 0.0 0.058206783019493051
105 5.9936070177558056 0.0 0.049946725147965047
106 5.1526159251122658 0.0 0.042938466042602215
107 4.4405725629345962 0.0 0.037004771357788305
108 3.8382422594105523 0.0 0.031985352161754604
109 3.3286370338816389 0.0 0.027738641949013657
110 2.8970300194057188 0.0 0.024141916828380992
111 2.5308357551376464 0.0 0.021090297959480385
112 2.2194133940069887 0.0 0.018495111616724905
113 1.9538354472810409 0.0 0.01628196206067534
114 1.7266518629765863 0.0 0.014388765524804887
115 1.5316665553079485 0.0 0.012763887960899572
116 1.363735848583715 0.0 0.011364465404864292
117 1.218592330432859 0.0 0.010154936086940491
118 1.0926943624374534 0.0 0.0091057863536454457
119 0.98309921958689483 0.0 0.008192493496557457
120 0.88735790450105512 0.0 0.0073946492041754592
121 0.80342772616448521 0.0 0.00669523105137071
122 0.72960072236491036 0.0 0.006080006019707586
123 0.66444489872437917 0.0 0.00553704082270316
124 0.60675614535091826 0.0 0.005056301211257652
125 0.5555188761268105 0.0 0.0046293239677234208
126 0.50987389012208506 0.0 0.0042489490843507088
127 0.46909196933760683 0.0 0.0039090997444800567
128 0.43255226714310296 0.0 0.0036046022261925245
129 0.39972454330507723 0.0 0.0033310378608756436
130 0.37015452572242991 0.0 0.0030846210476869157
131 0.34345182222687515 0.0 0.002862098518557293
132 0.31927993285477457 0.0 0.0026606661071231215
133 0.29734794182862079 0.0 0.0024778995152385064
134 0.27740361709625388 0.0 0.002311696809135449
135 0.25922769971934856 0.0 0.0021602308309945713
136 0.24262888217001372 0.0 0.002021907351416781
137 0.22744004725839037 0.0 0.0018953337271532531
138 0.21351449931491179 0.0 0.0017792874942909316
139 0.20072360507116715 0.0 0.0016726967089263931
140 0.18895390348835034 0.0 0.0015746158624029194
141 0.1781052265257157 0.0 0.0014842102210476309
142 0.16808890260810674 0.0 0.0014007408550675562
143 0.15882627553150047 0.0 0.0013235522960958373
144 0.15024741096731217 0.0 0.0012520617580609348
145 0.14228999936632511 0.0 0.0011857499947193759
146 0.1348984103426199 0.0 0.0011241534195218326
147 0.12802287666431722 0.0 0.0010668573055359768
148 0.12161886592155857 0.0 0.0010134905493463214
149 0.11564615121386221 0.0 0.00096371792678218507
