25 0.0 0.0 0.0
26 0.0 0.0 0.0
27 0.0 0.0 0.0
28 0.0 0.0 0.0
29 0.0 0.0 0.0
30 0.25809790593124576 8.6022127538377456e-06 0.0021508158827603812
31 0.85892900760172064 6.078435041571897e-05 0.0071577417300143385
32 1.7208171661720877 0.00020628028828569196 0.014340143051434063
33 2.815593817038629 0.00050711431395280106 0.023463281808655242
34 4.1274236630379635 0.001034994577856538 0.034395197191983029
35 5.6379937791800208 0.0018540581730349221 0.046983281493166842
36 7.304563264808773 0.0029738376511281956 0.060871360540073111
37 9.0379200187748872 0.0042987907857625698 0.075316000156457397
38 10.707133394355004 0.0056433615107560923 0.089226111619625043
39 12.18048244642195 0.0068218310051403165 0.10150402038684958
40 13.372627054061589 0.0077303676610498452 0.11143855878384658
41 14.263346668455224 0.0083601554778974796 0.11886122223712686
42 14.884172740736764 0.0087606916917609082 0.12403477283947303
43 15.291937607354653 0.0089981521775954372 0.12743281339462212
44 15.54649643141922 0.0091308597797106969 0.12955413692849349
45 15.698552197481426 0.0092012646725375107 0.13082126831234522
46 15.785889874037116 0.0092368546472152268 0.13154908228364262
47 15.834301292934159 0.0092540165123302966 0.13195251077445133
48 15.860266422187099 0.009261902295983301 0.13216888685155917
49 15.873768588941257 0.0092653432727231415 0.13228140490784382
50 15.880587060645096 0.0092667596199094548 0.1323382255053758
51 15.883935430863174 0.0092673026921178733 0.13236612859052646
52 15.885536354512078 0.0092674918687404018 0.132379469620934
53 15.88628243217345 0.0092675482632955785 0.13238568693477876
54 15.886621688631365 0.0092675598720598149 0.13238851407192803
55 15.886772360512548 0.0092675590593948864 0.13238976967093791
56 15.886837788866009 0.00926755624006129 0.13239031490721673
57 15.886865594299667 0.0092675540028125843 0.13239054661916388
58 15.886877166832003 0.0092675526636407674 0.13239064305693335
59 15.886881884308227 0.0092675518598108672 0.13239068236923524
60 15.88688377129662 0.0092675515731013101 0.1323906980941385
61 15.886884514826335 0.0092675514384356374 0.13239070429021946
62 15.886884803252784 0.0092675513744196244 0.1323907066937732
63 15.886884913618728 0.0092675513457748399 0.13239070761348939
64 15.886884955266558 0.0092675513340873504 0.13239070796055466
65 15.886884970757084 0.0092675513294099964 0.13239070808964237
66 15.886884976489204 0.0092675513274433768 0.13239070813741002
67 15.88688497860552 0.0092675513267090788 0.132390708155046
68 15.88688497860552 0.0092675513267090788 0.132390708155046
69 15.88688497860552 0.0092675513267090788 0.132390708155046
70 15.88688497860552 0.0092675513267090788 0.132390708155046
71 15.88688497860552 0.0092675513267090788 0.132390708155046
72 15.88688497860552 0.0092675513267090788 0.132390708155046
73 15.88688497860552 0.0092675513267090788 0.132390708155046
74 15.88688497860552 0.0092675513267090788 0.132390708155046
75 15.88688497860552 0.0092675513267090788 0.132390708155046
76 15.88688497860552 0.0092675513267090788 0.132390708155046
77 15.88688497860552 0.0092675513267090788 0.132390708155046
78 15.88688497860552 0.0092675513267090788 0.132390708155046
79 15.88688497860552 0.0092675513267090788 0.132390708155046
80 15.88688497860552 0.0092675513267090788 0.132390708155046
81 15.88688497860552 0.0092675513267090788 0.132390708155046
82 15.88688497860552 0.0092675513267090788 0.132390708155046
83 15.88688497860552 0.0092675513267090788 0.132390708155046
84 15.88688497860552 0.0092675513267090788 0.132390708155046
85 15.88688497860552 0.0092675513267090788 0.132390708155046
86 15.88688497860552 0.0092675513267090788 0.132390708155046
87 15.88688497860552 0.0092675513267090788 0.132390708155046
88 15.88688497860552 0.0092675513267090788 0.132390708155046
89 15.88688497860552 0.0092675513267090788 0.132390708155046
90 15.886884978604652 0.0092675513267085705 0.13239070815503876
91 15.88688497860552 0.0092675513267090788 0.132390708155046
92 15.88688497860552 0.0092675513267090788 0.132390708155046
93 15.88688497860552 0.0092675513267090788 0.132390708155046
94 15.88688497860552 0.0092675513267090788 0.132390708155046
95 15.88688497860552 0.0092675513267090788 0.132390708155046
96 15.88688497860552 0.0092675513267090788 0.132390708155046
97 15.88688497860552 0.0092675513267090788 0.132390708155046
98 15.88688497860552 0.0092675513267090788 0.132390708155046
99 15.88688497860552 0.0092675513267090788 0.132390708155046
100 13.729106363442718 0.0085322411293202154 0.11440921969535597
101 11.823433780510227 0.007676471766398749 0.098528614837585224
102 10.157969066346691 0.0067892907906975299 0.084649742219555763
103 8.715827734186723 0.0059311312488454886 0.072631897784889363
104 7.4766749572070115 0.0051382206607588415 0.06230562464339176
105 6.4183841352721318 0.004428352851869829 0.053486534460601101
106 5.5185370818269828 0.0038066090712548166 0.045987809015224854
107 4.7555909760148571 0.0032701690468151514 0.039629924800123811
108 4.1096574485144801 0.0028119049812395432 0.034247145404287332
109 3.5629270331173366 0.0024228184827365428 0.029691058609311139
110 3.0998162158367402 0.0020935508673917574 0.0258318017986395
111 2.7069234825840462 0.0018152282860801985 0.022557695688200385
112 2.3728700787748784 0.001579870205781504 0.019773917323123988
113 2.0880829423032305 0.0013805310811820682 0.017400691185860254
114 1.8445590238663461 0.0012112922839368227 0.015371325198886216
115 1.6356351601847634 0.0010671786861006839 0.013630293001539695
116 1.4557767020673662 0.00094404407075990976 0.012131472517228051
117 1.3003908009375087 0.00083845077500724959 0.010836590007812572
118 1.1656657079205057 0.00074755632250112652 0.0097138808993375483
119 1.0484349496432668 0.00066901237949704455 0.0087369579136938897
120 0.9460639092843659 0.00060087796588463474 0.0078838659107030497
121 0.85635595814186294 0.00054154674022430097 0.0071362996511821911
122 0.77747516465696187 0.0004896864382270017 0.0064789597054746824
123 0.70788291844112139 0.00044418933468991272 0.0058990243203426778
124 0.64628603258278683 0.00040413177311768192 0.00538571693818989
125 0.59159431682211627 0.00036874113100136125 0.0049299526401843019
126 0.54288583696387971 0.00033736889368505147 0.0045240486413656638
127 0.49937849041924914 0.00030946896144156208 0.0041614874201604092
128 0.46040669546232055 0.00028457991456869088 0.0038367224621860046
129 0.42540223278881761 0.00026231039763885915 0.0035450186065734803
130 0.39387849069976605 0.00024232755676689162 0.0032823207558313836
131 0.36541744838569024 0.00022434712420958626 0.0030451454032140854
132 0.33965891780546315 0.00020812565140824975 0.0028304909817121931
133 0.31629161115501847 0.00019345390677064558 0.0026357634262918206
134 0.29504572262090401 0.00018015149231454547 0.0024587143551742002
135 0.27568673010434003 0.00016806239083704249 0.002297389417536167
136 0.25801021291864151 0.00015705125919108172 0.0021500851076553459
137 0.24183751092246039 0.00014700039524539481 0.0020153125910205034
138 0.22701206042620686 0.00013780700270675904 0.0018917671702183905
139 0.21339631624995098 0.00012938125066100655 0.0017783026354162581
140 0.20086913828220632 0.00012164431566157834 0.0016739094856850526
141 0.18932357320810012 0.00011452671739446395 0.0015776964434008342
142 0.17866498025520536 0.00010796738875575136 0.0014888748354600447
143 0.16880941621752191 0.0001019122459176872 0.001406745135146016
144 0.15968226513598072 9.6313396948781812e-05 0.0013306855427998392
145 0.15121705730728138 9.1128242415424633e-05 0.0012601421442273448
146 0.14335446049294534 8.6318952250715979e-05 0.0011946205041078778
147 0.13604143254174444 8.1851708350755384e-05 0.0011336786045145371
148 0.12923035122605314 7.7696402649611782e-05 0.0010769195935504429
149 0.12287854227802159 7.3825903517092813e-05 0.0010239878523168465
