25 0.0 0.0 0.0
26 0.0 0.0 0.0
27 0.0 0.0 0.0
28 0.0 0.0 0.0
29 0.0 0.0 0.0
30 0.25797730708217376 2.5645747993640526e-05 0.0010931241825515837
31 0.8744200527272985 0.00019896765428591059 0.0037051697149461803
32 1.7945839164468484 0.00076036831880603635 0.0076041691374866462
33 3.024837311617433 0.0021485617801789269 0.012817107252616242
34 4.5915396541914433 0.0050404954427411544 0.0194556765008112
35 6.5121554393005807 0.0099959461859228591 0.027593878980087208
36 8.7396006491317273 0.016700553386193161 0.037032206140388678
37 11.119181317418727 0.023890136659981295 0.047115175073808163
38 13.41793193186256 0.030239535462980097 0.056855643779078646
39 15.416532923529617 0.035069068380059146 0.065324292048854316
40 16.990209470073896 0.038352036457308239 0.071992413008787698
41 18.125877501027023 0.04040026345846362 0.076804565682317902
42 18.886962938573369 0.041594403462369707 0.080029503977005798
43 19.366156462393189 0.042252620409697836 0.082059985010140626
44 19.652214874100707 0.04259815603509199 0.083272096924155534
45 19.815208292403405 0.042771675074429 0.083962747001709345
46 19.904271279222463 0.042855249619575951 0.084340132539078239
47 19.951095034529342 0.042893913105369087 0.084538538281903997
48 19.9748355478179 0.042911107695997035 0.084639133677194486
49 19.98646411327471 0.042918461133029794 0.084688407259638609
50 19.991974260775297 0.042921484545874793 0.084711755342268213
51 19.994503811083977 0.042922679305623254 0.084722473775779558
52 19.995629792471345 0.042923132990876488 0.084727244883353162
53 19.996116952573676 0.042923298621108025 0.084729309121074903
54 19.996321580635527 0.042923356213622095 0.084730176189133588
55 19.996404911376462 0.042923375146841809 0.084730529285493489
56 19.996437802863834 0.042923381042735437 0.084730668656202685
57 19.996450563773479 0.042923382698953447 0.08473072272785373
58 19.996455347335452 0.042923382896938957 0.084730742997184125
59 19.996457065054472 0.04292338288415308 0.084730750275654534
60 19.996457655104017 0.042923382838438565 0.084730752775864476
61 19.996457848939272 0.042923382810741276 0.084730753597200309
62 19.996457909859487 0.042923382798588115 0.084730753855336807
63 19.996457909859487 0.042923382798588115 0.084730753855336807
64 19.996457909859487 0.042923382798588115 0.084730753855336807
65 19.996457909859487 0.042923382798588115 0.084730753855336807
66 19.996457909859487 0.042923382798588115 0.084730753855336807
67 19.996457909859487 0.042923382798588115 0.084730753855336807
68 19.996457909859487 0.042923382798588115 0.084730753855336807
69 19.996457909859487 0.042923382798588115 0.084730753855336807
70 19.996457909859487 0.042923382798588115 0.084730753855336807
71 19.996457909859487 0.042923382798588115 0.084730753855336807
72 19.996457909859487 0.042923382798588115 0.084730753855336807
73 19.996457909859487 0.042923382798588115 0.084730753855336807
74 19.996457909859487 0.042923382798588115 0.084730753855336807
75 19.996457909859487 0.042923382798588115 0.084730753855336807
76 19.996457909859487 0.042923382798588115 0.084730753855336807
77 19.996457909859487 0.042923382798588115 0.084730753855336807
78 19.996457909859487 0.042923382798588115 0.084730753855336807
79 19.996457909859487 0.042923382798588115 0.084730753855336807
80 19.996457909859487 0.042923382798588115 0.084730753855336807
81 19.996457909859487 0.042923382798588115 0.084730753855336807
82 19.996457909859487 0.042923382798588115 0.084730753855336807
83 19.996457909859487 0.042923382798588115 0.084730753855336807
84 19.996457909859487 0.042923382798588115 0.084730753855336807
85 19.996457909859487 0.042923382798588115 0.084730753855336807
86 19.996457909859487 0.042923382798588115 0.084730753855336807
87 19.996457909859487 0.042923382798588115 0.084730753855336807
88 19.996457909859487 0.042923382798588115 0.084730753855336807
89 19.996457909859487 0.042923382798588115 0.084730753855336807
90 19.996457909858382 0.04292338279858577 0.08473075385533213
91 19.996457909859487 0.042923382798588115 0.084730753855336807
92 19.996457909859487 0.042923382798588115 0.084730753855336807
93 19.996457909859487 0.042923382798588115 0.084730753855336807
94 19.996457909859487 0.042923382798588115 0.084730753855336807
95 19.996457909859487 0.042923382798588115 0.084730753855336807
96 19.996457909859487 0.042923382798588115 0.084730753855336807
97 19.996457909859487 0.042923382798588115 0.084730753855336807
98 19.996457909859487 0.042923382798588115 0.084730753855336807
99 19.996457909859487 0.042923382798588115 0.084730753855336807
100 9.9982289549297434 0.021461691399294058 0.042365376927668404
101 9.3702193191401655 0.020867502032152555 0.039704319148899006
102 8.7574704199639051 0.020046530772597687 0.037107925508321635
103 8.1644447927828416 0.019060158380435635 0.034595105054164584
104 14.130134110587205 0.033550207714954962 0.059873449621132224
105 12.165334630819045 0.028971363790747197 0.051548028096690866
106 10.440972316437419 0.024720799072246068 0.044241408120497538
107 8.9483986404571674 0.020954893999204225 0.037916943391767662
108 7.6695148812922662 0.017714422865100336 0.032497944412255363
109 6.5814297214946951 0.014975916244532747 0.027887414074130062
110 5.6598183336866432 0.012685985326693827 0.023982281074943403
111 4.8810799470426476 0.010781666007131634 0.020682542148485795
112 4.2235508449232162 0.0092012063545894949 0.017896401885267865
113 3.6680547202263964 0.0078890125343294547 0.015542604746722019
114 3.1980293562340227 0.0067973259204650513 0.013550971848449249
115 2.7994090250888042 0.0058862293960739911 0.011861902648681373
116 2.460383606922194 0.0051228983190231871 0.010425354266619466
117 2.1711111085183723 0.0044805941226975432 0.0091996233411795435
118 1.9234276770035847 0.0039376426969548687 0.0081501172754389183
119 1.7105785058157514 0.0034765091416443044 0.0072482140076938623
120 1.5269797862081722 0.0030830052226167638 0.0064702533313905604
121 1.3680144818224291 0.0027456336194581566 0.0057966715331458857
122 1.2298604543913425 0.0024550531766888155 0.0052112731118277222
123 1.1093477580825317 0.0022036503946794512 0.0047006260935700496
124 1.0038412426671675 0.0019851976109165727 0.0042535645875727435
125 0.91114440686782594 0.0017945804924072674 0.0038607813850331609
126 0.82942096048782032 0.0016275816355642097 0.0035144955952873744
127 0.75713094447182205 0.0014807086331529659 0.003208181968100941
128 0.69297871628323415 0.0013510571411949163 0.0029363504927255686
129 0.63587058421621323 0.0012362018750041951 0.0026943668822720901
130 0.5848802502500059 0.0011341090944797768 0.0024783061451271438
131 0.53922055756776732 0.0010430661009584346 0.0022848328710498617
132 0.49822039240802207 0.00096162522695805296 0.0021111033576611104
133 0.46130569409105437 0.000888557777812037 0.0019546851444536203
134 0.4279838462517721 0.00082281708594241691 0.0018134908739481869
135 0.39783078575427044 0.00076350820613269586 0.0016857236684502985
136 0.37048033596648128 0.0007098631560199574 0.0015698319320613613
137 0.34561535989153869 0.00066122081969772735 0.0014644718639471978
138 0.32296037680209622 0.00061700985640307071 0.0013684761728902381
139 0.30227541465704599 0.00057673517048899346 0.0012808280282078221
140 0.28335085954042738 0.00053996651304790767 0.001200639235340794
141 0.26600310564677304 0.0005063283900559809 0.0011271318035880214
142 0.25007092344401233 0.00047549268688840016 0.0010596225569661538
143 0.23541236913897523 0.00044717155561118841 0.00099751003872447139
144 0.22190216840955779 0.00042111194572211553 0.00094026342546422786
145 0.20942949532936336 0.00039709070956773579 0.00088741311580238708
146 0.197896080625033 0.00037491061134655102 0.00083854271451285173
147 0.18721459852726441 0.00035439697458239931 0.00079328219714942545
148 0.091051375567348741 0.00017229354728106924 0.00038581091342096923
149 0.17256058310072511 0.00032629670337128641 0.00073118891144375046
