25 0.0 0.0 0.0
26 0.0 0.0 0.0
27 0.0 0.0 0.0
28 0.0 0.0 0.0
29 0.0 0.0 0.0
30 0.15803945721086848 0.00012447681671862992 0.0022577065315838355
31 0.55589345245156552 0.0010345397287672017 0.0079413350350223642
32 1.1995002945463515 0.0042851798983245086 0.017135718493519306
33 2.1543088752464294 0.013122594596956876 0.030775841074948993
34 3.5184481535727365 0.032552771520896889 0.050263545051039096
35 5.3549925078748482 0.065595140522739293 0.076499892969640687
36 7.5876575082992765 0.10831409541339182 0.10839510726141824
37 9.9848154775713862 0.15187801771359635 0.14264022110816266
38 12.257791264692498 0.18891246010549329 0.17511130378132139
39 14.181263579591935 0.216450023996793 0.2025894797084562
40 15.655725359968852 0.23499571645260772 0.22365321942812644
41 16.69599735122765 0.24658153277619191 0.2385142478746807
42 17.381381131766005 0.25340354639189333 0.24830544473951435
43 17.808097388616233 0.25722971893142643 0.25440139126594619
44 18.061400948794603 0.25928770519268124 0.25802001355420862
45 18.205685484953047 0.26035396254715393 0.26008122121361499
46 18.284902600775158 0.26088765133324238 0.26121289429678796
47 18.326956446209746 0.26114623638263451 0.26181366351728208
48 18.348591764702725 0.26126770290760593 0.26212273949575321
49 18.359397335768918 0.26132308815094096 0.2622771047966988
50 18.364644016797254 0.26134762906477638 0.26235205738281792
51 18.367123731432962 0.26135820504175827 0.26238748187761374
52 18.368265756544194 0.26136264262333408 0.26240379652205992
53 18.368778942705493 0.26136445658485213 0.26241112775293562
54 18.369004140953454 0.26136517968840051 0.26241434487076365
55 18.369100764063241 0.26136546160818142 0.26241572520090345
56 18.369141262485247 0.26136556841513059 0.26241630374978925
57 18.369157879292938 0.2613656080829771 0.26241654113275625
58 18.369164556409057 0.26136562275908559 0.26241663652012936
59 18.369167209593506 0.26136562790469214 0.2624166744227644
60 18.369168237046249 0.26136562954861703 0.26241668910066068
61 18.36916862452853 0.26136563005835062 0.26241669463612188
62 18.369168766794299 0.26136563020510672 0.26241669666848999
63 18.369168817674026 0.26136563024483322 0.26241669739534323
64 18.369168835436934 0.26136563025489934 0.26241669764909908
65 18.369168841487408 0.26136563025732396 0.26241669773553439
66 18.369168841487408 0.26136563025732396 0.26241669773553439
67 18.369168841487408 0.26136563025732396 0.26241669773553439
68 18.369168841487408 0.26136563025732396 0.26241669773553439
69 18.369168841487408 0.26136563025732396 0.26241669773553439
70 18.369168841487408 0.26136563025732396 0.26241669773553439
71 18.369168841487408 0.26136563025732396 0.26241669773553439
72 18.369168841487408 0.26136563025732396 0.26241669773553439
73 18.369168841487408 0.26136563025732396 0.26241669773553439
74 18.369168841487408 0.26136563025732396 0.26241669773553439
75 18.369168841487408 0.26136563025732396 0.26241669773553439
76 18.369168841487408 0.26136563025732396 0.26241669773553439
77 18.369168841487408 0.26136563025732396 0.26241669773553439
78 18.369168841487408 0.26136563025732396 0.26241669773553439
79 18.369168841487408 0.26136563025732396 0.26241669773553439
80 18.369168841487408 0.26136563025732396 0.26241669773553439
81 18.369168841487408 0.26136563025732396 0.26241669773553439
82 18.369168841487408 0.26136563025732396 0.26241669773553439
83 18.369168841487408 0.26136563025732396 0.26241669773553439
84 18.369168841487408 0.26136563025732396 0.26241669773553439
85 18.369168841487408 0.26136563025732396 0.26241669773553439
86 18.369168841487408 0.26136563025732396 0.26241669773553439
87 18.369168841487408 0.26136563025732396 0.26241669773553439
88 18.369168841487408 0.26136563025732396 0.26241669773553439
89 18.369168841487408 0.26136563025732396 0.26241669773553439
90 18.369168841486392 0.26136563025730974 0.2624166977355199
91 18.369168841487408 0.26136563025732396 0.26241669773553439
92 18.369168841487408 0.26136563025732396 0.26241669773553439
93 18.369168841487408 0.26136563025732396 0.26241669773553439
94 18.369168841487408 0.26136563025732396 0.26241669773553439
95 18.369168841487408 0.26136563025732396 0.26241669773553439
96 18.369168841487408 0.26136563025732396 0.26241669773553439
97 18.369168841487408 0.26136563025732396 0.26241669773553439
98 18.369168841487408 0.26136563025732396 0.26241669773553439
99 18.369168841487408 0.26136563025732396 0.26241669773553439
100 16.40544685178676 0.24244219360144875 0.23436352645409655
101 14.416008140204788 0.2164714263168164 0.20594297343149698
102 12.521754701735558 0.18841047974212141 0.17888221002479368
103 10.793036301089613 0.16136693828412171 0.15418623287270875
104 9.2609898533213002 0.13693432134800249 0.13229985504744715
105 7.9303406668411851 0.11569856735836015 0.11329058095487407
106 6.790170005192774 0.097667947883866818 0.097002428645611052
107 5.821683288521089 0.082566858159179538 0.083166904121729848
108 5.0032407584993503 0.070011709036517419 0.071474867978562145
109 4.3133132373644312 0.059605379436284453 0.061618760533777586
110 3.7320282711805732 0.050981962079869443 0.053314689588293905
111 3.241833714220141 0.043823750127648303 0.046311910203144874
112 2.8276491169570295 0.037863966374567383 0.040394987385100424
113 2.4767453915623068 0.032882924949238626 0.035382077022318666
114 2.1784993387810281 0.028701732976106786 0.031121419125443257
115 1.9241071474278721 0.025175580215292353 0.027487244963255317
116 1.7063017116152868 0.022187538776988203 0.024375738737361239
117 1.5190952106421283 0.019643212095438244 0.021701360152030405
118 1.3575550800252494 0.017466287278668495 0.019393644000360706
119 1.2176143608182406 0.015594917842680193 0.017394490868832008
120 1.0959139855838471 0.013978820697738807 0.015655914079769243
121 0.98967308390855091 0.012576962884040624 0.014138186912979299
122 0.8965830847576115 0.011355725364995984 0.012808329782251594
123 0.81472163082250515 0.010287447980974635 0.011638880440321502
124 0.74248272397615012 0.0093492750301657195 0.010606896056802144
125 0.67852010395436546 0.0085222392640782272 0.0096931443422052215
126 0.62170133007572703 0.0077905325203656154 0.008881447572510387
127 0.57107047666238242 0.0071409231469553016 0.0081581496666054635
128 0.52581780175041348 0.0065622899603358905 0.0075116828821487642
129 0.48525501488472045 0.0060452474136840437 0.0069322144983531495
130 0.448795055410324 0.0055818430897511444 0.0064113579344331996
131 0.41593552438712561 0.0051653129561458682 0.0059419360626732226
132 0.38624505466192194 0.0047898819426937626 0.0055177864951703138
133 0.35935208143832953 0.0044506016579501954 0.005133601163404708
134 0.33493554715512586 0.0041432170534220526 0.0047847935307875119
135 0.31271719128266035 0.0038640569237639922 0.0044673884468951477
136 0.29245512825418368 0.0036099433280853822 0.0041779304036311951
137 0.27393849351493654 0.0033781167311830039 0.0039134070502133793
138 0.25698294518231518 0.0031661734780681272 0.0036711849311759311
139 0.2414268961552819 0.0029720138116716404 0.0034489556593611699
140 0.22712833310622771 0.0027937982094525969 0.00324469047294611
141 0.21396212919947089 0.0026299107121557593 0.0030566018457067268
142 0.20181776363968082 0.0024789280085892565 0.0028831109091382976
143 0.19059738469682302 0.0023395932505855853 0.002722819781383186
144 0.18021415834836971 0.0022107938627449076 0.0025744879764052816
145 0.17059085430901144 0.0020915426259410547 0.002437012204414449
146 0.16165863582481124 0.0019809615520563861 0.0023094090832115892
147 0.15335601928855883 0.001878268049681533 0.0021908002755508405
148 0.14562797618010465 0.0017827630664080227 0.0020803996597157808
149 0.13842515951338658 0.0016938208785684512 0.0019775022787626652
150 0.13170323213266039 0.0016108802762173371 0.0018814747447522913
151 0.12542228478335973 0.001533436923132903 0.0017917469254765677
152 0.11954636785878475 0.0014610366646493327 0.0017078052551254964
153 0.11404289005115173 0.0013932700868821829 0.0016291841435878819
154 0.10888248185639365 0.0013297670955467408 0.0015554640265199094
155 0.104038508857695 0.0012701927455459161 0.0014862644122527857
156 0.099486717870815575 0.0012142433643734119 0.0014212388267259369
157 0.095205135866457444 0.0011616432296777932 0.0013600733695208207
158 0.091173746091950308 0.0011121415855770685 0.0013024820870278615
159 0.087374247916349748 0.0010655100098117621 0.0012482035416621392
160 0.083789978876048152 0.0010215401179762065 0.0011969996982292594
161 0.080405687442637916 0.00098004161366537943 0.0011486526777519702
162 0.077207418787629808 0.00094084046622615477 0.0011029631255375686
163 0.074182349644993664 0.00090377709424657206 0.001059747852071338
164 0.071318746053042503 0.00086870535281859693 0.0010188392293291786
165 0.068605790884437842 0.00083549084839283172 0.00098008272692054065
166 0.066033553051892818 0.00080401012934570545 0.00094333647216989739
167 0.063592881699466558 0.00077414958287682083 0.00090846973856380795
168 0.061275320323509651 0.00074580434949801276 0.00087536171890728078
169 0.059073081869791856 0.00071887784109043703 0.00084390116956845507
170 0.056978951933049679 0.00069328080583986912 0.00081398502761499539
171 0.054986260756351685 0.00066893045284555509 0.00078551801080502411
172 0.053088836083027384 0.00064575057688837328 0.00075841194404324837
173 0.051280954183364799 0.00062367040697990854 0.00073258505976235425
174 0.049557291490346968 0.00060262405489277062 0.00070796130700495673
175 0.047912919474373386 0.00058255079308407642 0.00068447027820533405
176 0.046343241037806314 0.00056339364449063938 0.00066204630054009022
177 0.044843984503081621 0.0005451001297063769 0.00064062835004402314
178 0.043411171948902746 0.00052762110111058164 0.0006201595992700392
179 0.042041095742460038 0.00051091087206353765 0.00060058708203514341
180 0.040730291064387934 0.00049492675440172731 0.00058186130091982761
181 0.039475523956263282 0.00047962886990955678 0.00056393605651804688
182 0.038273778943616873 0.00046498018624637069 0.00054676827062309814
183 0.037122225519002565 0.00045094586483240362 0.00053031750741432235
184 0.036018219215105132 0.00043749326587102887 0.00051454598878721621
185 0.034959284018696725 0.00042459206464702304 0.00049941834312423894
186 0.033943096992981071 0.00041221355510799704 0.00048490138561401531
187 0.032967479803919807 0.00040033124449732671 0.00047096399719885439
188 0.032030386443454475 0.0003889197550624802 0.00045757694919220678
189 0.031129894829190045 0.00037795563515732574 0.00044471278327414351
190 0.030264198954148877 0.00036741666144622968 0.00043234569934498394
191 0.029431599738456903 0.00035728189593336931 0.0004204514248350986
192 0.028630498437706611 0.00034753194076091735 0.00040900712053866588
193 0.027859387729288615 0.00033814810365587216 0.00039799125327555162
194 0.027116847410593808 0.0003291131040008578 0.00038738353443705439
195 0.026401540475251058 0.00032041051930767301 0.000377164863932158
196 0.025712202764549746 0.00031202489393509592 0.00036731718235071068
197 0.025047639444078298 0.00030394152975529758 0.00035782342062968999
198 0.024406724703792137 0.00029614664189314151 0.0003486674957684591
199 0.023788393798078258 0.00028862722624297212 0.00033983419711540366
