25 0.0 0.0 0.0
26 0.0 0.0 0.0
27 0.0 0.0 0.0
28 0.0 0.0 0.0
29 0.0 0.0 0.0
30 0.018005824965429101 9.2815131890347916e-09 0.00015004854137857585
31 0.059698104780137304 6.4705292470574193e-08 0.00049748420650114417
32 0.11902650843105422 2.1593866097380228e-07 0.00099188757025878518
33 0.19363344085053136 5.2067579213739204e-07 0.0016136120070877613
34 0.28208428020908716 1.0428807462264204e-06 0.0023507023350757264
35 0.3833745086349033 1.8518118649098142e-06 0.0031947875719575275
36 0.49674528281465424 3.0213843781380683e-06 0.0041395440234554522
37 0.62159501769911385 4.6297194255839534e-06 0.0051799584808259486
38 0.75743055100451928 6.7588082806243386e-06 0.0063119212583709937
39 0.90383750974906651 9.4942518789284006e-06 0.0075319792479088873
40 1.0604611045170966 1.2925062756323424e-05 0.0088371758709758046
41 1.226992965686329 1.7143491251003751e-05 0.010224941380719409
42 1.4031618302893376 2.2244897453311979e-05 0.011693015252411147
43 1.5887266842958492 2.8327639477841243e-05 0.013239389035798743
44 1.7834715956417755 3.5492982119522818e-05 0.014862263297014795
45 1.9872017193789548 4.3845018129713115e-05 0.016560014328157957
46 2.1997402102042334 5.3490616383414928e-05 0.018331168418368612
47 2.4209256561184342 6.4539352756086237e-05 0.020174380467653619
48 2.6506100762632845 7.7103472226084594e-05 0.022088417302194036
49 2.8886573025897437 9.1297864636686782e-05 0.024072144188247865
50 3.1349415555695499 0.00010724004067119351 0.026124512963079584
51 3.3893462501352447 0.00012505009772373221 0.028244552084460372
52 3.6517630961767686 0.00014485059386108387 0.030431359134806404
53 3.9220912161706374 0.00016676680611755839 0.032684093468088642
54 4.200236433378417 0.00019092647034045306 0.035001970278153473
55 4.4861106437937952 0.00021745990649179496 0.037384255364948292
56 4.7796313040700067 0.00024649982264448266 0.039830260867250056
57 5.0807208941245827 0.0002781816532011027 0.042339340784371522
58 5.3893064292579922 0.00031264317749416735 0.044910886910483269
59 5.7053188816763631 0.00035002452270004199 0.047544324013969692
60 6.0286923009342441 0.00039046778955786123 0.05023910250778537
61 6.3593622296132555 0.00043411619266374782 0.052994685246777126
62 6.6972626533061934 0.00048111221412033226 0.055810522110884948
63 7.0423201678903089 0.00053159387879001419 0.058686001399085905
64 7.3944433462299957 0.00058568791137355127 0.061620361218583296
65 7.7535045368968483 0.00064349805943238257 0.064612537807473738
66 8.1193108290272669 0.00070508679731863164 0.067660923575227225
67 8.4915611273159239 0.00077044910323034374 0.070763009394299373
68 8.8697877068058109 0.00083947830513783953 0.073914897556715084
69 9.2532835973102951 0.00091192642619842223 0.077110696644252463
70 9.6410217085408103 0.00098736463602462502 0.080341847571173422
71 10.031576875372235 0.0010651521499798074 0.083596473961435283
72 10.423066569992439 0.0011444238069361987 0.08685888808327033
73 10.813128014716995 0.0012241053858471501 0.090109400122641625
74 11.198947175185282 0.0013029613801724053 0.093324559793210679
75 11.577348038934792 0.0013796732714922201 0.096477900324456606
76 11.944939823123613 0.0014529386257462168 0.099541165192696776
77 12.2983079112804 0.0015215756785345732 0.10248589926067
78 12.634224689036794 0.0015846158219059859 0.10528520574197328
79 12.94985193902941 0.001641369765201026 0.10791543282524509
80 13.242908268325349 0.0016914580633683683 0.11035756890271124
81 13.511782131369921 0.0017348066853286452 0.11259818442808268
82 13.75558159529292 0.001771611599847459 0.114629846627441
83 13.97412234233936 0.0018022838610461354 0.11645101951949467
84 14.167864118650856 0.001827385554622945 0.11806553432209047
85 14.337810709110128 0.0018475664571595317 0.11948175590925107
86 14.48538982967102 0.0018635085267288754 0.12071158191392516
87 14.612328015434166 0.0018758817688705773 0.12176940012861805
88 14.720532186074676 0.0018853129072064659 0.1226711015506223
89 14.81198580279213 0.0018923658990925292 0.12343321502326775
90 14.888663800532473 0.0018975322156785696 0.12407219833777061
91 14.952467498804429 0.001901228772678382 0.12460389582337024
92 15.005178533616995 0.0019038009967316666 0.1250431544468083
93 15.048429525424082 0.0019055290703487032 0.12540357937853402
94 15.083688627561493 0.0019066359119963253 0.12569740522967912
95 15.112254886732385 0.0019072956389643524 0.12593545738943654
96 15.135261602176069 0.0019076418172211999 0.12612718001813392
97 15.153685205424324 0.0019077750514595289 0.12628071004520269
98 15.16835762560248 0.0019077696659725353 0.126402980213354
99 15.179980539409121 0.001907679454921304 0.12649983782840934
100 15.189140310906719 0.001907542217360503 0.12657616925755599
101 15.196322810463997 0.001907384175946613 0.12663602342053332
102 15.201927434905139 0.0019072223251786256 0.12668272862420948
103 15.206280053067967 0.0019070673778094353 0.12671900044223305
104 15.209644679443025 0.001906925481491387 0.12674703899535855
105 15.212233790859919 0.0019067996606512232 0.12676861492383265
106 15.214217321224375 0.0019066907664358761 0.12678514434353647
107 15.215730328194759 0.0019065983698197003 0.12679775273495633
108 15.216879537160919 0.0019065212403381389 0.12680732947634099
109 15.217748802986995 0.0019064577503569895 0.12681457335822496
110 15.218403649647239 0.0019064061143618885 0.126820030413727
111 15.218895007377837 0.0019063645761052328 0.12682412506148197
112 15.219262259383033 0.0019063314844116515 0.12682718549485861
113 15.21953570788045 0.0019063053489407258 0.12682946423233707
114 15.219738554769149 0.0019062848756811754 0.12683115462307623
115 15.219888481330855 0.0019062689582420623 0.12683240401109047
116 15.219998899896131 0.0019062566690863907 0.12683332416580109
117 15.22007993898354 0.0019062472429445482 0.12683399949152949
118 15.220139213950814 0.0019062400572181901 0.12683449344959011
119 15.220182429907791 0.0019062345995637226 0.12683485358256491
120 15.220213826628269 0.0019062304757033451 0.12683511522190224
121 15.220236564317247 0.0019062274146226276 0.12683530470264373
122 15.22025298701808 0.0019062251040159537 0.126835441558484
123 15.220264809536941 0.001906223416292924 0.12683554007947451
124 15.220273300337594 0.0019062221590945296 0.12683561083614661
125 15.220279381311942 0.0019062211654495046 0.12683566151093284
126 15.220283720636917 0.0019062205449827641 0.12683569767197431
127 15.220286819056559 0.0019062200270188565 0.12683572349213798
128 15.220289015850273 0.0019062196964060646 0.12683574179875229
129 15.220290575482407 0.0019062194322548233 0.12683575479568673
130 15.220291672804313 0.0019062192409097433 0.12683576394003596
131 15.220292448454495 0.0019062191098257941 0.12683577040378746
132 15.2202929940619 0.001906219021075973 0.12683577495051584
133 15.220293375965225 0.0019062189524715731 0.12683577813304353
134 15.220293642652745 0.0019062189042421184 0.12683578035543955
135 15.22029382839113 0.0019062188696477086 0.12683578190325942
136 15.220293957446257 0.0019062188450213154 0.12683578297871881
137 15.220294046897164 0.0019062188277892361 0.12683578372414303
138 15.220294108748847 0.0019062188155567238 0.12683578423957373
139 15.220294151423504 0.0019062188069944681 0.12683578459519587
140 15.220294180802286 0.0019062188010810237 0.12683578484001906
141 15.22029420099221 0.0019062187969369597 0.12683578500826842
142 15.22029421483658 0.0019062187940374195 0.12683578512363816
143 15.220294224311882 0.0019062187920366558 0.12683578520259903
144 15.220294230786351 0.0019062187906496518 0.12683578525655292
145 15.220294235224173 0.001906218789685157 0.12683578529353479
146 15.220294238238644 0.0019062187890389543 0.12683578531865536
147 15.220294240300129 0.001906218788576248 0.12683578533583442
148 15.22029424168252 0.0019062187882909021 0.12683578534735435
149 15.220294242626249 0.0019062187880482485 0.12683578535521875
150 14.760625677451042 0.0018809606430743367 0.12300521397875869
151 14.312151600269011 0.0018535423085410145 0.11926793000224176
152 13.874780362462955 0.0018241980469465501 0.11562316968719129
153 13.448413589275171 0.0017931514503113232 0.11207011324395975
154 13.032946235765824 0.0017606154342328514 0.10860788529804853
155 12.628266672068236 0.0017267922229222306 0.10523555560056863
156 12.234256791164174 0.0016918733381428382 0.10195213992636812
157 11.850792135917038 0.0016560395722317065 0.09875660113264198
158 11.477742076769207 0.0016194615099465819 0.09564785063974339
159 11.114969964986646 0.0015822987392971959 0.092624749708222043
160 10.762333349595449 0.0015447010251798711 0.089686111246628744
161 10.41968425064556 0.0015068075405973926 0.086830702088712991
162 10.086869302086267 0.0014687479618560367 0.084057244184052221
163 9.7637301943685646 0.0014306417547216416 0.081364418286404699
164 9.4501037894057216 0.0013925993019327561 0.078750864911714347
165 9.1458225864483147 0.0013547218636500876 0.076215188220402616
166 8.8507149534202565 0.0013171012190523379 0.073755957945168801
167 8.5646055222863069 0.0012798210731096858 0.071371712685719221
168 8.2873155515730126 0.0012429568503042655 0.069060962929775108
169 8.0186632631114154 0.0012065759532545661 0.066822193859261789
170 7.7584642706998599 0.0011707382329866442 0.064653868922498831
171 7.5065319316460828 0.0011354964607997095 0.06255443276371736
172 7.2626777447566049 0.0011008966238725806 0.060522314539638376
173 7.0267117429160306 0.0010669782737441724 0.058555931190966921
174 6.7984428806206854 0.0010337750144202888 0.056653690671839042
175 6.5776794191713206 0.0010013147982477293 0.054813995159761007
176 6.3642293077010077 0.00096962038183394416 0.05303524423084173
177 6.1579005524984671 0.00093870967272802316 0.051315837937487223
178 5.9585015818808538 0.00090859594021394489 0.049654179849007114
179 5.7658415785996882 0.00087928867544697503 0.048048679821664067
180 5.5797308265604268 0.00085079334673102244 0.046497756888003554
181 5.3999810342450925 0.00082311198841332153 0.044999841952042437
182 5.2264056266016237 0.00079624362060231734 0.043553380221680198
183 5.0588200210503738 0.00077018443407301834 0.042156833508753114
184 4.8970418978262131 0.00074492821129604236 0.040808682481885107
185 4.7408914480468916 0.00072046648359766919 0.0395074287337241
186 4.5901915942002116 0.00069678875577370734 0.038251596618335097
187 4.4447681996645718 0.00067388292681848665 0.037039734997204768
188 4.3044502433191072 0.00065173540083377749 0.035870418694325897
189 4.1690699930224957 0.00063033139991373855 0.034742249941854132
190 4.0384631390255317 0.00060965494545207736 0.033653859491879427
191 3.9124689283022969 0.00058968929661158166 0.032603907735852471
192 3.7909302664865145 0.00057041700589143169 0.031591085554054286
193 3.6736938045448264 0.00055182005420825807 0.030614115037873552
194 3.5606100102869909 0.0005338800214109297 0.029671750085724924
195 3.4515332218116281 0.00051657820523950352 0.028762776848430236
196 3.346321639923727 0.00049989569288796086 0.027886013666031058
197 3.2448375318960911 0.00048381360733181731 0.02704031276580076
198 3.146946974770648 0.00046831294446965361 0.026224558123088732
199 3.0525199913821961 0.0004533749438460388 0.025437666594851634
200 2.9614306325619668 0.00043898077708436881 0.024678588604683058
201 2.8735567140309071 0.00042511210686954089 0.023946305950257558
202 2.788780040868303 0.00041175074575097519 0.023239833673902525
203 2.7069861430363478 0.00039887882884988751 0.02255821785863623
204 2.6280643288761549 0.0003864788380542704 0.021900536073967958
205 2.5519076796139486 0.0003745336997898126 0.021265897330116239
206 2.4784128553352729 0.00036302665847506182 0.020653440461127274
207 2.4074800970903301 0.00035194145823745361 0.020062334142419418
208 2.3390131896449007 0.00034126227176288189 0.019491776580374171
209 2.2729192821934712 0.00033097376628308579 0.018940994018278926
210 2.2091089093199332 0.00032106091030707925 0.018409240910999443
211 2.1474958205826886 0.00031150930808978802 0.017895798504855738
212 2.0879969713780895 0.00030230512014474918 0.017399974761484079
213 2.0305323644241833 0.00029343477169207658 0.016921103036868192
214 1.9750250195170611 0.00028488512446594061 0.016458541829308844
215 1.921400841904559 0.00027664369009599741 0.016011673682537992
216 1.8695885667613623 0.0002686983446628241 0.015579904723011352
217 1.819519641608339 0.00026103743489779105 0.015162663680069492
218 1.7711281557732843 0.00025364963833474476 0.014759401298110703
219 1.7243507479863982 0.00024652420779243563 0.014369589566553318
220 1.6791265178822548 0.00023965071921340657 0.013992720982352123
221 1.6353969441156331 0.0002330192402417001 0.013628307867630276
222 1.5931057977727563 0.00022662016891217016 0.013275881648106303
223 1.5521990554173954 0.00022044418242612163 0.012934992128478295
224 1.5126248328415082 0.00021448248687091646 0.012605206940345901
225 1.4743332918308816 0.00020872671048343129 0.012286110765257346
226 1.4372765730739081 0.00020316864930394217 0.011977304775615901
227 1.4014087108289723 0.00019780039947208587 0.01167840592357477
228 1.3666855704526362 0.00019261460763075633 0.011389046420438635
229 1.3330647788521919 0.00018760406174505795 0.011108873157101599
230 1.3005056423661454 0.00018276183257786568 0.010837547019717878
231 1.268969094165703 0.00017808143951818345 0.010574742451380858
232 1.2384176293504969 0.00017355654658458342 0.01032014691125414
233 1.2088152259077385 0.00016918098802147237 0.010073460215897822
234 1.1801273136058315 0.00016494904329507294 0.0098343942800485952
235 1.1523206896825922 0.00016085522758904218 0.0096026724140216013
236 1.125363473722879 0.00015689417083683042 0.0093780289476906586
237 1.099225057788312 0.00015306076999174512 0.0091602088149025998
238 1.0738760521423338 0.00014935017008878154 0.0089489671011861154
239 1.0492882251604219 0.0001457576158354225 0.0087440685430035161
240 1.0254344692766404 0.00014227877930403311 0.0085452872439720027
241 1.0022887532068556 0.00013890930615735814 0.0083524062767237964
242 0.97982606484397194 0.00013564498518918282 0.0081652172070330997
243 0.95802238599085354 0.00013248207163940687 0.007983519883257113
244 0.93685463574551409 0.00012941658228028417 0.0078071219645459511
245 0.91630064718477255 0.00012644510823788888 0.0076358387265397709
246 0.89633911262182953 0.00012356401561511722 0.0074694926051819127
247 0.87694956372937061 0.00012077009589793334 0.0073079130310780881
248 0.85811232396127235 0.00011806008248652078 0.007150936033010603
249 0.83980848543831643 0.00011543105259045974 0.0069984040453193036
250 0.82201986695994678 0.0001128798851549297 0.0068501655579995564
251 0.80472899530032138 0.00011040396001603195 0.0067060749608360117
252 0.78791906586994143 0.00010800050917170948 0.0065659922155828455
253 0.77157391909964046 0.00010566691590222703 0.0064297826591636709
254 0.75567801557710279 0.00010340078524646311 0.0062973167964758565
255 0.74021640562234403 0.00010119967770562742 0.0061684700468528668
256 0.72517470913079807 9.9061345032465021e-05 0.0060431225760899836
257 0.71053908959244205 9.6983594001456844e-05 0.0059211590799370167
258 0.69629623241642435 9.4964322237638734e-05 0.0058024686034702034
259 0.68243332343921848 9.3001514525949326e-05 0.0056869443619934875
260 0.66893802819868098 9.1093234390449626e-05 0.0055744835683223413
261 0.65579847236675348 8.9237625187535909e-05 0.0054649872697229455
262 0.64300322276004618 8.7432899838978299e-05 0.0053583601896670515
263 0.6305412693757364 8.567734222608139e-05 0.0052545105781311363
264 0.61840200812383028 8.3969304122613833e-05 0.0051533500676985856
265 0.60657522430411748 8.2307201173218e-05 0.0050547935358676455
266 0.59505107680244695 8.068951033711187e-05 0.0049587589733537246
267 0.58382008296498045 7.9114767335080406e-05 0.0048651673580415037
268 0.57287310412574888 7.7581564157171921e-05 0.0047739425343812404
269 0.56220133175697573 7.6088546649208762e-05 0.0046850110979747978
270 0.55179627421421895 7.463441216700695e-05 0.0045983022851184916
271 0.54164974405195521 7.3217907394343339e-05 0.0045137478670996267
272 0.53175384588354324 7.1837826260684625e-05 0.0044312820490295269
273 0.5221009647611935 7.0493007946070957e-05 0.0043508413730099461
274 0.51268375505355024 6.9182334981437882e-05 0.0042723646254462519
275 0.5034951297984821 6.7904731426383875e-05 0.0041957927483206843
276 0.49452825051021615 6.6659161129818933e-05 0.0041210687542518011
277 0.48577651742067679 6.5444626071636081e-05 0.0040481376451723065
278 0.47723356013571677 6.4260164781438601e-05 0.0039769463344643064
279 0.46889322868780153 6.3104850828621449e-05 0.0039074435723983458
280 0.46074958496751228 6.1977791379820284e-05 0.0038395798747292691
281 0.45279689451708893 6.0878125820903788e-05 0.0037733074543090744
282 0.44502961866990065 5.9805024440671134e-05 0.0037085801555825056
283 0.43744240702050374 5.8757687173701676e-05 0.0036453533918375312
284 0.43003009021059924 5.7735342399175644e-05 0.0035835840850883269
285 0.42278767301688469 5.6737245793109603e-05 0.003523230608474039
286 0.41571032772742056 5.5762679231560549e-05 0.0034642527310618379
287 0.40879338779374119 5.4810949742221675e-05 0.0034066115649478432
288 0.40203234174650632 5.3881388502235422e-05 0.0033502695145542194
289 0.39542282736306034 5.2973349880044976e-05 0.0032951902280255029
290 0.38896062607578186 5.2086210519179484e-05 0.0032413385506315155
291 0.38264165761061719 5.1219368462051172e-05 0.0031886804800884765
292 0.37646197484566912 5.0372242311863179e-05 0.0031371831237139093
293 0.37041775888018386 4.954427043083945e-05 0.0030868146573348656
294 0.36450531430471106 4.8734910173081988e-05 0.0030375442858725922
295 0.35872106466363157 4.7943637150450637e-05 0.0029893422055302632
296 0.35306154810165474 4.716994452993681e-05 0.0029421795675137895
297 0.34752341318626767 4.6413342361052069e-05 0.0028960284432188971
298 0.34210341489848134 4.5673356931870543e-05 0.0028508617908206777
299 0.33679841078457606 4.49495301523802e-05 0.0028066534232048007
300 0.33160535726187368 4.4241418963905329e-05 0.0027633779771822809
301 0.32652130607184743 4.3548594773386321e-05 0.0027210108839320619
302 0.32154340087427674 4.287064291139746e-05 0.0026795283406189727
303 0.31666887397635601 4.2207162112807618e-05 0.0026389072831363002
304 0.31189504319096595 4.1557764019061865e-05 0.0025991253599247162
305 0.30721930881858567 4.0922072701095055e-05 0.0025601609068215472
306 0.30263915074756897 4.0299724201953887e-05 0.002521992922896408
307 0.29815212566774829 3.9690366098238728e-05 0.0024846010472312358
308 0.2937558643925573 3.9093657079509923e-05 0.0024479655366046443
309 0.28944806928507799 3.8509266544863411e-05 0.0024120672440423167
310 0.28522651178362601 3.7936874215912447e-05 0.0023768875981968834
311 0.2810890300226882 3.7376169765429039e-05 0.0023424085835224017
312 0.27703352654520352 3.6826852460975733e-05 0.0023086127212100294
313 0.27305796610237432 3.6288630822833974e-05 0.0022754830508531195
314 0.26916037353735978 3.5761222295631506e-05 0.0022430031128113314
315 0.26533883174932166 3.5244352933047225e-05 0.002211156931244347
316 0.26159147973454083 3.4737757095027875e-05 0.0021799289977878404
317 0.25791651070140409 3.4241177156965007e-05 0.0021493042558450343
318 0.25431217025620401 3.3754363230327939e-05 0.0021192680854683669
319 0.25077675465684934 3.3277072894237548e-05 0.0020898062888070777
320 0.24730860913170197 3.2809070937520049e-05 0.0020609050760975163
321 0.24390612626087824 3.2350129110796212e-05 0.0020325510521739852
322 0.24056774441747764 3.1900025888157831e-05 0.0020047312034789802
323 0.23729194626630196 3.1458546238040086e-05 0.0019774328855525162
324 0.23407725731774126 3.102548140289067e-05 0.0019506438109811771
325 0.23092224453460625 3.0600628687265819e-05 0.0019243520377883853
326 0.22782551498977405 3.0183791253989086e-05 0.0018985459582481171
327 0.22478571457259094 2.977477792805467e-05 0.0018732142881049245
328 0.22180152674213349 2.9373403007922093e-05 0.0018483460561844458
329 0.21887167132542784 2.8979486083923077e-05 0.0018239305943785653
330 0.21599490335885485 2.859285186345623e-05 0.0017999575279904572
331 0.21317001197102753 2.8213330002716982e-05 0.0017764167664252293
332 0.21039581930551224 2.7840754944667467e-05 0.001753298494212602
333 0.20767117948182631 2.7474965763009716e-05 0.0017305931623485527
334 0.20499497759321547 2.7115806011900212e-05 0.0017082914799434622
335 0.20236612873978027 2.6763123581185017e-05 0.0016863844061648357
336 0.19978357709556194 2.6416770556924182e-05 0.0016648631424630161
337 0.19724629500827845 2.6076603086990472e-05 0.0016437191250689872
338 0.19475328213046836 2.5742481251538906e-05 0.001622944017753903
339 0.19230356458081357 2.5414268938154479e-05 0.001602529704840113
340 0.18989619413448955 2.5091833721485679e-05 0.0015824682844540795
341 0.18753024744143143 2.4775046747187294e-05 0.0015627520620119285
342 0.18520482527145504 2.4463782620002868e-05 0.001543373543928792
343 0.18291905178521325 2.4157919295819314e-05 0.0015243254315434438
344 0.18067207383001674 2.3857337977539566e-05 0.0015056006152501394
345 0.17846306025955067 2.3561923014623958e-05 0.0014871921688295888
346 0.17629120127663211 2.3271561806156244e-05 0.0014690933439719344
347 0.17415570779812678 2.2986144707289171e-05 0.0014512975649843898
348 0.17205581084119381 2.2705564938955348e-05 0.0014337984236766151
349 0.1699907609300714 2.2429718500697712e-05 0.0014165896744172616
350 0.16795982752263858 2.2158504086516327e-05 0.0013996652293553214
