25 0.0 0.0 0.0
26 0.0 0.0 0.0
27 0.0 0.0 0.0
28 0.0 0.0 0.0
29 0.0 0.0 0.0
30 0.017714194754518849 9.374430453946189e-08 0.00015012029452982076
31 0.058762185568191058 6.5475931036728434e-07 0.00049798462345924629
32 0.11723989214234755 2.1901697279549913e-06 0.00099355840798599619
33 0.19088188407164436 5.2953755679510716e-06 0.0016176430853529183
34 0.27833623438403604 1.0639282031288522e-05 0.0023587816473223393
35 0.3786790319254621 1.8957508093185203e-05 0.0032091443383513735
36 0.4912325027474595 3.1049125657412549e-05 0.0041629873114191482
37 0.61547771598944245 4.7775418204551524e-05 0.0052159128473681562
38 0.75100631755699943 7.0059958842557789e-05 0.0063644603182796558
39 0.89749122392031766 9.8889642269909235e-05 0.0076058578298332001
40 1.0546675940914858 0.00013531646027801014 0.0089378609668769992
41 1.2223198355371774 0.00018045989566731481 0.010358642674043876
42 1.400272374844175 0.00023550985809427403 0.01186671504105233
43 1.5883828922565626 0.00030173011152056709 0.013460871968275953
44 1.7865372354803357 0.00038046217023546605 0.015140146063392675
45 1.9946455139838939 0.00047312964472646582 0.016903775542236391
46 2.2126390470155255 0.00058124303090505982 0.018751178364538351
47 2.440467945210433 0.00070640494680860352 0.020681931739071464
48 2.6780991709491264 0.00085031581993803135 0.022695755686009546
49 2.9255149674275072 0.0010147800336013485 0.024792499723961924
50 3.1827115776372077 0.0012017125475446556 0.02697213201387464
51 3.449698192990184 0.0014131460035135171 0.029234730449069355
52 3.726496088419629 0.0016512383359537058 0.031580475325590079
53 4.0131379086981491 0.0019182808989135565 0.034009643294052108
54 4.3096670796334546 0.0022167071172984119 0.036522602369775038
55 4.6161373208878214 0.0025491016326221897 0.039119807804134078
56 4.9326122346854593 0.0029182097884576362 0.041801798599029313
57 5.2591649284428375 0.003326946936744644 0.044569194308837608
58 5.5958775816400514 0.0037784060942369457 0.047422691369830947
59 5.942840751952688 0.0042758602770755572 0.050363057219938036
60 6.3001519717812524 0.0048227513639744115 0.053391118404925865
61 6.6679127312490056 0.005422649386119094 0.056507735010584793
62 7.0462222036927775 0.0060791543624391427 0.059713747488921845
63 7.4351650259782716 0.0067956989197180649 0.06300987310151078
64 7.8347892670052497 0.0075752002327473585 0.066396519211908894
65 8.2450698138306429 0.008419515158347133 0.069873472998564765
66 8.6658524663160144 0.0093286860343348744 0.073439427680644195
67 9.0967758693604246 0.010300033752744639 0.077091320926783266
68 9.5371725721517873 0.011327249606558915 0.080823496374167692
69 9.9859568230429154 0.012399724343709163 0.084626752737651828
70 10.44151399157257 0.013502382021334381 0.088487406708242122
71 10.901612656811915 0.014616217814489742 0.092386547939084032
72 11.363362958801003 0.015719573183012481 0.096299686091533929
73 11.823241953836579 0.01678997348789843 0.10019696571047948
74 12.277197937293858 0.017806186513216263 0.10404405031604964
75 12.720832346162368 0.018750103227279113 0.10780366395052854
76 13.14964285528845 0.019608110308549215 0.11143765131600382
77 13.559298514663903 0.020371777157947302 0.11490930944630426
78 13.945910774083924 0.021037852701539017 0.11818568452613494
79 14.306264920317266 0.02160770224493563 0.12123953322302768
80 14.637984544439092 0.022086385068039355 0.12405071647829739
81 14.939614278234098 0.022481581410029362 0.12660690066300082
82 15.210620651047465 0.022802539524574041 0.12890356483938531
83 15.45132191990489 0.023059161214037144 0.13094340610088889
84 15.662766193988983 0.023261283222873248 0.13273530672872019
85 15.846579406408088 0.023418169244207001 0.1342930458170177
86 16.004803465670374 0.023538193921118996 0.13563392767517266
87 16.139740955975114 0.023628684815116575 0.13677746572860267
88 16.253817615620747 0.023695882699716932 0.13774421708153176
89 16.349468796190571 0.023744982794224389 0.13855482030669974
90 16.429051962759935 0.023780224989908717 0.13922925392169436
91 16.494784233596906 0.023805009193628067 0.13978630706438055
92 16.548702112585726 0.023822018371176593 0.14024323824225191
93 16.592639631627659 0.023833338244220403 0.14061559009853949
94 16.628220903701639 0.023840566992393057 0.14091712630255626
95 16.656863314319217 0.023844911794889151 0.14115985859592556
96 16.679788073267755 0.023847271182558038 0.14135413621413351
97 16.698035423510643 0.023848303644263102 0.14150877477551391
98 16.712482394130632 0.023848483413114047 0.14163120672992061
99 16.723861517282163 0.023848145659985366 0.1417276399769675
100 16.732779391606606 0.023847521784782492 0.14180321518310682
101 16.739734356751157 0.023846766800569956 0.14186215556568776
102 16.745132707490875 0.023845981000857483 0.14190790430077013
103 16.749303450548467 0.023845225627582074 0.14194324958091922
104 16.75251117458971 0.023844535094467566 0.14197043368296364
105 16.754967326523609 0.023843925599309281 0.14199124852986109
106 16.756839871280338 0.023843401612327571 0.14200711755322321
107 16.758261434969945 0.023842960477589353 0.14201916470313514
108 16.759336158667349 0.023842595392025569 0.14202827253107922
109 16.76014536909226 0.023842297590507204 0.14203513024654457
110 16.760752244244973 0.023842057660534127 0.14204027325631333
111 16.761205606681592 0.023841866491748364 0.14204411531086095
112 16.76154300083822 0.023841715651213232 0.14204697458337476
113 16.761793157233576 0.023841597681928946 0.14204909455282691
114 16.761977957923822 0.02384150616962397 0.14205066066037136
115 16.762113992499458 0.023841435707047283 0.14205181349575813
116 16.76221378197576 0.023841381827387285 0.14205265916928611
117 16.762286750256671 0.023841340686376757 0.14205327754454805
118 16.762339882328696 0.023841309840342946 0.14205372781634487
119 16.762378484764248 0.023841286610524596 0.14205405495562923
120 16.762406418194992 0.023841269309304126 0.14205429167961858
121 16.762426586703249 0.023841256474440388 0.14205446259918009
122 16.76244110682028 0.023841246960352194 0.14205458565101933
123 16.762451523041225 0.023841239972988246 0.14205467392407817
124 16.762458979814209 0.023841234859055677 0.14205473711706956
125 16.762464303306345 0.023841231115259282 0.14205478223140972
126 16.762468092239157 0.023841228403809069 0.14205481434100981
127 16.762470784268125 0.023841226443652268 0.14205483715481462
128 16.762472692943799 0.023841225012278235 0.1420548533300322
129 16.762474039502148 0.023841223989306028 0.14205486474154363
130 16.762474990388583 0.023841223271875305 0.14205487279990325
131 16.762475657917424 0.023841222736053953 0.14205487845692732
132 16.762476127140737 0.023841222370968612 0.14205488243339606
133 16.762476455639234 0.023841222106414404 0.14205488521728166
134 16.762476685661969 0.023841221925912044 0.14205488716662687
135 16.762476846409015 0.023841221789587263 0.14205488852888995
136 16.76247695782331 0.023841221700771624 0.1420548894730789
137 16.762477035412211 0.023841221634131108 0.14205489013061195
138 16.762477089323692 0.023841221588001608 0.14205489058748891
139 16.762477126758149 0.02384122155619104 0.14205489090473009
140 16.762477152491869 0.023841221533182803 0.14205489112281244
141 16.762477170286267 0.023841221518453252 0.14205489127361243
142 16.762477182405604 0.023841221508046483 0.14205489137631869
143 16.762477190770841 0.023841221500918476 0.14205489144721051
144 16.762477196534057 0.023841221496310776 0.14205489149605133
145 16.762477200474169 0.02384122149293413 0.14205489152944212
146 16.762477203155097 0.023841221490443182 0.14205489155216183
147 16.762477204975973 0.023841221488771051 0.14205489156759299
148 16.762477206210885 0.023841221487609466 0.14205489157805834
149 16.762477207059419 0.023841221486683297 0.14205489158524931
150 16.287800401376778 0.0235768735487886 0.13803220679132863
151 15.821855708766378 0.02327715443823666 0.13408352295564727
152 15.364793587191167 0.02294531384759509 0.13021011514568787
153 14.916747890466429 0.022584551420279021 0.1264131177158172
154 14.477835671741504 0.022197998237471529 0.12269352264187715
155 14.048157062652145 0.021788700457005018 0.11905217849705207
156 13.62779522668848 0.021359604897693996 0.11548979005668204
157 13.216816388841194 0.020913546605037022 0.11200691854950164
158 12.815269940519398 0.020453238252993701 0.10860398254677456
159 12.423188619267659 0.019981261356851174 0.10528125948531915
160 12.040588759407367 0.019500059163242826 0.10203888779158786
161 11.667470626069276 0.019011931665360082 0.098876869712451493
162 11.303818791934074 0.018519031252746652 0.095795074507915884
163 10.949602607430577 0.018023361038076353 0.092793242435852352
164 10.604776711474919 0.017526773747858711 0.089870989080295921
165 10.26928161393379 0.017030972594616091 0.087027810287574489
166 9.9430443159545501 0.016537512861966041 0.084263087423343638
167 9.6259789817065489 0.016047804719054121 0.081576093065309732
168 9.3179876506339383 0.015563117211318509 0.078965997039270666
169 9.0189609815601965 0.015084582859203912 0.076431872725086406
170 8.7287790269818561 0.01461320331879051 0.073972703618490301
171 8.4473120160060162 0.014149854833314842 0.071587389966152673
172 8.1744211709474843 0.013695295268515041 0.069274755685995629
173 7.9099595142147328 0.013250170679471991 0.067033555205209594
174 7.6537726864649347 0.012815022513992743 0.064862480393770627
175 7.405699757269157 0.012390294720704046 0.062760167434484385
176 7.1655740218789798 0.011976340955877662 0.060725203575245593
177 6.9332237916770874 0.011573431959357469 0.058756133827771929
178 6.7084731610782526 0.011181762737612601 0.056851467466764852
179 6.4911427469332157 0.010801459303013601 0.055009684296044199
180 6.2810504004757135 0.01043258545234876 0.053229240681997574
181 6.0780118985252996 0.01007514931445188 0.051508575411231355
182 5.881841586423973 0.0097291093339173119 0.049846115139186215
183 5.6923529961666164 0.0093943801943376683 0.048240279628530648
184 5.5093594268643198 0.0090708382464925238 0.04668948666834169
185 5.3326744736866694 0.0087583265572160566 0.045192156556666689
186 5.1621125387501587 0.0084566596354194844 0.04374671643008609
187 4.9974892854812136 0.0081656279441692965 0.042351604114247571
188 4.8386220603845613 0.0078850016131162739 0.04100527169817425
189 4.6853302783052664 0.0076145343027278585 0.03970618879919717
190 4.5374357662017442 0.007353966436851724 0.038452845476285968
191 4.394763070068862 0.0071030281624065057 0.037243754831092053
192 4.2571397278833292 0.006861441991206663 0.036077455321045164
193 4.1243965092413966 0.0066289253075008372 0.034952512790181328
194 3.9963676185581112 0.0064051922991612952 0.033867522191170431
195 3.8728908724872739 0.0061899559018906633 0.0328211090888752
196 3.7538078444744025 0.0059829294047130839 0.031811930885376295
197 3.6389639841364341 0.0057838278365418428 0.030838677831664694
198 3.5282087106905551 0.0055923691795129304 0.029900073819411482
199 3.4213954834029154 0.0054082753880251508 0.028994876977990809
200 3.3183818499244024 0.0052312732340914362 0.028121880084105107
201 3.2190294762370426 0.0050610950689667583 0.027279910815568159
202 3.1232041566672901 0.0048974793452431923 0.026467831836163476
203 3.0307758098220532 0.0047401711319371284 0.025684540761203842
204 2.9416184590058649 0.0045889224786290674 0.024928969991575126
205 2.8556101995034031 0.0044434926707245907 0.024200086436469519
206 2.7726331546392582 0.004303648428170004 0.023496891141010664
207 2.692573421923083 0.0041691640387757807 0.022818418829856635
208 2.6153210102487958 0.0040398214144935513 0.022163737374989795
209 2.5407697696072988 0.0039154101092886808 0.021531947200061855
210 2.4688173142233425 0.003795727281698108 0.020922180629011376
211 2.3993649316387873 0.003680577803833707 0.020333601115582942
212 2.3323175324795207 0.0035697734472929766 0.019765402817623057
213 2.2675835032491944 0.0034631337889899734 0.019216809349569444
214 2.2050746493518232 0.0033604855609855313 0.018687073299591721
215 2.1447061071190072 0.0032616620540906753 0.018175475484059383
216 2.0863962185589773 0.0031665037515897303 0.017681323886093028
217 2.030066454764095 0.0030748576172022332 0.01720395300647538
218 1.9756413122847205 0.0029865771226053506 0.016742722985463733
219 1.9230482174241905 0.0029015216209203037 0.016297018791730428
220 1.8722174257965418 0.0028195567669670233 0.015866249371157135
221 1.8230819303873833 0.002740553951479784 0.015449846867689689
222 1.7755773608113599 0.0026643899430751658 0.015047265769587795
223 1.7296418983720676 0.0025909470943062964 0.014657982189593794
224 1.6852161717392289 0.0025201126543006685 0.014281492980840922
225 1.6422431833434621 0.0024517790664857642 0.013917315113080187
226 1.6006682018825271 0.0023858433134894136 0.013564984761716331
227 1.5604386943691499 0.0023222070300613924 0.013224056731941949
228 1.5215042349817627 0.0022607761969541769 0.012894103686286124
229 1.4838164140241161 0.0022014608850483815 0.012574715373085729
230 1.4473287766623653 0.0021441752116840248 0.012265498107308179
231 1.4119967383200271 0.0020888371328045777 0.011966074053559553
232 1.3777774977699346 0.0020353681028353362 0.011676080489575717
233 1.3446299887105564 0.0019836932159028155 0.011395169395852172
234 1.3125147970920097 0.0019337408137583166 0.011123006755017031
235 1.2813940859502029 0.0018854424389646417 0.010859271914832228
236 1.2512315488454446 0.0018387326121929494 0.010603657193605462
237 1.2219923394766021 0.001793548818052287 0.010355867283700018
238 1.193642998839002 0.0017498311655190443 0.010115618634228831
239 1.1661514211539223 0.0017075225443855921 0.0098826391623213754
240 1.1394867815812115 0.0016665682770961488 0.0096566676405187412
241 1.1136194903787568 0.0016269160905970663 0.0094374533082945498
242 1.088521129122535 0.0015885159862072766 0.0092247553315469057
243 1.0641644197595124 0.0015513201398622573 0.0090183425403348502
244 1.0405231679425937 0.0015152828202089918 0.0088179929486660487
245 1.0175722083474656 0.0014803602253607696 0.0086234932910802167
246 0.99528738221057267 0.0014465104721151634 0.0084346388322929892
247 0.97364547343429386 0.0014136935300454239 0.0082512328257143552
248 0.95262418530206572 0.0013818709741195011 0.0080730863161192004
249 0.93220209631293316 0.0013510060889546354 0.0079000177653638405
250 0.91235861425333409 0.0013210636542729261 0.0077318526631638485
251 0.89307396004158168 0.0012920099914357688 0.0075684233901828959
252 0.87432911669953872 0.0012638128905013508 0.0074095687855893115
253 0.85610580146649873 0.0012364413163654044 0.0072551339107330397
254 0.83838644620273184 0.0012098656972279478 0.0071049698830739985
255 0.82115414893112815 0.0011840576082471756 0.0069589334655180352
256 0.80439266218798255 0.0011589898313417496 0.0068168869676947675
257 0.78808635849515629 0.0011346362420814914 0.0066786979533487818
258 0.77222019990853752 0.0011109718205690494 0.0065442389822757416
259 0.75677972555166606 0.001087972537204167 0.0064133875046751363
260 0.74175101468193083 0.0010656152980651631 0.0062860255481519559
261 0.72712067229367727 0.0010438780649182188 0.0061620395957091298
262 0.7128758087040783 0.0010227395846380551 0.0060413204127464266
263 0.69900400861364487 0.0010021794269841891 0.0059237627848613972
264 0.68549332541386221 0.00098217804432516854 0.0058092654696090019
265 0.67233224940239689 0.0009627166978125667 0.0056977309271389566
266 0.65950969969287976 0.00094377730438635263 0.0055890652516345741
267 0.64701499650407812 0.00092534246594235784 0.0054831779364752382
268 0.63483785696977246 0.00090739554159209601 0.0053799818387268855
269 0.62296836905453079 0.00088992056187055517 0.0052793929580892442
270 0.61139697821840278 0.00087290203257684123 0.0051813303238847693
271 0.60011447993972411 0.00085632516887882955 0.0050857159316925775
272 0.58911199607052311 0.00084017575775945238 0.0049924745429705351
273 0.57838096965980268 0.00082444006762150243 0.0049015336411847681
274 0.56791314520603342 0.00080910487230179248 0.0048128232644579104
275 0.55770056264531309 0.00079415754786997376 0.0047262759546212972
276 0.54773554070914288 0.0007795857852421794 0.0046418266161791771
277 0.53801067091625931 0.00076537792092458477 0.0045594124653920284
278 0.52851880118074956 0.00075152252586318787 0.0044789728913622847
279 0.5192530311447191 0.00073800876835326433 0.0044004494164806701
280 0.51020669773537863 0.00072482606948510975 0.0043237855740286329
281 0.50137336943090249 0.00071196434253798153 0.0042489268595839198
282 0.49274683472542247 0.00069941379518534007 0.0041758206332662921
283 0.48432109491208514 0.00068716505034154441 0.0041044160585769927
284 0.47609035694524415 0.00067520902326072068 0.0040346640419088491
285 0.46804902095930612 0.00066353692035108381 0.0039665171267737808
286 0.46019167972016795 0.00065214032663410784 0.0038999294891539655
287 0.45251310578910953 0.00064101113450919841 0.0038348568287212672
288 0.44500824595870137 0.00063014143869315122 0.0037712563216839097
289 0.4376722162658897 0.00061952368241339117 0.0037090865785244891
290 0.43050029397109968 0.00060915053210495258 0.0036483075760262683
291 0.42348791248635237 0.00059901493586712255 0.0035888806142911219
292 0.41663065473736388 0.00058911005900548128 0.0035307682604861345
293 0.40992424816119216 0.00057942931408549872 0.0034739343064507811
294 0.4033645590804365 0.00056996633383065484 0.0034183437210206485
295 0.39694758769229316 0.00056071497095198529 0.0033639626075618063
296 0.39066946295366028 0.00055166927753554334 0.0033107581606242396
297 0.38452643805894871 0.00054282351091305828 0.0032586986276182095
298 0.37851488576226527 0.00053417211655529034 0.0032077532691717394
299 0.37263129408909296 0.00052570972511214911 0.0031578923227889234
300 0.3668722621401117 0.00051743114416490208 0.0031090869672890822
301 0.36123449607896846 0.00050933135137604026 0.0030613092888048176
302 0.35571480528574023 0.00050140548826373577 0.0030145322481842391
303 0.35031009866150054 0.00049364885405279156 0.0029687296496737335
304 0.34501738107988844 0.00048605689978401207 0.0029238761108465123
305 0.33983374997889593 0.00047862522265250808 0.0028799470337194568
306 0.33475639208688207 0.00047134956055199499 0.0028369185770074751
307 0.32978258027860086 0.00046422578692190792 0.0027947676294796681
308 0.32490967055369957 0.00045724990575044016 0.002753471784353386
309 0.32013509913385507 0.00045041804682227784 0.0027130093146936871
310 0.31545637967247142 0.00044372646112972476 0.002673359149766707
311 0.31087110057314543 0.00043717151650562335 0.0026345008523147918
312 0.30637692241138459 0.00043074969340743582 0.0025964145967066489
313 0.30197157545565972 0.00042445758087451916 0.0025590811479293198
314 0.29765285728370883 0.00041829187265801215 0.002522481841387363
315 0.29341863048990213 0.00041224936350109419 0.0024865985634737468
316 0.28926682047997704 0.00040632694557177082 0.0024514137328811615
317 0.28519541334940635 0.00040052160503444061 0.0024169102826220876
318 0.28120245384198062 0.00039483041875840191 0.0023830716427286494
319 0.2772860433852895 0.00038925055115694132 0.0023498817236041482
320 0.27344433819990432 0.00038377925114984625 0.0023173248999991893
321 0.26967554747924449 0.00037841384924573761 0.0022853859955868179
322 0.26597793163722777 0.00037315175473777613 0.0022540502681120999
323 0.26234980062093094 0.00036799045300822642 0.0022233033950926351
324 0.25878951228561387 0.00036292750293740486 0.0021931314600475752
325 0.25529547082957205 0.00035796053441215856 0.0021635209392336613
326 0.25186612528640173 0.00035308724592998046 0.0021344586888678114
327 0.2484999680723613 0.00034830540229450173 0.0021059319328166214
328 0.24519553358661134 0.00034361283239851793 0.0020779282507339945
329 0.24195139686221509 0.00033900742709090285 0.0020504355666289414
330 0.23876617226587729 0.00033448713712386647 0.0020234421378464177
331 0.23563851224447704 0.00033004997117723565 0.0019969365444447206
332 0.23256710611654066 0.0003256939939564781 0.0019709076789537344
333 0.22955067890687969 0.00032141732436147285 0.0019453447364989804
334 0.22658799022269324 0.0003172181337230916 0.0019202372052770614
335 0.22367783316950571 0.00031309464410478056 0.0018955748573686924
336 0.22081903330538422 0.00030904512666652832 0.0018713477398761373
337 0.21801044763194033 0.00030506790008860484 0.0018475461663723758
338 0.21525096362069351 0.00030116132905270683 0.0018241607086499449
339 0.21253949827342147 0.00029732382277814141 0.001801182188757809
340 0.20987499721518807 0.00029355383361085434 0.0017786016713151531
341 0.20725643381879519 0.00028984985566316549 0.0017564104560914846
342 0.20468280835944874 0.00028621042350219562 0.0017346000708427861
343 0.20215314719849298 0.00028263411088503486 0.0017131622643940083
344 0.19966650199510311 0.00027911952953880818 0.001692088999958501
345 0.19722194894487335 0.00027566532798384909 0.0016713724486853675
346 0.19481858804428986 0.00027227019039829784 0.0016510049834261853
347 0.19245554238011256 0.00026893283552249596 0.0016309791727128183
348 0.19013195744273134 0.00026565201560161533 0.0016112877749384013
349 0.18784700046260044 0.00026242651536504877 0.0015919237327339021
350 0.1855998597688904 0.00025925515104112255 0.0015728801675329695
