25 0.0 0.0 0.0
26 0.0 0.0 0.0
27 0.0 0.0 0.0
28 0.0 0.0 0.0
29 0.0 0.0 0.0
30 0.25488732422104926 1.9726636612119981e-05 0.0021600620696699091
31 0.85231009647430556 0.00014188183222816871 0.007222966919273776
32 1.7182066453278793 0.00049241911991635486 0.014561073265490502
33 2.8326236788152017 0.0012434989089857643 0.024005285413688151
34 4.1888643191944412 0.0026139265469052844 0.035498850162664755
35 5.7766508872425524 0.0048119929375014508 0.048954668535953837
36 7.5545424268314054 0.0078639860495396275 0.064021545990096657
37 9.4222944836973443 0.011450207119965994 0.079849953251672406
38 11.228140818811736 0.015001468757509195 0.095153735752641841
39 12.820297180930632 0.018012732227308734 0.10864658627907316
40 14.102819664142924 0.02025638497006341 0.11951542088256716
41 15.055121276569894 0.021764415021269808 0.12758577353025333
42 15.714304934789494 0.022698899471767606 0.13317207571855502
43 16.14424582655116 0.02324136632771661 0.1368156425978912
44 16.410823440330887 0.023539517088483165 0.13907477491805836
45 16.569016207058922 0.023695677982465663 0.1404153915852451
46 16.659307540117847 0.023773891429926541 0.14118057237388007
47 16.709052928904672 0.0238113996600102 0.14160214346529384
48 16.735577045929663 0.023828616443100591 0.14182692411804798
49 16.749291287903912 0.023836166452139439 0.14194314650766027
50 16.756178382749187 0.023839317513425634 0.14200151171821346
51 16.759542099862347 0.023840560803441227 0.14203001779544364
52 16.761141827262051 0.023841018976125592 0.14204357480730551
53 16.761883477177289 0.023841172932230308 0.14204985997607872
54 16.762219007827174 0.023841217474955319 0.1420527034561625
55 16.762367279778793 0.023841226700694343 0.14205395999812537
56 16.762431347238365 0.023841226395628679 0.142054502942698
57 16.762458448371547 0.023841224559165583 0.14205473261331819
58 16.762469677253012 0.023841223121766741 0.14205482777333062
59 16.762474237300033 0.023841222217353811 0.14205486641779688
60 16.762476057352007 0.023841221844959619 0.14205488184196616
61 16.762476770966579 0.023841221645931391 0.14205488788954729
62 16.762477045029119 0.023841221552376463 0.14205489021211118
63 16.762477148531726 0.023841221512180467 0.14205489108925193
64 16.762477186917629 0.023841221495643428 0.14205489141455618
65 16.762477200987679 0.023841221489132765 0.14205489153379389
66 16.762477206102027 0.023841221486755604 0.14205489157713583
67 16.762477206102027 0.023841221486755604 0.14205489157713583
68 16.762477206102027 0.023841221486755604 0.14205489157713583
69 16.762477206102027 0.023841221486755604 0.14205489157713583
70 16.762477206102027 0.023841221486755604 0.14205489157713583
71 16.762477206102027 0.023841221486755604 0.14205489157713583
72 16.762477206102027 0.023841221486755604 0.14205489157713583
73 16.762477206102027 0.023841221486755604 0.14205489157713583
74 16.762477206102027 0.023841221486755604 0.14205489157713583
75 16.762477206102027 0.023841221486755604 0.14205489157713583
76 16.762477206102027 0.023841221486755604 0.14205489157713583
77 16.762477206102027 0.023841221486755604 0.14205489157713583
78 16.762477206102027 0.023841221486755604 0.14205489157713583
79 16.762477206102027 0.023841221486755604 0.14205489157713583
80 16.762477206102027 0.023841221486755604 0.14205489157713583
81 16.762477206102027 0.023841221486755604 0.14205489157713583
82 16.762477206102027 0.023841221486755604 0.14205489157713583
83 16.762477206102027 0.023841221486755604 0.14205489157713583
84 16.762477206102027 0.023841221486755604 0.14205489157713583
85 16.762477206102027 0.023841221486755604 0.14205489157713583
86 16.762477206102027 0.023841221486755604 0.14205489157713583
87 16.762477206102027 0.023841221486755604 0.14205489157713583
88 16.762477206102027 0.023841221486755604 0.14205489157713583
89 16.762477206102027 0.023841221486755604 0.14205489157713583
90 16.762477206101117 0.023841221486754317 0.14205489157712811
91 16.762477206102027 0.023841221486755604 0.14205489157713583
92 16.762477206102027 0.023841221486755604 0.14205489157713583
93 16.762477206102027 0.023841221486755604 0.14205489157713583
94 16.762477206102027 0.023841221486755604 0.14205489157713583
95 16.762477206102027 0.023841221486755604 0.14205489157713583
96 16.762477206102027 0.023841221486755604 0.14205489157713583
97 16.762477206102027 0.023841221486755604 0.14205489157713583
98 16.762477206102027 0.023841221486755604 0.14205489157713583
99 16.762477206102027 0.023841221486755604 0.14205489157713583
100 14.549569400153588 0.022018130712900763 0.12330143559452193
101 12.569520117680232 0.019814768954423936 0.10652135692949349
102 10.821957060339521 0.017494383798358774 0.091711500511351879
103 9.2978376387176525 0.015237799250535814 0.078795234226420777
104 7.9816146636353684 0.01315308333889737 0.067640802234198036
105 6.853656334112233 0.011292537766717002 0.058081833339934177
106 5.8924711039512205 0.0096705072918777512 0.049936195796196785
107 5.0764678130037932 0.008278353086301718 0.043020913669523674
108 4.3851696206363027 0.0070954004989997425 0.037162454412172058
109 3.7999297701419001 0.0060961303660079617 0.032202794662219494
110 3.304258014020232 0.0052544622065704436 0.028002186559493492
111 2.8838775383574573 0.0045460347168798558 0.024439640155571672
112 2.5266154759969619 0.0039492232668472795 0.021411995559296286
113 2.222204685602025 0.0034454208493012685 0.018832243098322245
114 1.9620496052071055 0.0030189290397779358 0.01662753902717886
115 1.7389888178595772 0.002656665697416349 0.014737193371691331
116 1.5470726608507848 0.0023478106430398272 0.013110785261447329
117 1.3813645585761836 0.0020834515985433061 0.011706479309967658
118 1.2377689364007747 0.0018562611391325177 0.010489567257633683
119 1.1128852142951227 0.0016602158087777696 0.0094312306296196833
120 1.0038856098872322 0.0014903584078123974 0.0085075051685358661
121 0.90841391513591629 0.0013426019299349989 0.0076984230096264093
122 0.82450208599026464 0.0012135677660367954 0.006987305813476819
123 0.75050186494212978 0.0011004549402740538 0.0063601852961197441
124 0.68502879592763799 0.001000933560464948 0.0058053287790477796
125 0.62691646781000754 0.00091305902660735903 0.0053128514221187076
126 0.57517908802894036 0.0008352024016483674 0.0048743990510927149
127 0.52898086336156835 0.0007659942785527323 0.0044828886725556639
128 0.48761091157195796 0.00070427921131760495 0.0041322958607793048
129 0.45046266350665182 0.00064907875686185008 0.0038174801992089135
130 0.41701691929040435 0.00059956135350859954 0.003534041688901732
131 0.38682787705380767 0.00055501784153125797 0.0032782023479136242
132 0.3595115807813003 0.0005148412774696185 0.0030467083117059349
133 0.33473634510742534 0.00047851050878791899 0.002836748687351062
134 0.31221479717798784 0.00044557654667740668 0.002645888111677863
135 0.2916972403217078 0.00041565134244292239 0.0024720105112009134
136 0.27296610662289739 0.00038839847726970968 0.0023132720900245541
137 0.25583130753112698 0.00036352545259457929 0.0021680619282298899
138 0.24012631648335769 0.00034077700710186571 0.0020349687837572686
139 0.22570488312357911 0.0003199301508196942 0.0019127532468099925
140 0.21243823349062976 0.00030078915714653676 0.0018003240126324557
141 0.20021270999722224 0.00028318197081104378 0.0016967178813323918
142 0.18892775983063728 0.00026695691565662593 0.0016010827104291296
143 0.17849422076870752 0.00025197996934031526 0.0015126628878704028
144 0.16883285324661232 0.00023813234083090379 0.0014307868919204434
145 0.15987308808061643 0.00022530863975716068 0.0013548566786492917
146 0.15155194343189329 0.00021341503608371363 0.0012843385036601126
147 0.14381312598532484 0.00020236783043084086 0.0012187553049603801
148 0.13660610559864972 0.00019209230437224758 0.0011576788610055061
149 0.12988560932157198 0.0001825214294776432 0.0011007255027251862
