25 0.0 0.0 0.0
26 0.0 0.0 0.0
27 0.0 0.0 0.0
28 0.0 0.0 0.0
29 0.0 0.0 0.0
30 0.010540306002392983 5.1358760312159515e-07 0.00015057580003418548
31 0.035081920164234365 3.6222970189950079e-06 0.00050117028806049093
32 0.070296251190273912 1.2263031064826883e-05 0.0010042321598610559
33 0.11504509396361097 3.0071313634661022e-05 0.0016435013423372995
34 0.16875984833467297 6.1400045014824836e-05 0.002410854976209614
35 0.23115215663495581 0.00011139406645382854 0.0033021736662136544
36 0.30210597099928554 0.00018609928719585426 0.0043157995857040794
37 0.38162656216738977 0.00029260113466528009 0.0054518080309627114
38 0.4698133050864155 0.00043919175063734895 0.0067116186440916497
39 0.56684424169199188 0.0006355673350747419 0.0080977748813141695
40 0.67296723345802767 0.00089305813901598022 0.0096138176208289666
41 0.78849517904216426 0.0012248942714037953 0.01126421684345949
42 0.91380396464278091 0.0016465109899490491 0.013054342352039727
43 1.0493324032226541 0.0021758975205352746 0.014990462903180773
44 1.195583730867029 0.0028339936979998506 0.017079767583814701
45 1.3531284096076588 0.0036451390000093757 0.019330405851537984
46 1.5226080929150581 0.0046375787346209143 0.021751544184500829
47 1.7047406752416012 0.0058440322354795897 0.02435343821773716
48 1.9003263925024858 0.0073023280665921956 0.027147519892892654
49 2.1102549690455543 0.0090561112897090748 0.030146499557793634
50 2.3355138237421853 0.011155627683710603 0.033364483196316935
51 2.57719734591244 0.013658588572039072 0.036817104941606282
52 2.8365171856172853 0.016631113530414084 0.040521674080246935
53 3.1148131693965762 0.020148720737265209 0.044497330991379661
54 3.4135633050679188 0.02429723966049328 0.048765190072398844
55 3.7343881148836617 0.029173254761633207 0.05334840164119517
56 4.0790375417096767 0.034883110788592221 0.058271964881566808
57 4.4493377226306654 0.041538600131380492 0.063561967466152364
58 4.8470653915879991 0.049246660477906212 0.069243791308399985
59 5.2737236331392259 0.058090911422800547 0.075338909044846081
60 5.7302297238165583 0.068105979401686584 0.081860424625950834
61 6.2165898334901888 0.079251007959073652 0.088808426192716977
62 6.7316863778291784 0.091393208063348663 0.096166948254702553
63 7.2732868613414805 0.10431113571049591 0.103904098019164
64 7.8382849355782929 0.11771938019389679 0.1119754990796899
65 8.4230646436908874 0.13130634602583849 0.12032949490986981
66 9.0238227538341818 0.144771835589939 0.12891175362620261
67 9.6367245499310847 0.15785386391079739 0.13766749357044405
68 10.257865806497373 0.17034124015555888 0.14654094009281962
69 10.88310297813331 0.18207468247916347 0.15547289968761871
70 11.50785658563888 0.19294177318891553 0.16439795122341258
71 12.126988019986124 0.20287031128813285 0.17324268599980178
72 12.734815396380187 0.21182247802931975 0.18192593423400266
73 13.325288207528262 0.2197902981404557 0.19036126010754659
74 13.89229687219537 0.22679184175202388 0.19846138388850529
75 14.430060801095191 0.23286742285897369 0.20614372572993131
76 14.933523129457861 0.23807534687812074 0.21333604470654086
77 15.39868343786436 0.24248718074391165 0.21998119196949087
78 15.822818496918861 0.24618283462241092 0.22604026424169801
79 16.204568265292412 0.24924587240174598 0.23149383236132018
80 16.543891675115109 0.25175943071632467 0.23634130964450156
81 16.841917447780691 0.25380299284498875 0.24059882068258132
82 17.100726289656524 0.25545010580360589 0.24429608985223605
83 17.323101749756354 0.25676699175244994 0.24747288213937649
84 17.512282230473595 0.25781192251737739 0.25017546043533706
85 17.671737001992149 0.2586351823493957 0.25245338574274501
86 17.804979717169871 0.25927944348441295 0.25435685310242673
87 17.915424569909316 0.25978039907101708 0.25593463671299022
88 18.006284137954577 0.26016753161194495 0.25723263054220824
89 18.080504227940526 0.26046492490934403 0.25829291754200751
90 18.140729164890164 0.26069205877288693 0.25915327378414521
91 18.189290578403792 0.26086454872010173 0.25984700826291129
92 18.228213196379549 0.26099480998325814 0.260403045662565
93 18.259232081191961 0.26109263810219063 0.2608461725884566
94 18.28381682702312 0.26116570615951268 0.26119738324318742
95 18.303199305064226 0.26121998349833625 0.26147427578663179
96 18.318402481598469 0.26126008327919142 0.26169146402283527
97 18.330268607761024 0.26128954775863478 0.26186098011087178
98 18.339485695447397 0.26131107981210489 0.26199265279210565
99 18.346611650479392 0.26132672909661869 0.26209445214970561
100 18.352095758377573 0.26133804016499101 0.26217279654825104
101 18.356297505511506 0.26134617105961228 0.26223282150730726
102 18.359502709483955 0.26135198304985663 0.26227861013548509
103 18.361937304363003 0.26135611424822452 0.26231339006232862
104 18.363778838378288 0.26135903397978483 0.26233969769111837
105 18.365166084868001 0.26136108557604709 0.26235951549811432
106 18.366206929149559 0.26136251869317056 0.26237438470213653
107 18.366984806656252 0.26136351376381495 0.26238549723794646
108 18.367563923833348 0.26136420041900282 0.2623937703404764
109 18.367993447920821 0.26136467125567153 0.26239990639886884
110 18.368310850378794 0.26136499196621682 0.26240444071969704
111 18.368544556428557 0.26136520892378967 0.26240777937755083
112 18.368715982267361 0.26136535429892599 0.26241022831810518
113 18.368841379406454 0.2613654514235641 0.26241201970580647
114 18.368932760200796 0.26136551564557475 0.26241332514572563
115 18.368999135593665 0.26136555772987524 0.26241427336562378
116 18.369047182307447 0.26136558497469237 0.26241495974724927
117 18.369081876938072 0.26136560251951807 0.26241545538482958
118 18.369106844349119 0.26136561363422517 0.26241581206213027
119 18.369124758954257 0.26136562058120699 0.26241606798506084
120 18.369137573083329 0.26136562483608622 0.26241625104404753
121 18.369146719769578 0.26136562740662705 0.26241638171099396
122 18.369153228479345 0.26136562890790732 0.26241647469256207
123 18.369157845973362 0.26136562975051419 0.26241654065676229
124 18.369161117070735 0.26136563020250286 0.2624165873867248
125 18.36916341941868 0.26136563051490269 0.2624166202774097
126 18.369165046007438 0.26136563061933343 0.26241664351439198
127 18.369166192954058 0.26136563062636997 0.26241665989934371
128 18.369166998091288 0.26136563058896672 0.26241667140130409
129 18.369167562403963 0.26136563052845063 0.26241667946291375
130 18.369167956201906 0.26136563048394673 0.26241668508859867
131 18.369168230163673 0.2613656304244914 0.26241668900233817
132 18.369168420865623 0.26136563039218902 0.26241669172665177
133 18.36916855286897 0.26136563036040744 0.26241669361241388
134 18.369168644057044 0.26136563032922411 0.26241669491510061
135 18.369168707075769 0.26136563031349264 0.26241669581536814
136 18.369168750364128 0.26136563029659254 0.26241669643377324
137 18.369168780163282 0.26136563028637722 0.26241669685947544
138 18.369168800569664 0.26136563027770143 0.26241669715099519
139 18.369168814558176 0.26136563027177284 0.26241669735083106
140 18.369168824108669 0.2613656302673571 0.2624166974872667
141 18.369168830631438 0.26136563026415027 0.26241669758044911
142 18.369168835080622 0.26136563026224874 0.26241669764400888
143 18.369168838102635 0.26136563026064064 0.26241669768718051
144 18.369168840158228 0.26136563025986226 0.26241669771654613
145 18.369168840158228 0.26136563025986226 0.26241669771654613
146 18.369168840158228 0.26136563025986226 0.26241669771654613
147 18.369168840158228 0.26136563025986226 0.26241669771654613
148 18.369168840158228 0.26136563025986226 0.26241669771654613
149 18.369168840158228 0.26136563025986226 0.26241669771654613
150 18.003529242627938 0.25951376190637593 0.2571932748946848
151 17.62602584485531 0.25697429774370384 0.25180036921221871
152 17.238529436605045 0.25380429371530366 0.24626470623721494
153 16.84286920141346 0.25006529192625021 0.24061241716304943
154 16.44081120731796 0.24582096832860753 0.23486873153311372
155 16.034042199988633 0.24113529412821083 0.22905774571412332
156 15.624157748147351 0.23607111941874534 0.22320225354496215
157 15.212653976103061 0.23068910371717777 0.21732362823004372
158 14.800922236794747 0.22504693006542131 0.21144174623992495
159 14.390246196517586 0.21919875065298366 0.20557494566453693
160 13.981800895348107 0.21319482104091328 0.19974001279068723
161 13.576653415882012 0.20708128707737666 0.19395219165545732
162 13.175764854539649 0.2009000947652024 0.18822521220770927
163 12.779993336704814 0.19468899821411093 0.18257133338149734
164 12.390097855173734 0.18848164476866314 0.17700139793105332
165 12.006742741072184 0.18230771954403813 0.17152489630103121
166 11.630502605096153 0.1761931345228375 0.16615003721565932
167 11.26186760760598 0.17016024957703144 0.16088382296579973
168 10.901248935778849 0.16422811475578319 0.15573212765398356
169 10.548984383880066 0.15841272499004683 0.15069977691257239
170 10.205343949022334 0.15272727997687782 0.1457906278431762
171 9.8705353671700031 0.14718244295377103 0.14100764810242861
172 9.5447095294691469 0.14178659440548233 0.13635299327813066
173 9.2279657206199861 0.13654607512309105 0.13182808172314267
174 8.9203566790346738 0.13146542020454613 0.12743366684335247
175 8.621893378655356 0.12654757559549909 0.12316990540936223
176 8.3325495839544264 0.12179410186063049 0.11903642262792037
177 8.0522661191241216 0.11720536109170432 0.11503237313034459
178 7.7809548731631724 0.11278068863193821 0.11115649818804532
179 7.5185025037864115 0.10851854800576276 0.10740717862552017
180 7.264773887967138 0.10441667136659265 0.10378248411381626
181 7.0196152768531936 0.10047218455358961 0.1002802182407599
182 6.7828571973527776 0.096681718595306415 0.096897959962182534
183 6.5543170970180133 0.093041508232090203 0.093633101385971626
184 6.3338017471035286 0.089547478542240128 0.090482882101478979
185 6.121109404902958 0.086195319978309037 0.087444420070042259
186 5.916031777841023 0.08298055461009321 0.084514739683443182
187 5.7183557723233935 0.079898592281049993 0.081690796747477049
188 5.5278650403116592 0.076944778685657481 0.078969500575880841
189 5.3443413719045125 0.074114436543525578 0.076347733884350177
190 5.1675659340389224 0.07140290109677748 0.073822370486270314
191 4.9973202959888949 0.068805547515952414 0.071390289942698498
192 4.8333874003589141 0.066317816234271146 0.069048391433698772
193 4.675552354309306 0.06393523141699467 0.066793605061561512
194 4.5236031322836441 0.061653417730032072 0.06462290188976634
195 4.3773311459836766 0.059468111641033779 0.062533302085481093
196 4.2365317570477519 0.057375171704303153 0.060521882243539313
197 4.1010046799855884 0.055370585351249273 0.058585781142651262
198 3.9705543168275734 0.053450473773823087 0.05672220452610819
199 3.8449900233847774 0.05161109502448951 0.054928428905496818
200 3.7241263215390896 0.049848846177832196 0.053201804593415565
201 3.6077830438767258 0.048160262977522475 0.051539757769667509
202 3.4957854443521832 0.046542019556960974 0.049939792062174047
203 3.3879642631073184 0.044990926903769449 0.048399489472961688
204 3.2841557546984812 0.043503930583779174 0.046916510781406871
205 3.1842016844814705 0.042078107858077848 0.045488595492592432
206 3.0879493002093517 0.040710664544438023 0.044113561431562164
207 2.9952512772225228 0.039398931270984004 0.042789303960321753
208 2.9059656464044812 0.038140359644749822 0.041513794948635448
209 2.8199557055618776 0.036932518282255779 0.040285081508026822
210 2.7370899147366181 0.035773088524310083 0.039101284496237398
211 2.6572417826465378 0.034659860246145952 0.037960596894950537
212 2.5802897427338896 0.033590727550436503 0.036861282039055566
213 2.5061170228302587 0.032563684554312002 0.035801671754717983
214 2.4346115082177144 0.031576821104448233 0.034780164403110207
215 2.3656656025749658 0.030628318705505898 0.033795222893928084
216 2.2991760837456483 0.029716446326618389 0.032845372624937835
217 2.2350439613367095 0.028839556576966355 0.031929199447667277
218 2.1731743304583531 0.027996081720654271 0.031045347577976473
219 2.1134762281062858 0.027184529992707714 0.030192517544375512
220 2.0558624902020881 0.026403482008891449 0.029369464145744116
221 2.0002496094431605 0.025651587240918067 0.028574994420616579
222 1.9465575963573458 0.024927560698201297 0.027807965662247799
223 1.8947098423543942 0.024230179697252403 0.027067283462205632
224 1.8446329861965109 0.023558280801405072 0.026351899802807298
225 1.7962567890062702 0.022910756810291356 0.025660811271518147
226 1.7495139853866972 0.022286554194899257 0.024993056934095675
227 1.704340192541701 0.021684670065921684 0.024347717036310015
228 1.6606737685873798 0.021104149737429349 0.023723910979819712
229 1.6184557035650038 0.020544084402404444 0.023120795765214339
230 1.5776295113433116 0.020003608664539509 0.022537564447761595
231 1.5381411028399252 0.019481898593887874 0.021973444326284647
232 1.499938710325958 0.018978169218231474 0.021427695861799399
233 1.4629727687622838 0.01849167284540932 0.02089961098231834
234 1.427195823895185 0.0180216970712 0.020388511769931214
235 1.3925624397477989 0.017567562991468198 0.01989374913925427
236 1.3590291097930969 0.017128623500714889 0.019414701568472813
237 1.3265541749413232 0.01670426158668812 0.01895077392773319
238 1.2950977295766197 0.01629388924221245 0.018501396136808852
239 1.2646215602086894 0.015896945168939858 0.018066022288695565
240 1.2350890617311396 0.015512894222668057 0.017644129453301995
241 1.2064651652956251 0.0151412256749949 0.017235216647080359
242 1.178716271505299 0.01478145211667724 0.01683880387864713
243 1.151810187531938 0.014433108244643068 0.016454431250456258
244 1.1257160510555126 0.014095749776388304 0.01608165787222161
245 1.1004042925247608 0.013768952479317668 0.015720061321782296
246 1.0758465600438398 0.01345231095570335 0.015369236572054855
247 1.0520156721774208 0.013145437910429391 0.015028795316820297
248 1.0288855662875178 0.012847963133416625 0.014698365232678826
249 1.0064312407576759 0.012559532897139772 0.014377589153681083
250 0.98462871926821782 0.012279808730034016 0.01406612456097454
251 0.96345499831617576 0.012008467031562216 0.013763642833088225
252 0.94288800777799586 0.011745198213347463 0.013469828682542798
253 0.9229065595616962 0.011489705953622019 0.013184379422309945
254 0.90349032470506019 0.011241706774874792 0.012907004638643717
255 0.8846197834867161 0.011000929165419381 0.012637425478381658
256 0.86627619507950537 0.010767113100553992 0.012375374215421505
257 0.84844155826527956 0.010540009726908538 0.012120593689503995
258 0.83109858515440815 0.010319380345943948 0.011872836930777259
259 0.81423066699150326 0.010104996363740446 0.01163186667130719
260 0.79782184647317378 0.0098966386519212194 0.011397454949616768
261 0.7818567823125171 0.009694097047637849 0.011169382604464531
262 0.7663207341344328 0.0094971701144081992 0.010947439059063325
263 0.75119952816968882 0.0093056645481158773 0.010731421830995555
264 0.73647953630753527 0.0091193948571133693 0.01052113623296479
265 0.72214764913119933 0.0089381831595300738 0.010316394987588563
266 0.70819125841757058 0.0087618585338500518 0.010117017977393866
267 0.69459823468043103 0.0085902569742590199 0.0099228319240061581
268 0.68135690130859294 0.0084232208922140339 0.0097336700186941849
269 0.66845602465918874 0.0082605990056434288 0.0095493717808455541
270 0.65588478954033425 0.0081022458737114288 0.0093697827077190605
271 0.64363278077297748 0.0079480218196302729 0.0091947540110425361
272 0.6316899703666754 0.007797792471325179 0.0090241424338096485
273 0.62004669985409444 0.0076514286698000046 0.008857809997915635
274 0.60869366192652707 0.0075088062138454316 0.0086956237418075299
275 0.59762189146283196 0.0073698056306091249 0.0085374555923261701
276 0.58682274825247327 0.0072343119614880561 0.0083831821178924747
277 0.57628790133972574 0.0071022145575114189 0.0082326843048532248
278 0.56600932206960386 0.0069734069484974964 0.0080858474581371985
279 0.55597926800180775 0.0068477865807555572 0.0079425609714543956
280 0.54619027130433462 0.0067252548074073883 0.0078027181614904947
281 0.53663512880710096 0.0066057164585600356 0.0076662161258157276
282 0.52730689155383359 0.0064890799476266811 0.0075329555936261942
283 0.51819885449657532 0.0063752570056458272 0.0074028407785225042
284 0.50930454372122025 0.0062641624861746806 0.0072757791960174319
285 0.50061771353050721 0.0061557144417391926 0.007151681621864389
286 0.49213233189851169 0.0060498337563962713 0.0070304618842644525
287 0.4838425748483377 0.0059464441439369062 0.0069120367835476815
288 0.47574281652125811 0.0058454720708057866 0.0067963259503036871
289 0.46782762331658923 0.0057468465269165997 0.0066832517616655608
290 0.46009174613858456 0.0056504990480926451 0.0065727392305512077
291 0.45253010999167775 0.0055563634388431874 0.0064647158570239676
292 0.44513781340266906 0.0054643759618544594 0.0063591116200381291
293 0.43791011657092904 0.0053744749687760782 0.0062558588081561292
294 0.43084243757175428 0.0052866009343357709 0.0061548919653107758
295 0.42393034493605702 0.0052006963906992111 0.0060561477848008151
296 0.41716955370971359 0.0051167057882377182 0.0059595650529959089
297 0.41055591910688138 0.0050345754587136186 0.0058650845586697342
298 0.40408543014780485 0.0049542535327103164 0.005772649002111498
299 0.39775420734616274 0.0048756898888382104 0.0056822029620880394
300 0.39155849418259492 0.0047988360069259996 0.0055936927740370705
301 0.38549465655964094 0.0047236450504960868 0.0055070665222805848
302 0.37955917547675033 0.0046500716514166025 0.0054222739353821476
303 0.37374864364103982 0.0045780719942190348 0.0053392663377291403
304 0.36805976207400654 0.0045076036434625816 0.0052579966010572361
305 0.36248933331753092 0.0044386254380945397 0.0051784190473932986
306 0.35703426289358198 0.0043710977173568571 0.0051004894699083142
307 0.35169155121219509 0.004304981967116467 0.0050241650173170728
308 0.3464582920175398 0.0042402409911276046 0.0049494041716791398
309 0.34133166890331279 0.0041768387069333413 0.0048761666986187543
310 0.33630894988219023 0.0041147400718614955 0.0048044135697455749
311 0.33138748938336066 0.0040539113316285166 0.0047341069911908664
312 0.32656472071741793 0.0039943196582285746 0.0046652102959631138
313 0.32183815524958503 0.0039359333245017562 0.0045976879321369289
314 0.31720537932034748 0.0038787215178918335 0.0045315054188621072
315 0.31266405029205324 0.0038226543205213829 0.0044666292898864748
316 0.30821189744007593 0.0037677028539986296 0.0044030271062867991
317 0.30384671648577033 0.0037138390383034525 0.0043406673783681479
318 0.29956636806768933 0.0036610356651902718 0.0042795195438241332
319 0.29536877633372055 0.003609266340451459 0.0042195539476245795
320 0.29125192527741817 0.003558505430509987 0.0041607417896774024
321 0.28721385864194043 0.0035087281147877254 0.0041030551234562916
322 0.28325267644996877 0.0034599102708150918 0.0040464668064281251
323 0.2793665334459457 0.0034120285126539446 0.0039909504777992239
324 0.27555363789337939 0.0033650601355635613 0.0039364805413339915
325 0.27181224801766668 0.0033189830345699452 0.0038830321145380954
326 0.26814067287104415 0.0032737758072517538 0.0038305810410149163
327 0.26453726994452392 0.0032294177569431514 0.0037791038563503416
328 0.26100044201345174 0.0031858886564868636 0.0037285777430493107
329 0.25752863524281283 0.0031431687682625174 0.0036789805034687546
330 0.25412034185990773 0.003101239103747083 0.0036302905979986818
331 0.25077409573947518 0.003060081225543109 0.0035824870819925027
332 0.24748846976717304 0.0030196770479147825 0.003535549568102472
333 0.24426207767552233 0.0029800091452952589 0.003489458252507462
334 0.24109357013259244 0.0029410604674502037 0.003444193859037035
335 0.23798163582239593 0.0029028145373676153 0.003399737654605656
336 0.23492499696351121 0.0028652551696182606 0.0033560713851930172
337 0.23192241317290446 0.0028283668409745766 0.0033131773310414924
338 0.22897267571101829 0.0027921343048719102 0.0032710382244431186
339 0.22607460928500028 0.0027565428351635588 0.0032296372755000039
340 0.2232270695536353 0.0027215780426149273 0.0031889581364805044
341 0.22042894115954376 0.0026872258246483081 0.0031489848737077681
342 0.21767914035418123 0.0026534726111018159 0.0031097020050597319
343 0.21497661335017551 0.0026203053348395652 0.0030710944764310785
344 0.21232032852208879 0.0025877107985168061 0.0030331475503155543
345 0.20970928648969717 0.0025556765997751521 0.0029958469498528166
346 0.20714251209313891 0.002524190518596303 0.0029591787441876987
347 0.20461905534587502 0.002493240644084206 0.0029231293620839288
348 0.20213799065783597 0.0024628153660129662 0.0028876855808262283
349 0.19969841664701984 0.0024329034240896754 0.0028528345235288551
