25 0.0 0.0 0.0
26 0.0 0.0 0.0
27 0.0 0.0 0.0
28 0.0 0.0 0.0
29 0.0 0.0 0.0
30 0.25749032544677869 2.6932610008304689e-06 0.0021457527120564892
31 0.85467406401523272 1.8851964901665021e-05 0.0071222838667936057
32 1.7065370733399932 6.3227578188424896e-05 0.014221142277833276
33 2.7809450552745409 0.00015328804372974716 0.023174542127287843
34 4.0577220937889775 0.00030808881689715266 0.033814350781574812
35 5.5148785655455237 0.00054379439100822537 0.045957321379546029
36 7.1092894277823611 0.00086236607188886361 0.05924407856485301
37 8.7574876896139582 0.0012391324511789139 0.072979064080116313
38 10.339722926462768 0.0016252946286403449 0.086164357720523069
39 11.735858638713921 0.0019695055722695684 0.097798821989282678
40 12.867522369111676 0.0022401885534283558 0.10722935307593064
41 13.71561899312541 0.0024315880643699102 0.11429682494271175
42 14.308908707182352 0.0025555607608425952 0.11924090589318627
43 14.700114136203707 0.002630249826900305 0.12250095113503089
44 14.945300190537891 0.0026725720276130254 0.12454416825448242
45 15.092327061823818 0.002695290645784598 0.12576939218186514
46 15.177097061868722 0.0027068885773600527 0.12647580884890602
47 15.224259380722518 0.002712525656676418 0.12686882817268766
48 15.249646242997333 0.0027151307329185358 0.12708038535831109
49 15.262894591313037 0.00271627063094537 0.12719078826094196
50 15.269608235938765 0.0027167390641732155 0.12724673529948971
51 15.272916442538289 0.0027169169711179853 0.12727430368781908
52 15.274503503477778 0.0027169773612083408 0.12728752919564815
53 15.275245577930026 0.0027169941243125649 0.12729371314941687
54 15.275584119495155 0.0027169966280610391 0.1272965343291263
55 15.275734960570082 0.0027169954655616628 0.12729779133808403
56 15.275800664532788 0.0027169940150682964 0.12729833887110656
57 15.275828669986289 0.0027169930080074328 0.12729857224988575
58 15.275840361589767 0.0027169924182837801 0.12729866967991471
59 15.275845143227246 0.0027169920936307105 0.12729870952689371
60 15.275847063991352 0.002716991972119831 0.12729872553326127
61 15.2758478227406 0.0027169919006402258 0.12729873185617166
62 15.275848117352345 0.0027169918668912777 0.12729873431126953
63 15.275848229782438 0.0027169918534442295 0.12729873524818699
64 15.275848271872135 0.0027169918473055783 0.12729873559893445
65 15.275848287349239 0.0027169918448361786 0.12729873572791034
66 15.275848293001987 0.0027169918437769149 0.12729873577501655
67 15.275848294986121 0.0027169918436052002 0.12729873579155102
68 15.275848294986121 0.0027169918436052002 0.12729873579155102
69 15.275848294986121 0.0027169918436052002 0.12729873579155102
70 15.275848294986121 0.0027169918436052002 0.12729873579155102
71 15.275848294986121 0.0027169918436052002 0.12729873579155102
72 15.275848294986121 0.0027169918436052002 0.12729873579155102
73 15.275848294986121 0.0027169918436052002 0.12729873579155102
74 15.275848294986121 0.0027169918436052002 0.12729873579155102
75 15.275848294986121 0.0027169918436052002 0.12729873579155102
76 15.275848294986121 0.0027169918436052002 0.12729873579155102
77 15.275848294986121 0.0027169918436052002 0.12729873579155102
78 15.275848294986121 0.0027169918436052002 0.12729873579155102
79 15.275848294986121 0.0027169918436052002 0.12729873579155102
80 15.275848294986121 0.0027169918436052002 0.12729873579155102
81 15.275848294986121 0.0027169918436052002 0.12729873579155102
82 15.275848294986121 0.0027169918436052002 0.12729873579155102
83 15.275848294986121 0.0027169918436052002 0.12729873579155102
84 15.275848294986121 0.0027169918436052002 0.12729873579155102
85 15.275848294986121 0.0027169918436052002 0.12729873579155102
86 15.275848294986121 0.0027169918436052002 0.12729873579155102
87 15.275848294986121 0.0027169918436052002 0.12729873579155102
88 15.275848294986121 0.0027169918436052002 0.12729873579155102
89 15.275848294986121 0.0027169918436052002 0.12729873579155102
90 15.275848294985289 0.0027169918436050571 0.12729873579154408
91 15.275848294986121 0.0027169918436052002 0.12729873579155102
92 15.275848294986121 0.0027169918436052002 0.12729873579155102
93 15.275848294986121 0.0027169918436052002 0.12729873579155102
94 15.275848294986121 0.0027169918436052002 0.12729873579155102
95 15.275848294986121 0.0027169918436052002 0.12729873579155102
96 15.275848294986121 0.0027169918436052002 0.12729873579155102
97 15.275848294986121 0.0027169918436052002 0.12729873579155102
98 15.275848294986121 0.0027169918436052002 0.12729873579155102
99 15.275848294986121 0.0027169918436052002 0.12729873579155102
100 13.167708092576671 0.0024959484076387331 0.10973090077147225
101 11.318729623452777 0.0022444103386074859 0.094322746862106469
102 9.7114875563851655 0.0019863694194207394 0.080929062969876384
103 8.3254083851824507 0.0017378941779591409 0.069378403209853751
104 7.1379706978829098 0.0015085552414323845 0.059483089149024247
105 6.1259868753383078 0.0013030330634043782 0.051049890627819235
106 5.2667497559114569 0.0011226355358631894 0.04388958129926214
107 4.5389081882135915 0.0009665567269242964 0.037824234901779927
108 3.923029267138725 0.00083282052356599336 0.032691910559489376
109 3.4018750509785649 0.00071892779293352186 0.028348958758154706
110 2.9604571540961722 0.00062226459780966058 0.024670476284134768
111 2.5859402494670625 0.00054033613208531554 0.021549502078892186
112 2.2674568628565654 0.00047088418474371742 0.018895473857138044
113 1.9958807845834869 0.00041193079716475561 0.016632339871529057
114 1.7635913225791131 0.00036178088524634164 0.014696594354825943
115 1.5642479718989244 0.00031900205807292085 0.013035399765824371
116 1.3925859543637513 0.00028239504004853757 0.01160488295303126
117 1.2442368837242046 0.00025096108139762428 0.010368640697701706
118 1.1155751834020031 0.00022387133006365997 0.0092964598616833601
119 1.0035885909605622 0.00020043878176640828 0.0083632382580046856
120 0.90577025355419427 0.00018009388124655675 0.0075480854462849521
121 0.82002950432882626 0.00016236402858031234 0.0068335792027402189
122 0.74461846311944402 0.00014685637617202295 0.0062051538593286999
123 0.67807185109627743 0.00013324360805773845 0.0056505987591356456
124 0.6191577297212979 0.00012125230404015333 0.0051596477476774823
125 0.56683720318242459 0.00011065337853289527 0.0047236433598535381
126 0.52023144421736145 0.0001012542935622422 0.0043352620351446792
127 0.47859469072293698 9.2892709233793972e-05 0.0039882890893578084
128 0.44129209650786561 8.543129299704373e-05 0.0036774341375655469
129 0.40778153137999018 7.8753481586769713e-05 0.003398179428166585
130 0.37759859482316027 7.2760005237623894e-05 0.0031466549568596688
131 0.3503442404062122 6.7366065261684096e-05 0.0029195353367184348
132 0.32567454540275026 6.2498950299258064e-05 0.0027139545450229189
133 0.30329221110624777 5.8096148878806785e-05 0.0025274350925520647
134 0.28293949282144626 5.4103729576797183e-05 0.0023578291068453855
135 0.26439230721731855 5.0475035288705125e-05 0.0022032692268109878
136 0.24745529452925472 4.7169571115246785e-05 0.0020621274544104558
137 0.23195767517686963 4.4152089161255182e-05 0.0019329806264739137
138 0.21774976927243353 4.1391829273312933e-05 0.0018145814106036127
139 0.20470005357356591 3.8861866473453384e-05 0.001705833779779716
140 0.19269267083831668 3.6538573589982784e-05 0.0016057722569859723
141 0.18162532097995016 3.4401162997184751e-05 0.0015135443414995846
142 0.17140746250423269 3.2431299602313778e-05 0.0014283955208686057
143 0.16195877823774252 3.0612771498728608e-05 0.0013496564853145211
144 0.1532078656237971 2.8931212145968542e-05 0.0012767322135316425
145 0.14509114652510927 2.7373863282784885e-05 0.0012090928877092439
146 0.13755175312187282 2.5929354663459807e-05 0.0011462646093489401
147 0.13053892290899446 2.4587557745235336e-05 0.0010878243575749538
148 0.12400712022865874 2.333941067792621e-05 0.0010333926685721561
149 0.11791551655436795 2.2176779602763468e-05 0.00098262930461973292
