25 0.0 0.0 0.0
26 0.0 0.0 0.0
27 0.0 0.0 0.0
28 0.0 0.0 0.0
29 0.0 0.0 0.0
30 0.017718152132366997 1.3269939714477027e-07 0.00015015383163022878
31 0.058789805361363072 9.2766081125617798e-07 0.00049821868950307685
32 0.11733219650740383 3.1064118089412405e-06 0.00099434064836782907
33 0.19110482007771332 7.5203199558470637e-06 0.0016195323735399435
34 0.27878360965748122 1.5131798687740305e-05 0.0023625729631989935
35 0.37947511269862622 2.7006944955385674e-05 0.003215890785581578
36 0.49253442160609789 4.431335202018547e-05 0.0041740205220855758
37 0.61747777159978112 6.8320987045972567e-05 0.0052328624711845857
38 0.75393421930662996 0.00010040517599399654 0.0063892730449714406
39 0.90161631857941882 0.00014205121005296325 0.0076408162591476174
40 1.0603011019854942 0.00019486030648918973 0.0089856025591991042
41 1.2298171195191219 0.00026055678575895422 0.01042217897897561
42 1.4100352592649577 0.00034099638081404191 0.01194945134970303
43 1.600862050584825 0.00043817565765177327 0.013566627547329025
44 1.8022346596680123 0.00055424253445812612 0.015273175081932308
45 2.0141170808690863 0.00069150792275135824 0.017068788820924458
46 2.2364971957907613 0.00085245851672639599 0.018953366066023401
47 2.4693844785435513 0.0010397707711598649 0.020926987106301281
48 2.71280819342374 0.0012563261172171942 0.022989899944268984
49 2.9668159755333674 0.0015052274713682075 0.025142508267231928
50 3.2314727144571536 0.0017898170959556158 0.027385361986925032
51 3.506859682356366 0.0021136958757723956 0.029719149850477678
52 3.7930738625888067 0.0024807440774255473 0.032144693750752601
53 4.0902274450511742 0.0028951436535495263 0.034662944449586224
54 4.3984474612364206 0.0033614021182186652 0.037274978485054414
55 4.7178755330892992 0.0038843778849195661 0.039981996043129651
56 5.0486677013516861 0.0044693065029214113 0.042785319502980389
57 5.3909942624274443 0.0051218258892168494 0.045686392054469865
58 5.7450394442066708 0.0058479952462988935 0.04868677495090399
59 6.1110005264173077 0.0066542947119268316 0.051788140054383966
60 6.4890855559517506 0.0075475780779022984 0.054992250474167378
61 6.8795080187339979 0.0085349270274392621 0.058300915412999983
62 7.2824756700182718 0.0096233248743975534 0.061715895508629423
63 7.6981693501250472 0.010819042762438563 0.065238723306144469
64 8.126706527310434 0.012126636706284801 0.068870394299240967
65 8.5680843071198574 0.013547521484268663 0.072610883958642861
66 9.0220986342730125 0.015078236028805656 0.076458463002313667
67 9.4882407939817011 0.016708719667386965 0.08040882028798052
68 9.9655785785111242 0.018421095761622635 0.084454055750094278
69 10.452636135868682 0.020189491082651796 0.088581662168378664
70 10.947291658603582 0.021981228395016317 0.092773658123759165
71 11.446714264925969 0.023759351471948902 0.097006053092592956
72 11.947359999349635 0.025486031192941253 0.10124881355381046
73 12.445041660254171 0.027126144104722062 0.1054664547479167
74 12.935078171609485 0.028650313000247063 0.10961930653906343
75 13.412517005610885 0.030036919292623792 0.11366539835263462
76 13.872409613903303 0.031272914370671236 0.11756279333816358
77 14.310108241167956 0.032353540467956417 0.1212721037387115
78 14.72154652287619 0.033281246428611168 0.12475886883793381
79 15.103468232084859 0.034064140720438028 0.12799549349224457
80 15.453578023583731 0.034714293830090025 0.13096252562359093
81 15.770602329654867 0.035246127226172368 0.13364917228521073
82 16.054263360552536 0.035675035375158586 0.1360530793267164
83 16.305181390837149 0.03601631291318852 0.13817950331217924
84 16.52472727599395 0.036284394997675183 0.14004006166096566
85 16.714849122644129 0.036492380730815052 0.14165126375122142
86 16.877894409090359 0.036651789440626546 0.14303300346686745
87 17.016444005147036 0.036772492368836292 0.14420715258599184
88 17.133168718758277 0.036862765565899659 0.14519634507422269
89 17.230713656374007 0.036929418174861055 0.14602299708791533
90 17.311611405513627 0.036977960398951168 0.14670857123316633
91 17.378222086912725 0.037012785522257369 0.14727306853315869
92 17.432696630361434 0.037037348885061647 0.14773471720645284
93 17.476958892421578 0.037054333560123491 0.14810982112221677
94 17.512702199530146 0.037065797418849196 0.14841273050449277
95 17.541396272798128 0.0370732997089991 0.14865590061693329
96 17.564301126094787 0.037078007346734526 0.14885000954317615
97 17.582485157335075 0.037080782454378736 0.14900411150283963
98 17.59684532110964 0.037082253239473686 0.14912580780601389
99 17.608127830436665 0.037082870606917312 0.14922142229183613
100 17.616948307239728 0.037082952487380957 0.14929617209525192
101 17.623810711853995 0.037082718939327082 0.14935432806655927
102 17.629124586458978 0.037082318273485758 0.14939936090219474
103 17.63322044292503 0.037081847443383414 0.14943407155021213
104 17.636363285017964 0.037081367245085706 0.14946070580523699
105 17.638764262227745 0.037080913416368516 0.14948105306972664
106 17.640590605895124 0.037080504817879563 0.14949653055843326
107 17.641973995714917 0.037080149296771378 0.14950825420097388
108 17.643017543299106 0.037079847833288979 0.14951709782456868
109 17.643801559017085 0.037079597368230521 0.14952374202556851
110 17.644388261050853 0.037079392734322127 0.14952871407670215
111 17.644825609838545 0.037079227892988814 0.14953242042236056
112 17.645150391921291 0.037079096725858379 0.1495351728128923
113 17.645390686763225 0.037078993466909453 0.14953720920985783
114 17.645567828936016 0.03707891295800015 0.14953871041471201
115 17.645697975760694 0.037078850458417363 0.14953981335390418
116 17.64579320333111 0.037078802810833575 0.1495406203672128
117 17.645862683271055 0.037078766539532904 0.14954120918026317
118 17.645913219164715 0.037078739007881424 0.14954163745054844
119 17.64594983196853 0.037078718424308432 0.14954194772854687
120 17.645976296454499 0.037078702990701921 0.1495421720038517
121 17.645995354591641 0.037078691591635973 0.14954233351348847
122 17.646009045811486 0.037078683165519696 0.14954244954077531
123 17.646018855719614 0.037078676949094794 0.14954253267558995
124 17.646025860146295 0.037078672415781694 0.14954259203513809
125 17.646030852900054 0.037078669105733375 0.14954263434661064
126 17.646034401001764 0.037078666704654505 0.14954266441526917
127 17.646036918381927 0.037078664954013719 0.1495426857489994
128 17.646038696479248 0.037078663724708895 0.14954270081762075
129 17.646039950272456 0.03707866283598104 0.14954271144298692
130 17.646040832296315 0.037078662202312533 0.14954271891776538
131 17.646041451320482 0.037078661746095941 0.1495427241637329
132 17.646041884713927 0.0370786614201606 0.1495427278365587
133 17.646042187459713 0.037078661187924161 0.14954273040220095
134 17.646042398547028 0.037078661024111718 0.1495427321910765
135 17.646042545454129 0.037078660908613864 0.14954273343605196
136 17.646042647497428 0.037078660827433836 0.14954273430082565
137 17.646042718260077 0.037078660770871942 0.14954273490050912
138 17.646042767254333 0.037078660731605519 0.14954273531571469
139 17.6460428011213 0.037078660704332224 0.14954273560272288
140 17.646042824487861 0.037078660685373258 0.14954273580074459
141 17.64604284058133 0.037078660672189831 0.14954273593712991
142 17.646042851639731 0.037078660663025773 0.14954273603084517
143 17.646042859223904 0.037078660656673409 0.14954273609511784
144 17.646042864415918 0.037078660652284261 0.14954273613911795
145 17.646042867964589 0.037078660649261859 0.14954273616919142
146 17.646042870406998 0.037078660647060127 0.14954273618988981
147 17.64604287210269 0.037078660645712816 0.14954273620426009
148 17.646042873255656 0.037078660644601337 0.14954273621403097
149 17.646042874045182 0.037078660643961647 0.14954273622072189
150 17.161043114605313 0.036696721899134206 0.14543256876784164
151 16.683454782244279 0.036254151780729042 0.14138521001901933
152 16.213563590956177 0.035756225586136524 0.13740308127928963
153 15.751634062163712 0.035208225249159196 0.13348842425562468
154 15.297908922211853 0.034615388409329408 0.1296432959509479
155 14.852608638917372 0.033982864173819273 0.12586956473658789
156 14.415931091402623 0.033315674612951866 0.12216890755425952
157 13.988051374310873 0.03261868174164801 0.1185428082568718
158 13.569121732393151 0.031896559531839674 0.11499255705417925
159 13.159271621593039 0.031153770623306324 0.11151925103044948
160 12.758607905683885 0.030394547925200611 0.10812379581088039
161 12.367215147997248 0.02962287956307131 0.10480690803387499
162 11.985156042850178 0.028842498741811506 0.1015691190072049
163 11.612471939735478 0.028056876739594699 0.098410779150300665
164 11.249183469909248 0.02726921940401628 0.095332063304315665
165 10.895291264288359 0.026482466726614751 0.09233297681600304
166 10.550776750944417 0.025699295083271591 0.089413362296139123
167 10.21560302995886 0.024922122163247681 0.086572907033549668
168 9.8897158053137417 0.024153113768396583 0.083811150892489333
169 9.5730443727323706 0.023394192432757272 0.08112749468417263
170 9.2655026456404119 0.022647047826695695 0.078521208861359423
171 8.9669902155674794 0.021913147958116819 0.075991442504809145
172 8.6773934348776649 0.021193751786901034 0.073537232498963268
173 8.3965865042433947 0.020489921734311203 0.071157512747825377
174 8.1244325794111738 0.019802537885926501 0.068851123554331983
175 7.860784847087225 0.019132310814364076 0.066616820738027327
176 7.6054876073118409 0.018479795573961084 0.064453284807727468
177 7.3583773289305832 0.017845405397907372 0.062359129906191385
178 7.1192836714227594 0.017229424525096328 0.060332912469684405
179 6.8880304779934365 0.016632021108686414 0.058373139644012174
180 6.66443672870263 0.016053259429989915 0.056478277361886695
181 6.4483174516819188 0.015493111542010952 0.054646758065101005
182 6.23948458100738 0.014951468269107683 0.052876987974638814
183 6.0377477868420923 0.01442814945336803 0.051167354125780447
184 5.8429152198940475 0.013922913569061808 0.049516230677068201
185 5.6547942410644794 0.013435466696502562 0.047921985093766772
186 5.4731920701013568 0.012965470250951506 0.046382983644926754
187 5.2979164000177486 0.012512549049813401 0.044897596610319904
188 5.1287759517135791 0.012076297580825322 0.043464202980623555
189 4.9655809782142679 0.011656286170747113 0.042081194730629386
190 4.8081437190659173 0.01125206656861874 0.040746980670050149
191 4.656278808169998 0.010863176706996566 0.039459989899745744
192 4.5098036363296155 0.010489145068372294 0.038218674884149283
193 4.3685386717657879 0.010129494577597282 0.037021514167506681
194 4.232307726931019 0.0097837455892072472 0.035867014635008639
195 4.1009382037430768 0.0094514191691003977 0.034753713591043026
196 3.9742612883985391 0.0091320393182686612 0.033680180410157114
197 3.8521121196895094 0.0088251352011200785 0.03264501796347042
198 3.7343299214422592 0.0085302429145535444 0.031646863741036098
199 3.6207581069766785 0.0082469069796690143 0.030684390737090495
200 3.5112443565029547 0.0079746815492682324 0.029756308105957245
201 3.4056406706246198 0.0077131314378344517 0.028861361615462881
202 3.3038034009022343 0.0074618328957781416 0.027998333905951137
203 3.2055932605025781 0.0072203742123562739 0.027166044580530322
204 3.1108753172421868 0.0069883561761206556 0.026363350146120228
205 3.0195189697973794 0.0067653923473946368 0.025589143811842199
206 2.9313979107575072 0.0065511092729166201 0.024842355175911077
207 2.846390076861768 0.0063451465506999477 0.024121949803913287
208 2.7643775880142636 0.0061471568245661887 0.023426928711985286
209 2.685246677442708 0.0059568056907419497 0.022756327774938204
210 2.6088876137732306 0.0057737715548267224 0.022109217065874837
211 2.5351946164764474 0.0055977454263999877 0.02148470013963091
212 2.4640657655417981 0.0054284306779036218 0.020881913267303372
213 2.3954029068845766 0.0052655427518535003 0.020300024634615055
214 2.3291115542496357 0.0051088088649825234 0.019738233510590134
215 2.2651007882238225 0.0049579676667224079 0.019195769391727308
216 2.2032831535248549 0.0048127689055849051 0.018671891131566566
217 2.1435745547055198 0.0046729730529866979 0.018165886056826439
218 2.0858941516007188 0.0045383510711828534 0.017677069081362025
219 2.0301642562627742 0.0044086835718436307 0.017204781832735376
220 1.9763102242720794 0.0042837611163347592 0.016748391731119316
221 1.9242603570313515 0.0041633835231140084 0.016307291161282638
222 1.8739457919316702 0.0040473592509253226 0.015880896541793817
223 1.8253004093813401 0.0039355055362442163 0.01546864753713
224 1.7782607316477053 0.0038276477864768389 0.015070006200404282
225 1.7327658151241738 0.0037236190219512642 0.014684456060374355
226 1.6887571724684665 0.0036232600014905001 0.014311501461597173
227 1.6461786679331194 0.0035264185707072795 0.013950666677399318
228 1.6049764337724803 0.0034329495005049524 0.013601495201461698
229 1.5650987666427307 0.003342713926280284 0.013263548869853651
230 1.5264960654297337 0.0032555794446952179 0.012936407334150286
231 1.4891207362058978 0.0031714195847680794 0.012619667255982184
232 1.4529271005145079 0.0030901134681948928 0.012312941529783966
233 1.4178713411725319 0.0030115457755749927 0.012015858823496033
234 1.3839114146433276 0.0029356063333897927 0.011728062835960402
235 1.3510069685813231 0.0028621899075655711 0.011449211598146805
236 1.3191192928492665 0.0027911959687336339 0.011178977058044631
237 1.2882112422769258 0.0027225285329067423 0.010917044426075643
238 1.2582471591659881 0.0026560957819946429 0.010663111518355832
239 1.2291928352632406 0.0025918101099272461 0.010416888434434243
240 1.2010154379698819 0.0025295877250962997 0.010178096931948152
241 1.1736834447650302 0.0024693485906150995 0.0099464698708900869
242 1.1471666061518506 0.0024110161293027241 0.0097217508995919542
243 1.121435883743243 0.0023545171825192258 0.0095036939300274827
244 1.0964633886490931 0.0022997817345752156 0.0092920626156702806
245 1.0722223530863102 0.0022467428862316383 0.0090866301109009343
246 1.0486870721140413 0.0021953366098199359 0.0088871785772376387
247 1.0258328511731092 0.0021455016641491686 0.0086934987387551621
248 1.0036359828380703 0.0020971794484425685 0.008505389685068393
249 0.98207368191709687 0.0020503138018700901 0.0083226583213313297
250 0.96112406796026728 0.0020048510725518146 0.0081451192200022657
251 0.94076611616387218 0.0019607398246043843 0.0079725942047785773
252 0.92097961575276999 0.0019179308447448938 0.0078049119979048303
253 0.90174515131273913 0.0018763769550739641 0.0076419080619723658
254 0.88304405063140079 0.0018360329338070801 0.0074834241578932269
255 0.86485837251741604 0.0017968554903558828 0.0073293082416730172
256 0.8471708583262646 0.0017588031713853842 0.0071794140536124117
257 0.82996491881171885 0.0017218361696771111 0.0070336010068789735
258 0.81322459208844033 0.0016859162814412423 0.0068917338312579693
259 0.79693452560376155 0.0016510069776546426 0.006753682420370861
260 0.78107995191037261 0.0016170731505911866 0.0066193216263590897
261 0.76564666112761925 0.0015840811156139427 0.0064885310265052482
262 0.75062097342174461 0.0015519985849607825 0.0063611946900147846
263 0.73598972599832468 0.0015207945180398007 0.0062372010677824129
264 0.72174024757030297 0.0014904391480863811 0.0061164427760195166
265 0.70786033271125826 0.001460903856368676 0.0059988163789089681
266 0.69433823291437868 0.0014321611956825222 0.0058842223128337178
267 0.6811626320133537 0.0014041847676802856 0.0057725646780792689
268 0.66832262546661347 0.0013769492380006608 0.0056637510632763857
269 0.65580771223290402 0.0013504302359812 0.0055576924765500342
270 0.64360776761063276 0.0013246042946072965 0.0054543031153443458
271 0.63171303937719625 0.0012994489040198379 0.0053535003337050529
272 0.62011412274667022 0.0012749424533991928 0.0052552044300565271
273 0.6088019540577736 0.00125106407409908 0.0051593385937099461
274 0.59776779009796843 0.0012277936755726152 0.0050658287296437999
275 0.58700320152828667 0.0012051120412754327 0.00497460340278209
276 0.57650005473912025 0.0011830005319292257 0.0048855936842298322
277 0.56625050703974933 0.0011614412911163366 0.0047987331105063501
278 0.55624698751696777 0.0011404171413364422 0.0047139575213302354
279 0.54648219251133356 0.0011199114688244078 0.0046312050212824881
280 0.53694906954464727 0.0010999083102069076 0.004550415843598706
281 0.52764081380149919 0.001080392291857808 0.0044715323203516882
282 0.5185508508498643 0.001061348530018354 0.0043944987360157988
283 0.50967283561390941 0.0010427627766292223 0.0043192613187619444
284 0.50100063874420908 0.0010246212321914784 0.0042457681249509242
285 0.49252833862871759 0.0010069106484819257 0.00417396897142981
286 0.48425021268669333 0.00098961814501642188 0.0041038153617516384
287 0.47616073425689076 0.00097273138052766787 0.0040352604598041589
288 0.46825456024285333 0.00095623846868264563 0.0039682589851089264
289 0.46052652432236513 0.0009401278210537594 0.0039027671552742805
290 0.45297163492115233 0.00092438835334371068 0.0038387426688233249
291 0.4455850641175737 0.00090900939222620194 0.0037761446111658787
292 0.4383621413309412 0.00089398048136244399 0.0037149334011096712
293 0.43129835177710862 0.00087929172224736189 0.003655070777772107
294 0.4243893247774807 0.00086493333410698505 0.0035965197015040739
295 0.41763083468978818 0.00085089609487510177 0.0035392443617778659
296 0.41101878960357396 0.00083717090028883538 0.0034832100813862199
297 0.40454923069823406 0.00082374906165611113 0.0034283833110019834
298 0.39821832515402905 0.00081062215907795848 0.0033747315691019411
299 0.39202236330398577 0.00079778204267333332 0.0033222234178303879
300 0.38595775092216544 0.00078522079329796442 0.0032708283976454699
301 0.38002100954427964 0.00077293080695591302 0.0032205170300362682
302 0.37420876929720182 0.00076090476523600051 0.0031712607567559478
303 0.36851776393959784 0.00074913543675109791 0.0031230318977932023
304 0.3629448313595563 0.00073761600161018342 0.0030758036555894601
305 0.35748690568016722 0.00072633974036999231 0.0030295500481370102
306 0.35214101594858294 0.0007153001773714928 0.002984245897869347
307 0.34690428304555498 0.00070449108915143657 0.0029398668054708048
308 0.34177391447807787 0.00069390635731327672 0.0028963891057464226
309 0.33674720419843923 0.00068354016447848027 0.0028537898660884681
310 0.33182152668618881 0.00067338678048660752 0.0028120468363236339
311 0.32699433641009612 0.00066344071702498209 0.0027711384441533571
312 0.32226316370400188 0.00065369662341957676 0.0027310437602034057
313 0.31762561280805718 0.00064414932765146445 0.0026917424814242134
314 0.31307935908869755 0.00063479381270194668 0.0026532149075313353
315 0.30862214666943422 0.0006256252152049875 0.0026154419209274086
316 0.30425178607885189 0.00061663881903073915 0.0025784049667699313
317 0.29996615202938864 0.00060783005193993593 0.0025420860341473614
318 0.29576318122832962 0.00059919447879217545 0.0025064676375282169
319 0.29164087030554475 0.00059072779738928393 0.0024715327991995319
320 0.28759727380568773 0.00058242583353944723 0.0024372650322515908
321 0.2836305022667619 0.00057428453709123227 0.0024036483242945925
322 0.27973872036190556 0.00056629997752436357 0.0023706671217110639
323 0.2759201451094247 0.00055846833965546674 0.0023383063144866499
324 0.27217304415434568 0.00055078591987036112 0.0023065512216469972
325 0.26849573411058314 0.00054324912230503686 0.0022753875772083317
326 0.26488657896494266 0.00053585445523466225 0.0022448015166520565
327 0.26134398853858976 0.0005285985275312005 0.0022147795638863539
328 0.25786641700548429 0.00052147804531219022 0.0021853086186905449
329 0.25445236146464983 0.00051448980871534808 0.0021563759446156763
330 0.25110036056372992 0.00050763070876594981 0.0021279691573197449
331 0.24780899317262614 0.00050089772439198567 0.0021000762133273404
332 0.24457687710451342 0.00049428791953043622 0.0020726853991907919
333 0.241402667882639 0.00048779844034139411 0.0020457853210393137
334 0.23828505755128124 0.00048142651253813381 0.0020193648945023832
335 0.23522277352884807 0.00047516943880894063 0.0019934133349902381
336 0.23221457750157204 0.00046902459633445584 0.0019679201483184072
337 0.22925926435615443 0.00046298943439202666 0.0019428751216623258
338 0.22635566114996875 0.00045706147205281663 0.0019182683148302436
339 0.22350262611724972 0.00045123829595941693 0.0018940900518410993
340 0.22069904770992868 0.00044551755818525359 0.0018703309127960058
341 0.21794384367175113 0.00043989697416931559 0.0018469817260317893
342 0.21523596014443463 0.00043437432072640622 0.0018240335605460563
343 0.21257437080461389 0.00042894743412760962 0.0018014777186831686
344 0.20995807603039299 0.0004236142082488195 0.0017793057290711269
345 0.20738610209641095 0.00041837259278524773 0.0017575093398000928
346 0.20485750039631259 0.0004132205915284245 0.0017360805118331575
347 0.20237134669160228 0.00040815626070354866 0.0017150114126406972
348 0.19992674038588751 0.0004031777073652586 0.001694294410049894
349 0.19752280382356172 0.00039828308784896284 0.0016739220663013704
350 0.19515868161201264 0.00039347060627583546 0.0016538871323051919
